region,cases_distance,deaths_distance,cases_per_100k_distance,deaths_per_100k_distance,is_same_cluster
Brazil.regions.PE:Jaboatão dos Guararapes,1.0,0.0,11.291974482571382,0.0,False
Brazil.regions.RS:Canoas,1.0,0.0,10.999746469437419,0.0,False
United_States_of_America.regions.Virginia:Manassas Park city,0.0,0.0,5.855275448186229,0.0,False
Brazil.regions.MG:Belo Horizonte,0.0,0.0,11.536946070309106,0.0,False
Brazil.regions.PE:Recife,1.0,0.0,11.455227039313995,0.0,False
Albania,1.0,0.0,11.506979361540624,0.0,False
Armenia,0.0,0.0,11.542875968777686,0.0,False
Brazil.regions.AL,0.0,0.0,11.546790047552538,0.0,False
Brazil.regions.SE,0.0,0.0,11.533250953075862,0.0,False
Moldova,0.0,0.0,11.54855215807683,0.0,False
Slovenia,0.0,0.0,11.528383289852059,0.0,False
United_States_of_America.regions.California:Riverside,0.0,0.0,11.536276995774415,0.0,False
United_States_of_America.regions.Nevada:Clark,0.0,0.0,11.53263717187761,0.0,False
Brazil.regions.PB:João Pessoa,0.0,0.0,11.45314677574844,0.0,False
Brazil.regions.RJ:Niterói,0.0,0.0,11.382043762632623,0.0,False
Brazil.regions.SP:Embu das Artes,0.0,0.0,11.211425045730431,0.0,False
Brazil.regions.AC:Cruzeiro do Sul,1.0,0.0,9.313696034454061,0.0,False
Brazil.regions.AM:Itacoatiara,1.0,0.0,9.603141081307173,0.0,False
Brazil.regions.AM:Manacapuru,1.0,0.0,9.522880787030852,0.0,False
Brazil.regions.AM:Parintins,0.0,0.0,10.70165652363185,0.0,False
Brazil.regions.BA:Barreiras,0.0,0.0,10.933414690492606,0.0,False
Brazil.regions.BA:Bom Jesus da Lapa,2.0,0.0,7.238233602861128,0.0,False
Brazil.regions.BA:Campo Alegre de Lourdes,0.0,0.0,8.104290512701054,0.0,False
Brazil.regions.BA:Campo Formoso,0.0,0.0,10.172377842485222,0.0,False
Brazil.regions.CE:Tauá,3.0,0.0,4.780851807161392,0.0,False
Brazil.regions.GO:Formosa,0.0,0.0,10.754500410358547,0.0,False
Brazil.regions.GO:Jataí,0.0,0.0,10.585496765942768,0.0,False
Brazil.regions.GO:Minaçu,0.0,0.0,8.13678139799239,0.0,False
Brazil.regions.GO:Padre Bernardo,0.0,0.0,8.621234445672279,0.0,False
Brazil.regions.GO:Quirinópolis,0.0,0.0,9.579350502600843,0.0,False
Brazil.regions.MA:Arame,0.0,0.0,8.51874341981678,0.0,False
Brazil.regions.MA:Açailândia,0.0,0.0,10.687430208863088,0.0,False
Brazil.regions.MA:Barra do Corda,2.0,0.0,8.175856041183572,0.0,False
Brazil.regions.MA:Parnarama,3.0,0.0,0.11773419734624646,0.0,False
Brazil.regions.MA:Santa Luzia,0.0,0.0,10.200613401792715,0.0,False
Brazil.regions.MA:Tuntum,0.0,0.0,9.18623943950534,0.0,False
Brazil.regions.MG:Diamantina,0.0,0.0,9.481328192484494,0.0,False
Brazil.regions.MG:Paracatu,0.0,0.0,10.503308763461266,0.0,False
Brazil.regions.MG:São Francisco,0.0,1.0,9.801280270627725,1.7754736075848232,False
Brazil.regions.MG:Três Marias,0.0,0.0,8.486136991081876,0.0,False
Brazil.regions.MG:Unaí,0.0,0.0,10.391610831446803,0.0,False
Brazil.regions.MS:Naviraí,0.0,0.0,9.7545300362358,0.0,False
Brazil.regions.MS:Nova Andradina,1.0,0.0,7.898525313089511,0.0,False
Brazil.regions.MS:Ponta Porã,0.0,0.0,10.495976583181962,0.0,False
Brazil.regions.MS:Sidrolândia,0.0,0.0,9.842599711907164,0.0,False
Brazil.regions.MS:Três Lagoas,0.0,0.0,10.752949218773395,0.0,False
Brazil.regions.MT:Lucas do Rio Verde,0.0,0.0,10.05082840441269,0.0,False
Brazil.regions.MT:Primavera do Leste,0.0,0.0,9.964344777775585,0.0,False
Brazil.regions.MT:Sorriso,3.0,0.0,7.147712654911363,0.0,False
Brazil.regions.PA:Acará,0.0,0.0,9.7779015460005,0.0,False
Brazil.regions.PA:Baião,0.0,0.0,9.469094644557446,0.0,False
Brazil.regions.PA:Breu Branco,0.0,0.0,10.062657642255791,0.0,False
Brazil.regions.PA:Breves,2.0,0.0,8.655652817852863,0.0,False
Brazil.regions.PA:Canaã dos Carajás,0.0,1.0,8.880245856101183,2.6965080221113658,False
Brazil.regions.PA:Dom Eliseu,0.0,0.0,9.90224492796221,0.0,False
Brazil.regions.PA:Eldorado do Carajás,0.0,0.0,8.618874086447285,0.0,False
Brazil.regions.PA:Ipixuna do Pará,1.0,0.0,8.454339627513908,0.0,False
Brazil.regions.PA:Moju,0.0,0.0,10.35863805976053,0.0,False
Brazil.regions.PA:Muaná,0.0,0.0,9.098377710277779,0.0,False
Brazil.regions.PA:Tomé-Açu,0.0,0.0,10.00063522800056,0.0,False
Brazil.regions.PA:Ulianópolis,1.0,0.0,8.198946075476524,0.0,False
Brazil.regions.PA:Viseu,0.0,1.0,9.948168955651761,1.628584922560787,False
Brazil.regions.PA:Xinguara,0.0,0.0,9.342166941607779,0.0,False
Brazil.regions.PI:Floriano,0.0,0.0,9.908279697850489,0.0,False
Brazil.regions.RO:Buritis,0.0,0.0,9.054940189807848,0.0,False
Brazil.regions.RO:Ji-Paraná,0.0,0.0,10.801373748103762,0.0,False
Brazil.regions.RS:Alegrete,0.0,0.0,10.217855129758295,0.0,False
Brazil.regions.RS:Caçapava do Sul,0.0,0.0,8.602687734981522,0.0,False
Brazil.regions.RS:Itaqui,0.0,0.0,8.918593325315154,0.0,False
Brazil.regions.RS:Sant'Ana do Livramento,1.0,0.0,8.9802617390925,0.0,False
Brazil.regions.RS:São Borja,1.0,0.0,8.259013922670263,0.0,False
Brazil.regions.RS:São Gabriel,0.0,0.0,9.966577563906132,0.0,False
Brazil.regions.RS:Uruguaiana,0.0,0.0,10.78916625908992,0.0,False
Brazil.regions.TO:Porto Nacional,0.0,0.0,9.690317356801494,0.0,False
Sweden.regions.Kalmar,1.0,0.0,10.759326322729653,0.0,False
United_States_of_America.regions.California:Del Norte,0.0,0.0,7.981183620769718,0.0,False
United_States_of_America.regions.California:Humboldt,0.0,0.0,10.83906226281545,0.0,False
United_States_of_America.regions.California:Imperial,3.0,0.0,9.369431084845553,0.0,False
United_States_of_America.regions.California:Mendocino,0.0,0.0,10.424002837854735,0.0,False
United_States_of_America.regions.California:San Benito,0.0,0.0,9.984600012462963,0.0,False
United_States_of_America.regions.California:Shasta,0.0,0.0,11.021445126546622,0.0,False
United_States_of_America.regions.California:Tehama,0.0,0.0,10.04027793942575,0.0,False
United_States_of_America.regions.Colorado:Delta,0.0,0.0,8.367717231014037,0.0,False
United_States_of_America.regions.Colorado:Eagle,0.0,0.0,9.762760735106628,0.0,False
United_States_of_America.regions.Colorado:Fremont,0.0,0.0,9.486409180371874,0.0,False
United_States_of_America.regions.Colorado:Garfield,0.0,0.0,9.911779935054758,0.0,False
United_States_of_America.regions.Colorado:La Plata,0.0,0.0,9.798059084452209,0.0,False
United_States_of_America.regions.Colorado:Mesa,0.0,0.0,10.928287501194196,0.0,False
United_States_of_America.regions.Hawaii:Hawaii,0.0,0.0,11.080507978444295,0.0,False
United_States_of_America.regions.Idaho:Jefferson,1.0,0.0,4.881296745876838,0.0,False
United_States_of_America.regions.Idaho:Twin Falls,0.0,0.0,10.42571448964467,0.0,False
United_States_of_America.regions.Kansas:Butler,0.0,0.0,10.082231303449056,0.0,False
United_States_of_America.regions.Kansas:Cowley,0.0,0.0,8.712081023852516,0.0,False
United_States_of_America.regions.Kansas:Finney,0.0,0.0,8.834548596725176,0.0,False
United_States_of_America.regions.Kansas:Ford,0.0,0.0,8.602245415735972,0.0,False
United_States_of_America.regions.Louisiana:Beauregard,0.0,0.0,8.909873861144515,0.0,False
United_States_of_America.regions.Louisiana:Natchitoches,1.0,0.0,6.335389026805242,0.0,False
United_States_of_America.regions.Louisiana:Vernon,1.0,0.0,7.359924512212843,0.0,False
United_States_of_America.regions.Maine:Hancock,0.0,0.0,9.758142206362837,0.0,False
United_States_of_America.regions.Maine:Oxford,0.0,0.0,9.851872463809789,0.0,False
United_States_of_America.regions.Maine:Penobscot,0.0,0.0,10.91949909997031,0.0,False
United_States_of_America.regions.Michigan:Delta,0.0,0.0,8.782208830146374,0.0,False
United_States_of_America.regions.Michigan:Marquette,0.0,0.0,10.077481025546092,0.0,False
United_States_of_America.regions.Minnesota:Becker,0.0,0.0,8.671719453554616,0.0,False
United_States_of_America.regions.Minnesota:Morrison,0.0,0.0,8.581486400826817,0.0,False
United_States_of_America.regions.Minnesota:Otter Tail,0.0,0.0,9.874510321204411,0.0,False
United_States_of_America.regions.Montana:Cascade,2.0,0.0,7.889710149873929,0.0,False
United_States_of_America.regions.Montana:Gallatin,0.0,0.0,10.702887719553408,0.0,False
United_States_of_America.regions.Montana:Missoula,1.0,0.0,9.904513075536963,0.0,False
United_States_of_America.regions.Nevada:Lyon,0.0,0.0,9.837925848304707,0.0,False
United_States_of_America.regions.New Mexico:Curry,0.0,0.0,9.5340198830334,0.0,False
United_States_of_America.regions.New Mexico:Doña Ana,0.0,0.0,11.118448234178542,0.0,False
United_States_of_America.regions.New Mexico:Sandoval,1.0,0.0,10.213873293809353,0.0,False
United_States_of_America.regions.New York:Delaware,0.0,0.0,9.310978416560797,0.0,False
United_States_of_America.regions.New York:Franklin,0.0,0.0,9.57763349118284,0.0,False
United_States_of_America.regions.New York:Herkimer,0.0,0.0,9.945937981019183,0.0,False
United_States_of_America.regions.New York:St. Lawrence,0.0,0.0,10.648593492097827,0.0,False
United_States_of_America.regions.North Dakota:Grand Forks,1.0,0.0,8.697025724550254,0.0,False
United_States_of_America.regions.North Dakota:Ward,0.0,0.0,10.098360596031622,0.0,False
United_States_of_America.regions.Oklahoma:Le Flore,0.0,0.0,9.570856540038315,0.0,False
United_States_of_America.regions.Oklahoma:Pittsburg,1.0,0.0,6.995272227046561,0.0,False
United_States_of_America.regions.Oregon:Coos,0.0,0.0,10.026053737098835,0.0,False
United_States_of_America.regions.Oregon:Linn,1.0,0.0,10.035316179270746,0.0,False
United_States_of_America.regions.Oregon:Umatilla,0.0,0.0,10.293880241265787,0.0,False
United_States_of_America.regions.South Dakota:Pennington,0.0,0.0,10.697826170016548,0.0,False
United_States_of_America.regions.Texas:Maverick,0.0,0.0,9.87381460502703,0.0,False
United_States_of_America.regions.Utah:Wasatch,0.0,0.0,8.643428367080578,0.0,False
United_States_of_America.regions.Washington:Chelan,0.0,0.0,10.281417090647782,0.0,False
United_States_of_America.regions.Washington:Clallam,0.0,0.0,10.283611412707124,0.0,False
United_States_of_America.regions.Washington:Grant,0.0,0.0,10.553558028294916,0.0,False
United_States_of_America.regions.Washington:Grays Harbor,0.0,0.0,10.244504108025634,0.0,False
United_States_of_America.regions.Washington:Lewis,0.0,0.0,10.337703981673215,0.0,False
United_States_of_America.regions.Washington:Yakima,1.0,0.0,10.779537756908143,0.0,False
United_States_of_America.regions.West Virginia:Randolph,0.0,0.0,8.091826190462069,0.0,False
United_States_of_America.regions.Wisconsin:Clark,0.0,0.0,8.70104213955723,0.0,False
United_States_of_America.regions.Wisconsin:Douglas,0.0,0.0,9.259256775083927,0.0,False
United_States_of_America.regions.Wisconsin:Marinette,0.0,0.0,9.09843913223981,0.0,False
United_States_of_America.regions.Wisconsin:Oneida,0.0,0.0,8.767370537855756,0.0,False
United_States_of_America.regions.Wyoming:Laramie,1.0,0.0,9.566703626956267,0.0,False
Brazil.regions.AL:Canapi,0.0,0.0,5.934049894463535,0.0,True
Brazil.regions.AL:Maravilha,0.0,0.0,0.6632975866049957,0.0,True
Brazil.regions.AL:Olho d'Água do Casado,0.0,0.0,0.9078111704348881,0.0,True
Brazil.regions.BA:Adustina,0.0,0.0,5.708209277273581,0.0,True
Brazil.regions.BA:Aiquara,0.0,0.0,10.915373877073103,0.0,True
Brazil.regions.BA:Araças,0.0,0.0,3.3645505440579946,0.0,True
Brazil.regions.BA:Aurelino Leal,0.0,0.0,2.904479140548858,0.0,True
Brazil.regions.BA:Barra do Rocha,0.0,0.0,5.92412116553964,0.0,True
Brazil.regions.BA:Barro Preto,0.0,0.0,6.309134156128357,0.0,True
Brazil.regions.BA:Caldeirão Grande,0.0,0.0,4.0731896852208775,0.0,True
Brazil.regions.BA:Conde,0.0,0.0,7.706335485984348,0.0,True
Brazil.regions.BA:Cravolândia,1.0,0.0,25.813412508027866,0.0,True
Brazil.regions.BA:Dário Meira,0.0,0.0,2.239685717614977,0.0,True
Brazil.regions.BA:Itaberaba,0.0,0.0,10.026101829025865,0.0,True
Brazil.regions.BA:Itamaraju,0.0,0.0,10.02602969001666,0.0,True
Brazil.regions.BA:Itatim,0.0,0.0,4.674013490278538,0.0,True
Brazil.regions.BA:Juazeiro,0.0,0.0,11.115301317843016,0.0,True
Brazil.regions.BA:Nordestina,0.0,0.0,3.960607648204933,0.0,True
Brazil.regions.BA:Ponto Novo,1.0,0.0,1.833464708350414,0.0,True
Brazil.regions.CE:Antonina do Norte,0.0,0.0,2.0231373226578455,0.0,True
Brazil.regions.CE:Apuiarés,0.0,0.0,4.727438809719398,0.0,True
Brazil.regions.CE:Aurora,0.0,1.0,7.520616943029616,4.056136935182932,True
Brazil.regions.CE:Caridade,1.0,0.0,2.706394185126994,0.0,True
Brazil.regions.CE:Croatá,0.0,0.0,6.040574948909553,0.0,True
Brazil.regions.CE:Ibicuitinga,0.0,0.0,3.592721942084803,0.0,True
Brazil.regions.CE:Itatira,0.0,0.0,6.95717610762078,0.0,True
Brazil.regions.CE:Jucás,3.0,0.0,4.530844881502345,0.0,True
Brazil.regions.CE:Milhã,1.0,0.0,3.6265908576293366,0.0,True
Brazil.regions.CE:Pentecoste,1.0,0.0,6.278880974183516,0.0,True
Brazil.regions.CE:Piquet Carneiro,0.0,0.0,5.680179787759101,0.0,True
Brazil.regions.CE:Quixelô,0.0,0.0,5.395520103951205,0.0,True
Brazil.regions.CE:São João do Jaguaribe,0.0,0.0,1.5036908569084453,0.0,True
Brazil.regions.CE:Tejuçuoca,0.0,0.0,6.364891679849073,0.0,True
Brazil.regions.ES:Conceição da Barra,0.0,0.0,8.357489801980375,0.0,True
Brazil.regions.ES:Domingos Martins,2.0,0.0,2.714124631536034,0.0,True
Brazil.regions.ES:Ibitirama,0.0,0.0,0.32689450145475796,0.0,True
Brazil.regions.ES:Muniz Freire,0.0,0.0,5.851016689549508,0.0,True
Brazil.regions.ES:Pancas,0.0,0.0,7.263434347501713,0.0,True
Brazil.regions.ES:Pinheiros,2.0,0.0,0.48495072074591583,0.0,True
Brazil.regions.ES:Rio Bananal,0.0,0.0,6.352366437639955,0.0,True
Brazil.regions.GO:Campos Belos,0.0,1.0,6.548343358777742,5.028410519434806,True
Brazil.regions.GO:Catalão,0.0,0.0,10.657830488855518,0.0,True
Brazil.regions.GO:Guapó,0.0,0.0,4.538960930081082,0.0,True
Brazil.regions.GO:Jaraguá,0.0,0.0,9.59698709473964,0.0,True
Brazil.regions.GO:Rio Verde,0.0,0.0,11.152390317462782,0.0,True
Brazil.regions.MA:Anajatuba,0.0,1.0,7.845828235560607,3.730925642651942,True
Brazil.regions.MA:Anapurus,0.0,0.0,5.2202829908492125,0.0,True
Brazil.regions.MA:Arari,0.0,0.0,8.226445649855538,0.0,True
Brazil.regions.MA:Bequimão,1.0,0.0,2.1782576376110434,0.0,True
Brazil.regions.MA:Buriticupu,0.0,0.0,10.194736685918675,0.0,True
Brazil.regions.MA:Cajari,1.0,0.0,1.2563039065937858,0.0,True
Brazil.regions.MA:Cantanhede,0.0,0.0,7.030266040067515,0.0,True
Brazil.regions.MA:Caxias,0.0,0.0,10.970252180007794,0.0,True
Brazil.regions.MA:Central do Maranhão,0.0,0.0,0.04671813510174516,0.0,True
Brazil.regions.MA:Codó,0.0,0.0,10.762812693602548,0.0,True
Brazil.regions.MA:Coroatá,0.0,0.0,10.045266497668564,0.0,True
Brazil.regions.MA:Governador Edison Lobão,0.0,0.0,6.111078320713641,0.0,True
Brazil.regions.MA:Lago Verde,1.0,0.0,0.7256389371900482,0.0,True
Brazil.regions.MA:Monção,0.0,0.0,8.585786599394577,0.0,True
Brazil.regions.MA:Nina Rodrigues,0.0,0.0,4.658253809027548,0.0,True
Brazil.regions.MA:Olho d'Água das Cunhãs,0.0,0.0,6.4498633373255965,0.0,True
Brazil.regions.MA:Peritoró,0.0,0.0,7.265665759571403,0.0,True
Brazil.regions.MA:Pirapemas,0.0,0.0,6.207626361434024,0.0,True
Brazil.regions.MA:Presidente Sarney,0.0,0.0,6.290782845333808,0.0,True
Brazil.regions.MA:Senador Alexandre Costa,0.0,0.0,2.6008989280285437,0.0,True
Brazil.regions.MA:São Bernardo,13.0,0.0,37.53399085115217,0.0,True
Brazil.regions.MA:Vargem Grande,0.0,0.0,9.807155577026917,0.0,True
Brazil.regions.MA:Vitorino Freire,0.0,0.0,8.404466976585166,0.0,True
Brazil.regions.MA:Água Doce do Maranhão,0.0,0.0,3.6219372367361347,0.0,True
Brazil.regions.MG:Cana Verde,3.0,0.0,59.81357273253169,0.0,True
Brazil.regions.MG:Capinópolis,0.0,0.0,5.393609130794011,0.0,True
Brazil.regions.MG:Cruzília,0.0,0.0,5.090407637050195,0.0,True
Brazil.regions.MG:Divinésia,0.0,0.0,17.688683640078352,0.0,True
Brazil.regions.MG:Divisa Nova,0.0,0.0,5.059413148904406,0.0,True
Brazil.regions.MG:Goianá,0.0,0.0,13.637567856532788,0.0,True
Brazil.regions.MG:Inhapim,0.0,0.0,7.434251806961512,0.0,True
Brazil.regions.MG:Itaipé,0.0,0.0,3.7397632826012623,0.0,True
Brazil.regions.MG:Itumirim,0.0,0.0,5.0262678717459455,0.0,True
Brazil.regions.MG:Lagoa Dourada,0.0,0.0,3.8897679453968053,0.0,True
Brazil.regions.MG:Malacacheta,0.0,0.0,6.214823583306382,0.0,True
Brazil.regions.MG:Nanuque,1.0,0.0,6.668778418089849,0.0,True
Brazil.regions.MG:Piranga,0.0,0.0,5.9033169100972644,0.0,True
Brazil.regions.MG:Piranguçu,1.0,0.0,24.972953724126633,0.0,True
Brazil.regions.MG:Poté,0.0,0.0,5.536282721462321,0.0,True
Brazil.regions.MG:Sobrália,0.0,0.0,6.431529932340309,0.0,True
Brazil.regions.MG:São Francisco do Glória,0.0,0.0,9.067341910391908,0.0,True
Brazil.regions.MG:São Geraldo da Piedade,0.0,0.0,13.663024011742019,0.0,True
Brazil.regions.MG:Tombos,0.0,0.0,0.8889653937894462,0.0,True
Brazil.regions.PA:Bonito,0.0,0.0,5.436510724583665,0.0,True
Brazil.regions.PA:Jacundá,0.0,0.0,9.886279700205616,0.0,True
Brazil.regions.PA:Magalhães Barata,0.0,0.0,0.12188907920439185,0.0,True
Brazil.regions.PA:Parauapebas,0.0,0.0,11.09661482994417,0.0,True
Brazil.regions.PA:Salvaterra,0.0,0.0,7.366582103204128,0.0,True
Brazil.regions.PA:Santarém Novo,1.0,0.0,18.233948163820543,0.0,True
Brazil.regions.PB:Cuité,0.0,0.0,6.6598495611705575,0.0,True
Brazil.regions.PB:Lastro,0.0,0.0,24.95959979369099,0.0,True
Brazil.regions.PB:Piancó,0.0,0.0,5.355914064837743,0.0,True
Brazil.regions.PB:Picuí,0.0,0.0,6.2300180604293045,0.0,True
Brazil.regions.PB:Pocinhos,0.0,0.0,6.189983785560103,0.0,True
Brazil.regions.PB:Santa Helena,0.0,0.0,5.404057804585891,0.0,True
Brazil.regions.PB:Soledade,1.0,0.0,1.7663644085310626,0.0,True
Brazil.regions.PB:São José de Piranhas,0.0,0.0,6.638726126496583,0.0,True
Brazil.regions.PB:São José do Bonfim,0.0,0.0,16.536824980376153,0.0,True
Brazil.regions.PE:Custódia,0.0,0.0,8.882135032048339,0.0,True
Brazil.regions.PE:Orocó,0.0,0.0,4.906084810105017,0.0,True
Brazil.regions.PE:Ouricuri,0.0,0.0,10.137055638963496,0.0,True
Brazil.regions.PE:Serra Talhada,0.0,0.0,10.418676287013938,0.0,True
Brazil.regions.PE:Tupanatinga,0.0,0.0,7.914286840415889,0.0,True
Brazil.regions.PI:Anísio de Abreu,0.0,0.0,1.4552963883340055,0.0,True
Brazil.regions.PI:Barras,0.0,0.0,9.452077891300553,0.0,True
Brazil.regions.PI:Buriti dos Lopes,0.0,1.0,6.521397728371792,5.055356149840756,True
Brazil.regions.PI:Campo Maior,0.0,0.0,9.441507364002483,0.0,True
Brazil.regions.PI:Luís Correia,1.0,0.0,4.9784892218171795,0.0,True
Brazil.regions.PI:São Pedro do Piauí,0.0,0.0,4.5793429202669875,0.0,True
Brazil.regions.PR:Alvorada do Sul,0.0,0.0,2.8094384302027287,0.0,True
Brazil.regions.PR:Anahy,0.0,0.0,24.124781287799593,0.0,True
Brazil.regions.PR:Araruna,0.0,0.0,4.41855774363846,0.0,True
Brazil.regions.PR:Boa Vista da Aparecida,0.0,0.0,1.5967410499919037,0.0,True
Brazil.regions.PR:Campo do Tenente,0.0,0.0,0.9687234772008271,0.0,True
Brazil.regions.PR:Castro,0.0,0.0,10.177839435819845,0.0,True
Brazil.regions.PR:Centenário do Sul,0.0,0.0,2.3405850410462055,0.0,True
Brazil.regions.PR:Cruzeiro do Iguaçu,1.0,0.0,35.45993473890881,0.0,True
Brazil.regions.PR:Guaraci,0.0,0.0,6.598455136691124,0.0,True
Brazil.regions.PR:Guaratuba,0.0,0.0,8.878936412542275,0.0,True
Brazil.regions.PR:Jaguapitã,0.0,0.0,4.23460997219199,0.0,True
Brazil.regions.PR:Mariópolis,0.0,0.0,3.5518391626346517,0.0,True
Brazil.regions.PR:Nova Fátima,0.0,0.0,0.6886698921787175,0.0,True
Brazil.regions.PR:Pinhal de São Bento,0.0,0.0,25.03987006905951,0.0,True
Brazil.regions.PR:Primeiro de Maio,0.0,1.0,2.5863735851261502,8.990380293086398,True
Brazil.regions.PR:Santa Mariana,0.0,0.0,3.0472417663053477,0.0,True
Brazil.regions.PR:São João,0.0,0.0,1.8120824594057918,0.0,True
Brazil.regions.PR:São João do Ivaí,0.0,0.0,1.791060561841082,0.0,True
Brazil.regions.PR:Tamboara,0.0,0.0,7.954496121787452,0.0,True
Brazil.regions.PR:Tupãssi,0.0,0.0,0.7324534088381665,0.0,True
Brazil.regions.RJ:Cambuci,0.0,0.0,5.127221469312194,0.0,True
Brazil.regions.RJ:Cantagalo,0.0,0.0,6.619387231375348,0.0,True
Brazil.regions.RJ:Laje do Muriaé,0.0,0.0,2.01943918772899,0.0,True
Brazil.regions.RJ:São José de Ubá,0.0,0.0,2.368302599266187,0.0,True
Brazil.regions.RN:Antônio Martins,0.0,0.0,2.419047381409566,0.0,True
Brazil.regions.RN:Barcelona,0.0,0.0,13.435752374914012,0.0,True
Brazil.regions.RN:Caiçara do Norte,2.0,0.0,34.23176650657902,0.0,True
Brazil.regions.RN:Cerro Corá,0.0,1.0,2.6314099297377282,8.94534394847482,True
Brazil.regions.RN:Riacho da Cruz,0.0,0.0,16.36401169876426,0.0,True
Brazil.regions.RN:Rodolfo Fernandes,0.0,0.0,10.809635197229584,0.0,True
Brazil.regions.RS:Bagé,1.0,0.0,9.92581242885105,0.0,True
Brazil.regions.RS:Butiá,0.0,0.0,6.80143273786586,0.0,True
Brazil.regions.RS:Pinto Bandeira,0.0,0.0,21.72327942182075,0.0,True
Brazil.regions.RS:São Jerônimo,0.0,0.0,7.452702410050225,0.0,True
Brazil.regions.RS:São José das Missões,0.0,0.0,27.839879941259262,0.0,True
Brazil.regions.RS:Tio Hugo,0.0,0.0,21.426546451820457,0.0,True
Brazil.regions.SC:Aurora,0.0,0.0,6.031980053817739,0.0,True
Brazil.regions.SC:Caxambu do Sul,1.0,0.0,43.3381280547913,0.0,True
Brazil.regions.SC:Ipira,1.0,0.0,33.40750163235875,0.0,True
Brazil.regions.SC:Ipuaçu,0.0,0.0,1.7317369389287887,0.0,True
Brazil.regions.SC:Papanduva,1.0,0.0,1.2247870045065437,0.0,True
Brazil.regions.SC:Peritiba,0.0,0.0,24.30412161514949,0.0,True
Brazil.regions.SC:Piratuba,0.0,0.0,14.370314103105562,0.0,True
Brazil.regions.SC:Praia Grande,0.0,0.0,2.0863148470231394,0.0,True
Brazil.regions.SC:Santa Helena,0.0,0.0,33.40750163235875,0.0,True
Brazil.regions.SC:São Domingos,0.0,0.0,0.9891413848298072,0.0,True
Brazil.regions.SC:Taió,0.0,0.0,6.140494024991565,0.0,True
Brazil.regions.SC:Tigrinhos,0.0,0.0,49.66023326202015,0.0,True
Brazil.regions.SE:Itabi,0.0,0.0,8.81892223845072,0.0,True
Brazil.regions.SE:Nossa Senhora Aparecida,0.0,0.0,0.20794987639354012,0.0,True
Brazil.regions.SE:Poço Redondo,0.0,0.0,8.701124834359206,0.0,True
Brazil.regions.SP:Borborema,0.0,0.0,5.344671116153467,0.0,True
Brazil.regions.SP:Brejo Alegre,0.0,0.0,23.327260083393035,0.0,True
Brazil.regions.SP:Estrela d'Oeste,0.0,0.0,0.30114135875146175,0.0,True
Brazil.regions.SP:Flórida Paulista,0.0,0.0,4.746152785316373,0.0,True
Brazil.regions.SP:Gastão Vidigal,0.0,0.0,9.221915006978799,0.0,True
Brazil.regions.SP:Guaimbê,1.0,0.0,23.11535366732084,0.0,True
Brazil.regions.SP:Herculândia,0.0,0.0,1.079168322890272,0.0,True
Brazil.regions.SP:Jacupiranga,0.0,0.0,5.979530101205944,0.0,True
Brazil.regions.SP:Marapoama,0.0,0.0,21.415657867086033,0.0,True
Brazil.regions.SP:Mendonça,2.0,0.0,43.06805486495685,0.0,True
Brazil.regions.SP:Miguelópolis,0.0,0.0,7.077518748184652,0.0,True
Brazil.regions.SP:Nhandeara,0.0,0.0,2.86443465883635,0.0,True
Brazil.regions.SP:Pereira Barreto,0.0,0.0,7.681004141175655,0.0,True
Brazil.regions.SP:Rinópolis,0.0,0.0,1.55771770949198,0.0,True
Brazil.regions.SP:Sarapuí,0.0,0.0,1.8538564547803666,0.0,True
Brazil.regions.SP:Sarutaiá,0.0,0.0,15.910876688032642,0.0,True
Brazil.regions.SP:Trabiju,0.0,0.0,46.42788649301715,0.0,True
Brazil.regions.TO:Aguiarnópolis,0.0,0.0,3.2754665287382903,0.0,True
Brazil.regions.TO:Praia Norte,3.0,0.0,35.86157629256544,0.0,True
Brazil.regions.TO:Sítio Novo do Tocantins,0.0,0.0,0.5013302432585114,0.0,True
Sweden.regions.Kronoberg,0.0,0.0,11.076468715669899,0.0,True
United_States_of_America.regions.Arkansas:Jefferson,0.0,0.0,10.08028554348251,0.0,True
United_States_of_America.regions.Arkansas:Miller,0.0,0.0,9.264989308316347,0.0,True
United_States_of_America.regions.Arkansas:White,3.0,0.0,6.497582291098407,0.0,True
United_States_of_America.regions.California:Madera,0.0,0.0,10.941135071523295,0.0,True
United_States_of_America.regions.Colorado:Pueblo,0.0,0.0,10.983014268655715,0.0,True
United_States_of_America.regions.Florida:Monroe,0.0,0.0,10.22955336088755,0.0,True
United_States_of_America.regions.Florida:Walton,0.0,0.0,10.226697850887414,0.0,True
United_States_of_America.regions.Georgia:Ben Hill,0.0,0.0,5.58872992611674,0.0,True
United_States_of_America.regions.Georgia:Cook,0.0,0.0,5.786365922219496,0.0,True
United_States_of_America.regions.Georgia:Fannin,0.0,0.0,7.758211034161838,0.0,True
United_States_of_America.regions.Georgia:Gilmer,0.0,0.0,8.38889325147915,0.0,True
United_States_of_America.regions.Georgia:Jones,0.0,0.0,8.09667731652819,0.0,True
United_States_of_America.regions.Georgia:Monroe,0.0,0.0,7.9506751197819145,0.0,True
United_States_of_America.regions.Georgia:Toombs,0.0,0.0,7.849582801060107,0.0,True
United_States_of_America.regions.Georgia:Towns,0.0,0.0,3.26903600831141,0.0,True
United_States_of_America.regions.Idaho:Bannock,1.0,0.0,9.299057085209633,0.0,True
United_States_of_America.regions.Illinois:Adams,0.0,0.0,10.048519752744527,0.0,True
United_States_of_America.regions.Illinois:Effingham,0.0,0.0,8.636269286351808,0.0,True
United_States_of_America.regions.Illinois:Knox,0.0,0.0,9.56464095843549,0.0,True
United_States_of_America.regions.Illinois:Woodford,0.0,0.0,8.9765822668862,0.0,True
United_States_of_America.regions.Indiana:Blackford,0.0,0.0,3.0719061149875095,0.0,True
United_States_of_America.regions.Indiana:Clay,0.0,0.0,7.763598492130566,0.0,True
United_States_of_America.regions.Indiana:Decatur,5.0,0.0,11.014458140312245,0.0,True
United_States_of_America.regions.Indiana:Gibson,1.0,0.0,5.634806702122944,0.0,True
United_States_of_America.regions.Indiana:Jennings,0.0,0.0,7.971201327284119,0.0,True
United_States_of_America.regions.Indiana:Knox,1.0,0.0,6.111377040479586,0.0,True
United_States_of_America.regions.Indiana:Ohio,0.0,0.0,5.4445227175321325,0.0,True
United_States_of_America.regions.Indiana:Starke,0.0,0.0,7.227982406153405,0.0,True
United_States_of_America.regions.Iowa:Marshall,0.0,0.0,9.036684280305565,0.0,True
United_States_of_America.regions.Kansas:Saline,0.0,0.0,9.732552048764333,0.0,True
United_States_of_America.regions.Kentucky:Bell,0.0,0.0,7.73532794090462,0.0,True
United_States_of_America.regions.Kentucky:Bourbon,0.0,0.0,6.523186059332419,0.0,True
United_States_of_America.regions.Kentucky:Garrard,0.0,0.0,5.916162912515729,0.0,True
United_States_of_America.regions.Kentucky:Lincoln,0.0,0.0,7.503268196514719,0.0,True
United_States_of_America.regions.Kentucky:Mason,0.0,0.0,5.7185230639184645,0.0,True
United_States_of_America.regions.Kentucky:Pike,0.0,0.0,9.848921961701386,0.0,True
United_States_of_America.regions.Kentucky:Powell,0.0,0.0,3.4854843580248307,0.0,True
United_States_of_America.regions.Kentucky:Russell,0.0,0.0,5.997330790559811,0.0,True
United_States_of_America.regions.Louisiana:St. Martin,0.0,0.0,9.705181195687421,0.0,True
United_States_of_America.regions.Louisiana:Washington,0.0,0.0,9.411970573021398,0.0,True
United_States_of_America.regions.Maryland:Kent,0.0,0.0,6.427953548689327,0.0,True
United_States_of_America.regions.Michigan:Emmet,0.0,0.0,8.584085914723097,0.0,True
United_States_of_America.regions.Michigan:Gratiot,0.0,0.0,9.120415296502445,0.0,True
United_States_of_America.regions.Minnesota:McLeod,0.0,0.0,8.790695315261555,0.0,True
United_States_of_America.regions.Mississippi:Tate,0.0,0.0,8.045805112279142,0.0,True
United_States_of_America.regions.Mississippi:Union,0.0,0.0,8.106339163654159,0.0,True
United_States_of_America.regions.Missouri:Camden,0.0,0.0,9.417159881883858,0.0,True
United_States_of_America.regions.Missouri:Stone,0.0,0.0,8.447059336399828,0.0,True
United_States_of_America.regions.Montana:Yellowstone,0.0,0.0,10.956791075980682,0.0,True
United_States_of_America.regions.Nebraska:Dakota,1.0,0.0,1.5897370001540239,0.0,True
United_States_of_America.regions.Nebraska:Dodge,0.0,0.0,8.841898141852642,0.0,True
United_States_of_America.regions.Nevada:Douglas,0.0,0.0,9.53197318094233,0.0,True
United_States_of_America.regions.New Mexico:Santa Fe,0.0,0.0,10.911674534246814,0.0,True
United_States_of_America.regions.New Mexico:Valencia,0.0,0.0,10.272768900119496,0.0,True
United_States_of_America.regions.New York:Clinton,0.0,0.0,10.334286337677044,0.0,True
United_States_of_America.regions.New York:Greene,1.0,0.0,7.338388192021143,0.0,True
United_States_of_America.regions.New York:Sullivan,0.0,0.0,10.251056561423917,0.0,True
United_States_of_America.regions.New York:Warren,0.0,0.0,10.012885493375816,0.0,True
United_States_of_America.regions.New York:Washington,0.0,0.0,9.942873739659513,0.0,True
United_States_of_America.regions.New York:Yates,1.0,0.0,3.5488166566816197,0.0,True
United_States_of_America.regions.North Carolina:Avery,0.0,0.0,5.8810199829001375,0.0,True
United_States_of_America.regions.North Carolina:Duplin,0.0,0.0,9.8743654272158,0.0,True
United_States_of_America.regions.North Carolina:Halifax,1.0,0.0,7.577553718244541,0.0,True
United_States_of_America.regions.North Carolina:Hertford,0.0,0.0,7.353245832429721,0.0,True
United_States_of_America.regions.North Carolina:Macon,0.0,0.0,8.787975920713524,0.0,True
United_States_of_America.regions.North Carolina:Mitchell,0.0,0.0,4.894048719164165,0.0,True
United_States_of_America.regions.North Carolina:Pender,0.0,0.0,9.990962568348927,0.0,True
United_States_of_America.regions.Ohio:Carroll,0.0,0.0,7.8612154967010675,0.0,True
United_States_of_America.regions.Ohio:Fayette,0.0,0.0,8.071057120982049,0.0,True
United_States_of_America.regions.Ohio:Putnam,0.0,0.0,8.623503826530673,0.0,True
United_States_of_America.regions.Ohio:Van Wert,0.0,0.0,8.040060686346942,0.0,True
United_States_of_America.regions.Oklahoma:Creek,4.0,0.0,4.585897917808756,0.0,True
United_States_of_America.regions.Oklahoma:McClain,0.0,0.0,9.106031933260233,0.0,True
United_States_of_America.regions.Oregon:Deschutes,0.0,0.0,11.070916515041555,0.0,True
United_States_of_America.regions.Oregon:Jackson,1.0,0.0,10.671547128991026,0.0,True
United_States_of_America.regions.Pennsylvania:Clearfield,0.0,0.0,10.315003830896922,0.0,True
United_States_of_America.regions.Pennsylvania:Somerset,0.0,0.0,10.21522787987361,0.0,True
United_States_of_America.regions.Pennsylvania:Venango,0.0,0.0,9.603121605377623,0.0,True
United_States_of_America.regions.Pennsylvania:Wayne,0.0,0.0,9.629751288699104,0.0,True
United_States_of_America.regions.Pennsylvania:Wyoming,4.0,0.0,7.084140351838956,0.0,True
United_States_of_America.regions.South Carolina:Georgetown,1.0,0.0,8.38594341235422,0.0,True
United_States_of_America.regions.South Carolina:Orangeburg,1.0,0.0,9.25589516048699,0.0,True
United_States_of_America.regions.Tennessee:Claiborne,0.0,0.0,8.447744835376414,0.0,True
United_States_of_America.regions.Tennessee:DeKalb,0.0,0.0,6.6963244004185025,0.0,True
United_States_of_America.regions.Tennessee:Dyer,0.0,0.0,8.885615795917545,0.0,True
United_States_of_America.regions.Tennessee:Lawrence,1.0,0.0,7.045921564316486,0.0,True
United_States_of_America.regions.Tennessee:Monroe,2.0,0.0,5.131378435092986,0.0,True
United_States_of_America.regions.Tennessee:White,0.0,0.0,7.919778197100827,0.0,True
United_States_of_America.regions.Texas:Camp,0.0,0.0,3.939668190111128,0.0,True
United_States_of_America.regions.Texas:Chambers,1.0,0.0,7.014397877573819,0.0,True
United_States_of_America.regions.Texas:Coryell,0.0,0.0,10.260115519270599,0.0,True
United_States_of_America.regions.Texas:Harrison,0.0,0.0,10.074192010227634,0.0,True
United_States_of_America.regions.Texas:Kendall,2.0,0.0,5.2517765427146665,0.0,True
United_States_of_America.regions.Texas:Liberty,0.0,0.0,10.443211217334506,0.0,True
United_States_of_America.regions.Texas:Nacogdoches,0.0,0.0,10.043105635773435,0.0,True
United_States_of_America.regions.Texas:Tom Green,0.0,0.0,10.737827703715904,0.0,True
United_States_of_America.regions.Texas:Upshur,0.0,0.0,9.181716395875949,0.0,True
United_States_of_America.regions.Texas:Wise,0.0,0.0,10.147855844376243,0.0,True
United_States_of_America.regions.Texas:Wood,0.0,0.0,9.380833897536643,0.0,True
United_States_of_America.regions.Utah:Washington,0.0,0.0,11.013551282974989,0.0,True
United_States_of_America.regions.Virginia:Accomack,0.0,0.0,8.482311496729691,0.0,True
United_States_of_America.regions.Virginia:Augusta,0.0,0.0,10.253267285131736,0.0,True
United_States_of_America.regions.Washington:Franklin,0.0,0.0,10.52657639821843,0.0,True
United_States_of_America.regions.Washington:Mason,0.0,0.0,10.079030417872264,0.0,True
United_States_of_America.regions.Washington:Skagit,0.0,0.0,10.802790022324618,0.0,True
United_States_of_America.regions.West Virginia:Logan,0.0,0.0,8.453608245931715,0.0,True
United_States_of_America.regions.West Virginia:Upshur,0.0,0.0,7.440420324274759,0.0,True
United_States_of_America.regions.Wisconsin:Columbia,3.0,0.0,4.62410144130787,0.0,True
United_States_of_America.regions.Wisconsin:Sauk,0.0,0.0,10.024970879547082,0.0,True
Brazil.regions.AL:Inhapi,0.0,0.0,6.13753712542495,0.0,False
Brazil.regions.AL:Jundiá,0.0,0.0,12.490634810114768,0.0,False
Brazil.regions.AL:Major Isidoro,0.0,0.0,6.527268925677707,0.0,False
Brazil.regions.AL:Tanque d'Arca,0.0,0.0,4.651743362942922,0.0,False
Brazil.regions.BA:Canarana,0.0,0.0,7.756460479679541,0.0,False
Brazil.regions.BA:Ibirapitanga,0.0,0.0,7.298679011902387,0.0,False
Brazil.regions.BA:Ibirataia,1.0,0.0,1.484897114472929,0.0,False
Brazil.regions.BA:Itapetinga,0.0,1.0,10.263504505289124,1.3132493729234245,False
Brazil.regions.BA:Ribeira do Pombal,0.0,0.0,9.718259630252245,0.0,False
Brazil.regions.BA:São José da Vitória,0.0,0.0,6.100460192849853,0.0,False
Brazil.regions.BA:Taperoá,0.0,0.0,6.831570239605734,0.0,False
Brazil.regions.CE:Carnaubal,0.0,0.0,5.896872019755204,0.0,False
Brazil.regions.CE:Forquilha,0.0,0.0,7.447593749382752,0.0,False
Brazil.regions.CE:Icapuí,0.0,0.0,6.560199247932624,0.0,False
Brazil.regions.CE:Ipaumirim,0.0,0.0,3.5530035773219115,0.0,False
Brazil.regions.CE:Jardim,0.0,0.0,7.896765654174866,0.0,False
Brazil.regions.CE:Marco,1.0,0.0,4.26707952420502,0.0,False
Brazil.regions.CE:Mauriti,0.0,0.0,9.49176993258893,0.0,False
Brazil.regions.CE:Milagres,0.0,0.0,7.941976326598708,0.0,False
Brazil.regions.CE:Pires Ferreira,0.0,0.0,2.4451677216971603,0.0,False
Brazil.regions.CE:Reriutaba,0.0,0.0,6.168717536208329,0.0,False
Brazil.regions.CE:Russas,0.0,0.0,10.297883376639538,0.0,False
Brazil.regions.CE:Viçosa do Ceará,0.0,0.0,9.934421108746799,0.0,False
Brazil.regions.CE:Várzea Alegre,0.0,0.0,9.121018508256014,0.0,False
Brazil.regions.ES:Barra de São Francisco,0.0,0.0,9.33711222087772,0.0,False
Brazil.regions.ES:Jaguaré,0.0,0.0,8.295591034100594,0.0,False
Brazil.regions.ES:Linhares,0.0,0.0,11.000567654825149,0.0,False
Brazil.regions.ES:Mantenópolis,0.0,0.0,5.062095897756523,0.0,False
Brazil.regions.ES:Muqui,0.0,0.0,5.103843010195201,0.0,False
Brazil.regions.GO:Aragoiânia,0.0,0.0,1.8755509290468524,0.0,False
Brazil.regions.GO:Goianésia,0.0,0.0,10.14989468067816,0.0,False
Brazil.regions.GO:Luziânia,0.0,0.0,11.09667476117406,0.0,False
Brazil.regions.GO:Santo Antônio de Goiás,0.0,0.0,4.339209833390191,0.0,False
Brazil.regions.MA:Itapecuru Mirim,0.0,0.0,10.110542714480747,0.0,False
Brazil.regions.MA:Magalhães de Almeida,0.0,0.0,6.53287210680127,0.0,False
Brazil.regions.MA:Penalva,2.0,0.0,3.778469500775584,0.0,False
Brazil.regions.MA:Viana,0.0,0.0,9.669848975560043,0.0,False
Brazil.regions.MA:Vitória do Mearim,0.0,0.0,8.524623491202416,0.0,False
Brazil.regions.MG:Alpercata,0.0,0.0,1.8930737079943487,0.0,False
Brazil.regions.MG:Alpinópolis,0.0,0.0,6.539731765685475,0.0,False
Brazil.regions.MG:Boa Esperança,0.0,0.0,9.084666256411765,0.0,False
Brazil.regions.MG:Bom Repouso,1.0,0.0,7.385984341186335,0.0,False
Brazil.regions.MG:Botelhos,0.0,0.0,4.89717335586935,0.0,False
Brazil.regions.MG:Cajuri,0.0,0.0,13.504761045288829,0.0,False
Brazil.regions.MG:Campanha,0.0,0.0,5.5761538182065475,0.0,False
Brazil.regions.MG:Carmo do Cajuru,0.0,0.0,7.1279595014886405,0.0,False
Brazil.regions.MG:Carmópolis de Minas,3.0,0.0,9.08974056766707,0.0,False
Brazil.regions.MG:Cipotânea,0.0,0.0,3.1572965122397854,0.0,False
Brazil.regions.MG:Cláudio,0.0,0.0,8.082327488304452,0.0,False
Brazil.regions.MG:Estiva,0.0,0.0,2.7692851447265525,0.0,False
Brazil.regions.MG:Formiga,0.0,0.0,10.099277998006292,0.0,False
Brazil.regions.MG:Igaratinga,0.0,0.0,2.368650747457483,0.0,False
Brazil.regions.MG:Inconfidentes,0.0,0.0,2.069534331394438,0.0,False
Brazil.regions.MG:Itamarati de Minas,1.0,0.0,34.347471150490094,0.0,False
Brazil.regions.MG:Lajinha,0.0,0.0,6.557429479276645,0.0,False
Brazil.regions.MG:Miraí,0.0,0.0,4.916303631775889,0.0,False
Brazil.regions.MG:Oliveira,0.0,0.0,9.177924506945725,0.0,False
Brazil.regions.MG:Patos de Minas,0.0,0.0,10.920964570201425,0.0,False
Brazil.regions.MG:Pitangui,0.0,0.0,8.003921694140235,0.0,False
Brazil.regions.MG:Recreio,0.0,0.0,2.068338930984252,0.0,False
Brazil.regions.MG:Santa Bárbara,0.0,0.0,8.384313576846184,0.0,False
Brazil.regions.MG:São Gonçalo do Sapucaí,0.0,0.0,7.6473263957967355,0.0,False
Brazil.regions.MG:Toledo,0.0,0.0,4.402792302675914,0.0,False
Brazil.regions.MS:Dourados,1.0,0.0,10.679687733040334,0.0,False
Brazil.regions.MT:Rondonópolis,2.0,0.0,10.286381347662978,0.0,False
Brazil.regions.PA:Concórdia do Pará,0.0,0.0,8.575373243120406,0.0,False
Brazil.regions.PA:Igarapé-Açu,0.0,0.0,8.999899187048584,0.0,False
Brazil.regions.PA:Quatipuru,0.0,0.0,4.228135418482977,0.0,False
Brazil.regions.PB:Boqueirão,0.0,0.0,5.960038533346226,0.0,False
Brazil.regions.PB:Itatuba,1.0,0.0,6.668091952840177,0.0,False
Brazil.regions.PB:Mataraca,0.0,0.0,0.2800163375806708,0.0,False
Brazil.regions.PB:Tacima,1.0,0.0,6.753371683147547,0.0,False
Brazil.regions.PE:Buíque,0.0,0.0,9.863779812639901,0.0,False
Brazil.regions.PE:Carnaíba,0.0,1.0,6.461925992170913,5.114827886041635,False
Brazil.regions.PE:Ipubi,0.0,0.0,8.335683028403771,0.0,False
Brazil.regions.PE:Palmeirina,0.0,0.0,1.4220762270779765,0.0,False
Brazil.regions.PE:Terezinha,0.0,0.0,2.372192976299935,0.0,False
Brazil.regions.PE:Tuparetama,0.0,0.0,0.6153943783102509,0.0,False
Brazil.regions.PE:Águas Belas,2.0,0.0,4.671153436254119,0.0,False
Brazil.regions.PI:Matias Olímpio,0.0,0.0,2.432642685820449,0.0,False
Brazil.regions.PI:Piripiri,0.0,0.0,10.007929555160244,0.0,False
Brazil.regions.PI:Porto,0.0,0.0,3.6200384103576795,0.0,False
Brazil.regions.PR:Agudos do Sul,0.0,0.0,0.9055341577985043,0.0,False
Brazil.regions.PR:Capanema,0.0,0.0,6.347722294861784,0.0,False
Brazil.regions.PR:Laranjeiras do Sul,0.0,0.0,8.458866558660276,0.0,False
Brazil.regions.PR:Nova Londrina,0.0,0.0,4.008449935126193,0.0,False
Brazil.regions.PR:Palotina,1.0,0.0,5.296530302253244,0.0,False
Brazil.regions.PR:Realeza,1.0,0.0,0.24218005394677178,0.0,False
Brazil.regions.PR:Uraí,0.0,1.0,2.7381468426813473,8.8386070355312,False
Brazil.regions.PR:Wenceslau Braz,2.0,0.0,3.876012166909529,0.0,False
Brazil.regions.RJ:Paraty,0.0,0.0,9.26006211405177,0.0,False
Brazil.regions.RN:Açu,0.0,0.0,9.853121149874303,0.0,False
Brazil.regions.RN:Encanto,0.0,0.0,6.160032216147153,0.0,False
Brazil.regions.RN:Ielmo Marinho,0.0,0.0,4.312479579215018,0.0,False
Brazil.regions.RN:Itaú,0.0,0.0,5.4358354378813605,0.0,False
Brazil.regions.RN:João Câmara,0.0,0.0,8.71593282256958,0.0,False
Brazil.regions.RN:Pilões,0.0,0.0,14.478483224445084,0.0,False
Brazil.regions.RN:Serra Caiada,0.0,0.0,1.956744258202928,0.0,False
Brazil.regions.RN:Tenente Ananias,0.0,1.0,2.305476296161741,9.271277582050807,False
Brazil.regions.RN:Umarizal,0.0,0.0,2.10257102648351,0.0,False
Brazil.regions.RS:Brochier,0.0,0.0,8.131563031523358,0.0,False
Brazil.regions.RS:Cruz Alta,0.0,0.0,9.918351582983771,0.0,False
Brazil.regions.RS:Muçum,0.0,0.0,8.608954640156446,0.0,False
Brazil.regions.RS:Nova Bassano,0.0,0.0,1.4920423009636572,0.0,False
Brazil.regions.RS:Não-Me-Toque,2.0,0.0,5.445488518519182,0.0,False
Brazil.regions.RS:Paverama,0.0,0.0,0.205972644704854,0.0,False
Brazil.regions.RS:Planalto,0.0,0.0,1.6600541558801396,0.0,False
Brazil.regions.RS:Tabaí,3.0,0.0,73.18696724914496,0.0,False
Brazil.regions.RS:Três Cachoeiras,0.0,0.0,2.5294364078425122,0.0,False
Brazil.regions.RS:Westfália,0.0,0.0,21.601746453572453,0.0,False
Brazil.regions.SC:Armazém,0.0,0.0,0.04804739907950584,0.0,False
Brazil.regions.SC:Canoinhas,0.0,0.0,9.738552374563717,0.0,False
Brazil.regions.SC:Luiz Alves,0.0,0.0,3.8000993949712383,0.0,False
Brazil.regions.SC:Luzerna,0.0,0.0,6.0133956380583395,0.0,False
Brazil.regions.SC:Massaranduba,0.0,1.0,5.665190860950784,5.911563017261764,False
Brazil.regions.SC:Palmitos,0.0,0.0,5.3920795013184915,0.0,False
Brazil.regions.SC:Planalto Alegre,0.0,0.0,23.266451696700344,0.0,False
Brazil.regions.SC:Pouso Redondo,0.0,0.0,5.847079896662098,0.0,False
Brazil.regions.SC:Rio Negrinho,0.0,0.0,9.212799455253823,0.0,False
Brazil.regions.SC:Treze de Maio,1.0,0.0,16.667844342377762,0.0,False
Brazil.regions.SC:Três Barras,0.0,0.0,6.3886864333357645,0.0,False
Brazil.regions.SC:Águas de Chapecó,0.0,0.0,3.841069125179372,0.0,False
Brazil.regions.SE:Itaporanga d'Ajuda,0.0,0.0,8.666054145996924,0.0,False
Brazil.regions.SE:Nossa Senhora da Glória,0.0,0.0,8.868488251519882,0.0,False
Brazil.regions.SE:São Francisco,0.0,0.0,15.276092523506032,0.0,False
Brazil.regions.SE:Tomar do Geru,0.0,0.0,4.189047022420586,0.0,False
Brazil.regions.SP:Bernardino de Campos,0.0,0.0,2.606535004872038,0.0,False
Brazil.regions.SP:Cedral,0.0,0.0,0.7507281122712257,0.0,False
Brazil.regions.SP:Colina,0.0,0.0,6.161982381569707,0.0,False
Brazil.regions.SP:Descalvado,0.0,0.0,8.610978921216285,0.0,False
Brazil.regions.SP:Divinolândia,0.0,0.0,2.6049254195726768,0.0,False
Brazil.regions.SP:Duartina,0.0,0.0,3.54139831372882,0.0,False
Brazil.regions.SP:Guaiçara,1.0,0.0,4.859801019880811,0.0,False
Brazil.regions.SP:Ibirá,0.0,0.0,3.507682628313411,0.0,False
Brazil.regions.SP:Inúbia Paulista,0.0,0.0,13.479622969695244,0.0,False
Brazil.regions.SP:Jaci,0.0,0.0,2.573522052168096,0.0,False
Brazil.regions.SP:Poloni,0.0,0.0,4.927619780807094,0.0,False
Brazil.regions.SP:Salto Grande,0.0,0.0,0.8597889226879527,0.0,False
Brazil.regions.SP:Santa Adélia,0.0,0.0,5.116805557799112,0.0,False
Brazil.regions.SP:São Sebastião da Grama,0.0,0.0,3.3679211742230564,0.0,False
Brazil.regions.SP:Tabatinga,0.0,0.0,5.514678223508377,0.0,False
Brazil.regions.SP:Tarumã,0.0,0.0,4.910087211545881,0.0,False
Brazil.regions.TO:Araguaína,0.0,0.0,11.022645162082444,0.0,False
Brazil.regions.TO:Augustinópolis,0.0,0.0,6.145513382883415,0.0,False
Brazil.regions.TO:Buriti do Tocantins,0.0,0.0,2.764628393545646,0.0,False
Brazil.regions.TO:Gurupi,0.0,0.0,10.422645830617132,0.0,False
Sweden.regions.Sörmland,0.0,0.0,11.237419990633866,0.0,False
Sweden.regions.Västmanland,4.0,0.0,9.751463383230272,0.0,False
United_States_of_America.regions.Alabama:Baldwin,0.0,0.0,11.128793442078267,0.0,False
United_States_of_America.regions.California:Butte,0.0,0.0,11.120520359648406,0.0,False
United_States_of_America.regions.California:El Dorado,1.0,0.0,10.53964078621543,0.0,False
United_States_of_America.regions.California:Merced,0.0,0.0,11.216627113591402,0.0,False
United_States_of_America.regions.California:Monterey,1.0,0.0,11.115989146988134,0.0,False
United_States_of_America.regions.California:Yuba,1.0,0.0,9.034424087192058,0.0,False
United_States_of_America.regions.Colorado:Larimer,0.0,0.0,11.296562563582919,0.0,False
United_States_of_America.regions.Georgia:Bulloch,0.0,0.0,10.32059871792715,0.0,False
United_States_of_America.regions.Georgia:Dawson,0.0,0.0,7.746510274719366,0.0,False
United_States_of_America.regions.Georgia:Hart,0.0,0.0,7.760688241883603,0.0,False
United_States_of_America.regions.Georgia:Liberty,0.0,0.0,9.94901724599964,0.0,False
United_States_of_America.regions.Georgia:Lumpkin,0.0,0.0,8.60144890945325,0.0,False
United_States_of_America.regions.Georgia:Murray,1.0,0.0,6.588725147167057,0.0,False
United_States_of_America.regions.Georgia:White,0.0,0.0,8.329789789635367,0.0,False
United_States_of_America.regions.Hawaii:Kauai,1.0,0.0,8.81023429817022,0.0,False
United_States_of_America.regions.Illinois:Grundy,0.0,0.0,9.618043493130086,0.0,False
United_States_of_America.regions.Indiana:DeKalb,0.0,0.0,9.276581365274078,0.0,False
United_States_of_America.regions.Indiana:Henry,0.0,0.0,9.492204557775626,0.0,False
United_States_of_America.regions.Indiana:Noble,0.0,0.0,9.482249856764827,0.0,False
United_States_of_America.regions.Indiana:Scott,0.0,1.0,7.387921305850465,4.188832572362083,False
United_States_of_America.regions.Iowa:Woodbury,0.0,0.0,10.606887622769174,0.0,False
United_States_of_America.regions.Kansas:Riley,0.0,0.0,10.229625954944954,0.0,False
United_States_of_America.regions.Kentucky:Anderson,0.0,1.0,7.18056976602193,4.396184112190618,False
United_States_of_America.regions.Louisiana:Iberia,0.0,0.0,10.144704615717918,0.0,False
United_States_of_America.regions.Louisiana:St. Bernard,0.0,0.0,9.460082978204081,0.0,False
United_States_of_America.regions.Michigan:Isabella,1.0,0.0,8.714376960420013,0.0,False
United_States_of_America.regions.Michigan:Shiawassee,0.0,0.0,10.108799326085482,0.0,False
United_States_of_America.regions.Michigan:St. Joseph,2.0,0.0,6.655816931817954,0.0,False
United_States_of_America.regions.Michigan:Van Buren,1.0,0.0,8.933942984546045,0.0,False
United_States_of_America.regions.Minnesota:Stearns,1.0,0.0,10.33509626529931,0.0,False
United_States_of_America.regions.Mississippi:Lamar,0.0,0.0,9.998047470243238,0.0,False
United_States_of_America.regions.Mississippi:Lowndes,3.0,0.0,4.7502328439946115,0.0,False
United_States_of_America.regions.New York:Chautauqua,0.0,0.0,10.788750442517568,0.0,False
United_States_of_America.regions.New York:Genesee,0.0,0.0,9.830943822346626,0.0,False
United_States_of_America.regions.New York:Montgomery,0.0,0.0,9.54510072203937,0.0,False
United_States_of_America.regions.New York:Oswego,0.0,0.0,10.722957901299191,0.0,False
United_States_of_America.regions.North Carolina:Rutherford,0.0,0.0,10.084862308891806,0.0,False
United_States_of_America.regions.Ohio:Ashland,0.0,0.0,9.707035831693963,0.0,False
United_States_of_America.regions.Ohio:Athens,0.0,0.0,10.045993243253037,0.0,False
United_States_of_America.regions.Ohio:Belmont,1.0,0.0,8.591946547525744,0.0,False
United_States_of_America.regions.Ohio:Huron,0.0,0.0,9.860487101704807,0.0,False
United_States_of_America.regions.Ohio:Knox,0.0,0.0,9.972184063379904,0.0,False
United_States_of_America.regions.Ohio:Pickaway,0.0,0.0,9.866094761254784,0.0,False
United_States_of_America.regions.Ohio:Scioto,0.0,0.0,10.248979493635975,0.0,False
United_States_of_America.regions.Ohio:Shelby,0.0,0.0,9.518717245160481,0.0,False
United_States_of_America.regions.Oklahoma:Payne,0.0,0.0,10.354020825292661,0.0,False
United_States_of_America.regions.Oklahoma:Washington,0.0,0.0,9.636023775547926,0.0,False
United_States_of_America.regions.Oregon:Polk,0.0,0.0,10.415111315629055,0.0,False
United_States_of_America.regions.Pennsylvania:Snyder,0.0,0.0,9.099789645576067,0.0,False
United_States_of_America.regions.South Carolina:Darlington,0.0,0.0,10.075658078278597,0.0,False
United_States_of_America.regions.South Carolina:Oconee,1.0,0.0,9.062485404624939,0.0,False
United_States_of_America.regions.Tennessee:Hawkins,0.0,0.0,9.815756449268795,0.0,False
United_States_of_America.regions.Tennessee:McMinn,0.0,0.0,9.717810501627799,0.0,False
United_States_of_America.regions.Texas:Hunt,0.0,0.0,10.562493375545042,0.0,False
United_States_of_America.regions.Virginia:Greene,0.0,0.0,6.531090625778016,0.0,False
United_States_of_America.regions.Virginia:Isle of Wight,0.0,0.0,8.881989804807175,0.0,False
United_States_of_America.regions.Virginia:Powhatan,0.0,0.0,8.204300080829572,0.0,False
United_States_of_America.regions.Washington:Benton,0.0,1.0,11.087493151171108,0.4892607270414404,False
United_States_of_America.regions.West Virginia:Raleigh,0.0,0.0,10.213631783366512,0.0,False
United_States_of_America.regions.Wisconsin:St. Croix,1.0,0.0,9.371366115909241,0.0,False
Azerbaijan,0.0,0.0,11.566695877747064,0.0,False
Czechia,2.0,0.0,11.548520430894515,0.0,False
Hungary,1.0,0.0,11.556280503069171,0.0,False
Jordan,0.0,0.0,11.566709694854374,0.0,False
Portugal,1.0,0.0,11.557301959368287,0.0,False
United_Arab_Emirates,0.0,0.0,11.566370696226207,0.0,False
Brazil.regions.AL:Cajueiro,0.0,0.0,6.87396983005604,0.0,False
Brazil.regions.BA:Irecê,0.0,0.0,10.206271331307782,0.0,False
Brazil.regions.CE:Uruburetama,2.0,0.0,2.1532232384922594,0.0,False
Brazil.regions.ES:Cachoeiro de Itapemirim,0.0,0.0,11.098220869005573,0.0,False
Brazil.regions.MG:Raposos,0.0,0.0,5.462041881147609,0.0,False
Brazil.regions.PB:Nova Floresta,0.0,0.0,2.1764906708427407,0.0,False
Brazil.regions.PB:Patos,0.0,0.0,10.647429032712804,0.0,False
Brazil.regions.PB:São Sebastião de Lagoa de Roça,0.0,0.0,3.0011600183377514,0.0,False
Brazil.regions.PE:Arcoverde,0.0,0.0,10.231546850851037,0.0,False
Brazil.regions.PE:João Alfredo,0.0,0.0,8.62009844683652,0.0,False
Brazil.regions.PE:Macaparana,0.0,1.0,7.636022478464755,3.940731399747793,False
Brazil.regions.PR:Apucarana,4.0,0.0,7.872940431888212,0.0,False
Brazil.regions.PR:Paiçandu,0.0,0.0,9.154331940759482,0.0,False
Brazil.regions.RJ:Tanguá,0.0,0.0,8.66206676987363,0.0,False
Brazil.regions.RJ:Teresópolis,0.0,0.0,11.02909075675182,0.0,False
Brazil.regions.RS:Portão,2.0,0.0,3.4859207920991135,0.0,False
Brazil.regions.RS:São Sebastião do Caí,1.0,0.0,3.790107975934954,0.0,False
Brazil.regions.RS:Torres,0.0,0.0,8.994909408523402,0.0,False
Brazil.regions.SC:Araranguá,0.0,0.0,10.111079961345572,0.0,False
Brazil.regions.SC:Balneário Piçarras,0.0,0.0,7.25653959558413,0.0,False
Brazil.regions.SC:Cocal do Sul,0.0,0.0,5.582987395354721,0.0,False
Brazil.regions.SC:Porto Belo,1.0,0.0,2.2257159129984085,0.0,False
Brazil.regions.SP:Araraquara,0.0,0.0,11.153154298423331,0.0,False
Brazil.regions.SP:Assis,0.0,0.0,10.618771006946286,0.0,False
Brazil.regions.SP:Barra Bonita,0.0,0.0,8.80866441356105,0.0,False
Brazil.regions.SP:Barrinha,0.0,1.0,8.529088389976536,3.0476654882360115,False
Brazil.regions.SP:Birigui,0.0,0.0,10.767941053676402,0.0,False
Brazil.regions.SP:Bom Jesus dos Perdões,0.0,0.0,7.647171985725909,0.0,False
Brazil.regions.SP:Holambra,0.0,0.0,4.878830234542087,0.0,False
Brazil.regions.SP:Mairinque,0.0,0.0,9.455863104087415,0.0,False
Brazil.regions.SP:Pindamonhangaba,0.0,0.0,10.982675649991457,0.0,False
Brazil.regions.SP:São Carlos,0.0,0.0,11.179901709613873,0.0,False
Brazil.regions.SP:Tatuí,0.0,0.0,10.75550656779749,0.0,False
Brazil.regions.SP:Votuporanga,0.0,0.0,10.519078859438817,0.0,False
Liechtenstein,0.0,0.0,8.938927447191709,0.0,False
Sao_Tome_and_Principe,3.0,0.0,9.681270814353724,0.0,False
United_States_of_America.regions.California:Santa Cruz,0.0,0.0,11.210739083894563,0.0,False
United_States_of_America.regions.Florida:St. Lucie,0.0,0.0,11.272151643041347,0.0,False
United_States_of_America.regions.Georgia:Bibb,0.0,0.0,10.92383762777999,0.0,False
United_States_of_America.regions.Georgia:Cherokee,0.0,0.0,11.190314798401285,0.0,False
United_States_of_America.regions.Georgia:Fayette,0.0,0.0,10.70278843480618,0.0,False
United_States_of_America.regions.Georgia:Richmond,0.0,0.0,11.082970609564823,0.0,False
United_States_of_America.regions.Indiana:Allen,0.0,0.0,11.313109629216374,0.0,False
United_States_of_America.regions.Indiana:St. Joseph,0.0,0.0,11.208871482856695,0.0,False
United_States_of_America.regions.Kentucky:Campbell,1.0,0.0,9.439636422237168,0.0,False
United_States_of_America.regions.Maryland:Harford,0.0,0.0,11.18527404529614,0.0,False
United_States_of_America.regions.Missouri:Clay,2.0,0.0,10.376504226284947,0.0,False
United_States_of_America.regions.New York:Albany,1.0,0.0,10.922102251075929,0.0,False
United_States_of_America.regions.North Carolina:Cabarrus,0.0,0.0,11.114759819456143,0.0,False
United_States_of_America.regions.North Carolina:Gaston,0.0,0.0,11.131377111736947,0.0,False
United_States_of_America.regions.Ohio:Lorain,0.0,0.0,11.253999362069981,0.0,False
United_States_of_America.regions.Ohio:Warren,1.0,0.0,10.724246226956378,0.0,False
United_States_of_America.regions.Wisconsin:Kenosha,3.0,0.0,9.217720845852512,0.0,False
United_States_of_America.regions.Wisconsin:Racine,0.0,0.0,11.067358072577612,0.0,False
Brazil.regions.AC:Assis Brasil,0.0,0.0,1.9057862323442798,0.0,False
Brazil.regions.AC:Marechal Thaumaturgo,2.0,0.0,4.324025259965222,0.0,False
Brazil.regions.AC:Mâncio Lima,0.0,0.0,6.307217070497946,0.0,False
Brazil.regions.AC:Santa Rosa do Purus,0.0,0.0,3.7137659994632912,0.0,False
Brazil.regions.AC:Xapuri,2.0,0.0,3.9487856342855103,0.0,False
Brazil.regions.AM:Alvarães,0.0,0.0,5.342728568069789,0.0,False
Brazil.regions.AM:Amaturá,11.0,0.0,92.44543752261963,0.0,False
Brazil.regions.AM:Anori,0.0,0.0,6.817115610720878,0.0,False
Brazil.regions.AM:Autazes,1.0,0.0,6.521781048691507,0.0,False
Brazil.regions.AM:Barreirinha,2.0,0.0,2.2137502266411246,0.0,False
Brazil.regions.AM:Benjamin Constant,12.0,0.0,18.66705777263428,0.0,False
Brazil.regions.AM:Careiro,0.0,0.0,8.936071525892709,0.0,False
Brazil.regions.AM:Guajará,7.0,0.0,36.39062830190497,0.0,False
Brazil.regions.AM:Itapiranga,2.0,0.0,21.217299466780894,0.0,False
Brazil.regions.AM:Nova Olinda do Norte,0.0,0.0,8.901383339392922,0.0,False
Brazil.regions.AM:Rio Preto da Eva,1.0,0.0,5.579212870025905,0.0,False
Brazil.regions.AM:Tonantins,2.0,0.0,4.418980592595236,0.0,False
Brazil.regions.AP:Amapá,1.0,0.0,10.379553070958602,0.0,False
Brazil.regions.AP:Ferreira Gomes,0.0,0.0,1.276716558805445,0.0,False
Brazil.regions.AP:Porto Grande,0.0,0.0,7.025299688598967,0.0,False
Brazil.regions.AP:Pracuúba,0.0,0.0,7.954496121787452,0.0,False
Brazil.regions.AP:Serra do Navio,1.0,0.0,25.480870728050185,0.0,False
Brazil.regions.AP:Tartarugalzinho,6.0,0.0,28.850621230075056,0.0,False
Brazil.regions.BA:Curaçá,0.0,0.0,8.694909497809089,0.0,False
Brazil.regions.BA:Morro do Chapéu,0.0,0.0,8.752932117842063,0.0,False
Brazil.regions.GO:Cristalina,0.0,0.0,9.881752437461323,0.0,False
Brazil.regions.GO:Jussara,0.0,0.0,6.164912769867489,0.0,False
Brazil.regions.GO:Mineiros,1.0,0.0,8.582786722032251,0.0,False
Brazil.regions.GO:Niquelândia,0.0,0.0,9.421023948058197,0.0,False
Brazil.regions.MA:Amarante do Maranhão,0.0,0.0,9.163335270755084,0.0,False
Brazil.regions.MA:Bom Jardim,0.0,0.0,9.174640018015575,0.0,False
Brazil.regions.MA:Carolina,5.0,0.0,13.092270050740664,0.0,False
Brazil.regions.MA:Centro Novo do Maranhão,0.0,0.0,6.951834814296166,0.0,False
Brazil.regions.MA:Fernando Falcão,0.0,0.0,1.9242442257028962,0.0,False
Brazil.regions.MA:Formosa da Serra Negra,1.0,0.0,1.0995156782020707,0.0,False
Brazil.regions.MA:Grajaú,1.0,0.0,8.700173556898527,0.0,False
Brazil.regions.MA:Mirador,0.0,0.0,6.818248049042907,0.0,False
Brazil.regions.MA:Riachão,0.0,0.0,6.625033155261322,0.0,False
Brazil.regions.MA:São Raimundo das Mangabeiras,0.0,0.0,6.2767750781277485,0.0,False
Brazil.regions.MA:Tasso Fragoso,0.0,0.0,0.15895789270635774,0.0,False
Brazil.regions.MG:Campina Verde,0.0,0.0,6.51218056851389,0.0,False
Brazil.regions.MS:Alcinópolis,0.0,0.0,7.139323232025147,0.0,False
Brazil.regions.MS:Bela Vista,0.0,0.0,7.516499706301387,0.0,False
Brazil.regions.MS:Bonito,0.0,0.0,7.026335239697805,0.0,False
Brazil.regions.MS:Brasilândia,0.0,0.0,3.1535732852206344,0.0,False
Brazil.regions.MS:Camapuã,0.0,0.0,4.283339831097094,0.0,False
Brazil.regions.MS:Coxim,0.0,0.0,8.595505927820515,0.0,False
Brazil.regions.MS:Miranda,0.0,0.0,8.006982700545036,0.0,False
Brazil.regions.MS:Paranaíba,0.0,0.0,9.20416205890914,0.0,False
Brazil.regions.MS:Paraíso das Águas,0.0,0.0,6.4250463018054536,0.0,False
Brazil.regions.MS:Rio Verde de Mato Grosso,0.0,0.0,6.51243705455206,0.0,False
Brazil.regions.MS:Sonora,0.0,0.0,6.388417258932689,0.0,False
Brazil.regions.MT:Alta Floresta,0.0,0.0,9.645580883735702,0.0,False
Brazil.regions.MT:Alto Araguaia,1.0,0.0,1.0747584990905157,0.0,False
Brazil.regions.MT:Barra do Garças,0.0,0.0,9.937732046441749,0.0,False
Brazil.regions.MT:Campo Novo do Parecis,0.0,0.0,8.748699579570014,0.0,False
Brazil.regions.MT:Campo Verde,0.0,0.0,9.30614240254215,0.0,False
Brazil.regions.MT:Chapada dos Guimarães,0.0,0.0,6.513975425397643,0.0,False
Brazil.regions.MT:Confresa,0.0,0.0,8.343960421386505,0.0,False
Brazil.regions.MT:Nobres,0.0,0.0,5.056148766058141,0.0,False
Brazil.regions.MT:Nossa Senhora do Livramento,0.0,0.0,4.010167921796083,0.0,False
Brazil.regions.MT:Nova Lacerda,0.0,0.0,3.4834870856428743,0.0,False
Brazil.regions.MT:Nova Monte Verde,0.0,0.0,0.6811339174367799,0.0,False
Brazil.regions.MT:Nova Mutum,0.0,0.0,9.373042828805346,0.0,False
Brazil.regions.MT:Nova Xavantina,0.0,0.0,6.898172424109432,0.0,False
Brazil.regions.MT:Pontes e Lacerda,0.0,0.0,9.375855911842269,0.0,False
Brazil.regions.MT:Poxoréu,0.0,0.0,5.411145640959944,0.0,False
Brazil.regions.MT:Rosário Oeste,0.0,0.0,5.746190062691587,0.0,False
Brazil.regions.MT:Santa Rita do Trivelato,0.0,0.0,17.586267410793,0.0,False
Brazil.regions.MT:Tapurah,2.0,0.0,10.313067354914049,0.0,False
Brazil.regions.MT:União do Sul,0.0,0.0,16.792040448028587,0.0,False
Brazil.regions.MT:Vila Rica,3.0,0.0,3.785999127126008,0.0,False
Brazil.regions.MT:Água Boa,0.0,0.0,7.6888801563510345,0.0,False
Brazil.regions.PA:Afuá,0.0,0.0,9.026904319336522,0.0,False
Brazil.regions.PA:Anajás,0.0,0.0,8.161103367572796,0.0,False
Brazil.regions.PA:Belterra,0.0,0.0,5.937232109658521,0.0,False
Brazil.regions.PA:Brasil Novo,0.0,0.0,4.948091542271941,0.0,False
Brazil.regions.PA:Conceição do Araguaia,0.0,0.0,9.487500995043568,0.0,False
Brazil.regions.PA:Goianésia do Pará,0.0,0.0,9.10609297642132,0.0,False
Brazil.regions.PA:Gurupá,1.0,0.0,5.584424060379375,0.0,False
Brazil.regions.PA:Itupiranga,0.0,0.0,9.699489427969443,0.0,False
Brazil.regions.PA:Juruti,2.0,0.0,6.3992518503575875,0.0,False
Brazil.regions.PA:Medicilândia,1.0,0.0,5.247039031866375,0.0,False
Brazil.regions.PA:Melgaço,0.0,0.0,7.960640476896283,0.0,False
Brazil.regions.PA:Mojuí dos Campos,0.0,0.0,5.359395012258805,0.0,False
Brazil.regions.PA:Rio Maria,1.0,0.0,0.5835147202946676,0.0,False
Brazil.regions.PA:Rondon do Pará,0.0,1.0,9.666789594544653,1.9099642836678954,False
Brazil.regions.PA:Rurópolis,0.0,0.0,9.596947899198492,0.0,False
Brazil.regions.PA:Água Azul do Norte,0.0,0.0,7.931110422142552,0.0,False
Brazil.regions.PI:Baixa Grande do Ribeiro,0.0,1.0,2.945647370358241,8.631106507854307,False
Brazil.regions.PI:Bom Jesus,1.0,0.0,3.633626669030293,0.0,False
Brazil.regions.PI:Canto do Buriti,0.0,0.0,6.856878482922983,0.0,False
Brazil.regions.PI:Pimenteiras,0.0,0.0,3.330691373058759,0.0,False
Brazil.regions.PI:Ribeiro Gonçalves,0.0,0.0,2.045368448445947,0.0,False
Brazil.regions.PI:Uruçuí,0.0,0.0,6.938104652866969,0.0,False
Brazil.regions.RO:Alta Floresta D'Oeste,0.0,0.0,7.218505893902241,0.0,False
Brazil.regions.RO:Candeias do Jamari,0.0,0.0,7.8304533499841735,0.0,False
Brazil.regions.RO:Governador Jorge Teixeira,2.0,0.0,27.0481978405978,0.0,False
Brazil.regions.RO:Itapuã do Oeste,0.0,0.0,2.0146961233837093,0.0,False
Brazil.regions.RO:Machadinho D'Oeste,0.0,0.0,9.076191251621566,0.0,False
Brazil.regions.RO:Pimenta Bueno,0.0,0.0,8.848985192997054,0.0,False
Brazil.regions.RO:São Miguel do Guaporé,0.0,0.0,7.229872765410983,0.0,False
Brazil.regions.RR:Bonfim,0.0,0.0,3.518086781750304,0.0,False
Brazil.regions.RR:Cantá,2.0,0.0,4.785395017342401,0.0,False
Brazil.regions.RR:Normandia,1.0,0.0,6.1380379729832,0.0,False
Brazil.regions.RR:Pacaraima,1.0,0.0,0.08316155593221985,0.0,False
Brazil.regions.RR:São João da Baliza,3.0,0.0,37.19778581206913,0.0,False
Brazil.regions.RR:Uiramutã,0.0,0.0,2.106160071980897,0.0,False
Brazil.regions.RS:Dom Pedrito,0.0,0.0,8.976717477702941,0.0,False
Brazil.regions.TO:Araguaçu,0.0,0.0,0.16446955726942925,0.0,False
Brazil.regions.TO:Goiatins,0.0,0.0,3.895672381937872,0.0,False
Brazil.regions.TO:Lizarda,0.0,1.0,15.161214036225955,26.737967914438503,False
Brazil.regions.TO:Ponte Alta do Tocantins,0.0,0.0,0.8626042509079888,0.0,False
United_States_of_America.regions.Alaska:Juneau City and Borough,0.0,0.0,8.449212751046726,0.0,False
United_States_of_America.regions.Alaska:Petersburg Borough,0.0,0.0,19.0417396919038,0.0,False
United_States_of_America.regions.Alaska:Sitka City and Borough,0.0,0.0,0.19764857086316212,0.0,False
United_States_of_America.regions.Arizona:Greenlee,0.0,0.0,1.0482215556183174,0.0,False
United_States_of_America.regions.California:Mariposa,0.0,0.0,5.763814274655029,0.0,False
United_States_of_America.regions.California:Mono,1.0,0.0,2.269826016553445,0.0,False
United_States_of_America.regions.California:Plumas,0.0,0.0,6.259584739062232,0.0,False
United_States_of_America.regions.California:Trinity,0.0,0.0,3.436745738204408,0.0,False
United_States_of_America.regions.California:Tuolumne,0.0,0.0,9.741150515387188,0.0,False
United_States_of_America.regions.Colorado:Baca,0.0,0.0,16.348406691460724,0.0,False
United_States_of_America.regions.Colorado:Bent,0.0,0.0,6.354033283343844,0.0,False
United_States_of_America.regions.Colorado:Cheyenne,1.0,0.0,97.6531751223336,0.0,False
United_States_of_America.regions.Colorado:Elbert,2.0,0.0,0.3529894276158174,0.0,False
United_States_of_America.regions.Colorado:Grand,0.0,0.0,5.221090982572532,0.0,False
United_States_of_America.regions.Colorado:Gunnison,0.0,0.0,5.850032998588221,0.0,False
United_States_of_America.regions.Colorado:Huerfano,0.0,0.0,2.922303683045971,0.0,False
United_States_of_America.regions.Colorado:Kit Carson,0.0,0.0,2.513706879854242,0.0,False
United_States_of_America.regions.Colorado:Lincoln,0.0,0.0,5.9640284406788755,0.0,False
United_States_of_America.regions.Colorado:Logan,1.0,0.0,2.65176838131398,0.0,False
United_States_of_America.regions.Colorado:Montezuma,0.0,0.0,7.757481831464658,0.0,False
United_States_of_America.regions.Colorado:Montrose,0.0,0.0,9.238010251288932,0.0,False
United_States_of_America.regions.Colorado:Park,0.0,0.0,6.270306544702333,0.0,False
United_States_of_America.regions.Colorado:Prowers,0.0,0.0,3.3611771447258576,0.0,False
United_States_of_America.regions.Colorado:Rio Blanco,0.0,0.0,4.2360228453801145,0.0,False
United_States_of_America.regions.Colorado:Routt,0.0,0.0,7.67629362390254,0.0,False
United_States_of_America.regions.Colorado:Saguache,0.0,0.0,3.0774079037335227,0.0,False
United_States_of_America.regions.Colorado:Washington,0.0,0.0,8.798144247296824,0.0,False
United_States_of_America.regions.Colorado:Yuma,0.0,0.0,1.5957178466724748,0.0,False
United_States_of_America.regions.Idaho:Bingham,0.0,0.0,9.440503851509423,0.0,False
United_States_of_America.regions.Idaho:Blaine,1.0,0.0,2.8890339703023784,0.0,False
United_States_of_America.regions.Idaho:Caribou,0.0,0.0,2.3994865131221825,0.0,False
United_States_of_America.regions.Idaho:Cassia,0.0,0.0,7.415289042590409,0.0,False
United_States_of_America.regions.Idaho:Elmore,0.0,0.0,7.94184420571791,0.0,False
United_States_of_America.regions.Idaho:Fremont,0.0,0.0,3.9425833308425196,0.0,False
United_States_of_America.regions.Maine:Somerset,0.0,0.0,9.595928270099087,0.0,False
United_States_of_America.regions.Maine:Washington,0.0,0.0,8.389909173155026,0.0,False
United_States_of_America.regions.Minnesota:Aitkin,0.0,0.0,5.281903066176793,0.0,False
United_States_of_America.regions.Minnesota:Beltrami,0.0,0.0,9.457571035116846,0.0,False
United_States_of_America.regions.Minnesota:Cass,0.0,0.0,8.218682754266142,0.0,False
United_States_of_America.regions.Minnesota:Itasca,0.0,0.0,9.36093291654625,0.0,False
United_States_of_America.regions.Minnesota:Koochiching,0.0,0.0,3.399470371793379,0.0,False
United_States_of_America.regions.Minnesota:Lake,0.0,0.0,2.1791408719161485,0.0,False
United_States_of_America.regions.Minnesota:Marshall,0.0,0.0,0.8655285140308848,0.0,False
United_States_of_America.regions.Minnesota:Polk,0.0,0.0,8.388385047706235,0.0,False
United_States_of_America.regions.Minnesota:Roseau,0.0,0.0,4.982622655001205,0.0,False
United_States_of_America.regions.Montana:Carbon,0.0,0.0,2.2527445542032236,0.0,False
United_States_of_America.regions.Montana:Glacier,0.0,0.0,4.305613036214439,0.0,False
United_States_of_America.regions.Montana:Hill,0.0,0.0,5.51026516188156,0.0,False
United_States_of_America.regions.Montana:Jefferson,0.0,0.0,3.3941174327498196,0.0,False
United_States_of_America.regions.Montana:Lewis and Clark,0.0,0.0,10.136495783962058,0.0,False
United_States_of_America.regions.Montana:Liberty,0.0,0.0,31.21314770501381,0.0,False
United_States_of_America.regions.Montana:Meagher,0.0,0.0,42.12893892522461,0.0,False
United_States_of_America.regions.Montana:Musselshell,0.0,0.0,10.007532761114023,0.0,False
United_States_of_America.regions.Montana:Park,0.0,0.0,5.554834090184125,0.0,False
United_States_of_America.regions.Montana:Pondera,0.0,0.0,5.340857355081313,0.0,False
United_States_of_America.regions.Montana:Ravalli,0.0,0.0,9.293961566657053,0.0,False
United_States_of_America.regions.Montana:Richland,1.0,0.0,6.936622035885387,0.0,False
United_States_of_America.regions.Montana:Roosevelt,0.0,0.0,2.489149370760712,0.0,False
United_States_of_America.regions.Montana:Stillwater,0.0,0.0,1.205461615196576,0.0,False
United_States_of_America.regions.Montana:Toole,0.0,0.0,9.538110986652319,0.0,False
United_States_of_America.regions.Montana:Wheatland,0.0,0.0,35.45993473890881,0.0,False
United_States_of_America.regions.Nebraska:Custer,0.0,1.0,2.2977337427388544,9.279020135473694,False
United_States_of_America.regions.Nebraska:Holt,0.0,0.0,1.6433079658255405,0.0,False
United_States_of_America.regions.Nebraska:Lincoln,0.0,0.0,8.712573320270176,0.0,False
United_States_of_America.regions.New Mexico:Guadalupe,0.0,0.0,11.679060075275826,0.0,False
United_States_of_America.regions.New Mexico:Harding,0.0,0.0,148.42324612178746,0.0,False
United_States_of_America.regions.New Mexico:Hidalgo,0.0,0.0,12.244113201349146,0.0,False
United_States_of_America.regions.New Mexico:Luna,1.0,0.0,3.1411387109764775,0.0,False
United_States_of_America.regions.New Mexico:Quay,0.0,0.0,0.5400521317232325,0.0,False
United_States_of_America.regions.New Mexico:Roosevelt,0.0,0.0,6.171348472807143,0.0,False
United_States_of_America.regions.New Mexico:Taos,0.0,0.0,8.520799350815915,0.0,False
United_States_of_America.regions.New Mexico:Torrance,2.0,0.0,7.826906945796248,0.0,False
United_States_of_America.regions.New York:Hamilton,0.0,0.0,11.068173658019335,0.0,False
United_States_of_America.regions.North Dakota:Bottineau,0.0,0.0,4.341743415642913,0.0,False
United_States_of_America.regions.North Dakota:Dunn,0.0,0.0,11.027224421968283,0.0,False
United_States_of_America.regions.North Dakota:Emmons,0.0,0.0,19.277920604971655,0.0,False
United_States_of_America.regions.North Dakota:Grant,0.0,0.0,32.398619912464675,0.0,False
United_States_of_America.regions.North Dakota:McHenry,0.0,0.0,5.829686504729141,0.0,False
United_States_of_America.regions.North Dakota:McKenzie,0.0,0.0,4.920736838808927,0.0,False
United_States_of_America.regions.North Dakota:McLean,1.0,0.0,9.587267285808617,0.0,False
United_States_of_America.regions.North Dakota:Morton,1.0,0.0,5.200016217199922,0.0,False
United_States_of_America.regions.North Dakota:Mountrail,1.0,0.0,7.3895808775958916,0.0,False
United_States_of_America.regions.North Dakota:Richland,0.0,0.0,5.395138003822983,0.0,False
United_States_of_America.regions.North Dakota:Stutsman,0.0,0.0,6.746769334163089,0.0,False
United_States_of_America.regions.North Dakota:Williams,2.0,0.0,3.5956955898835155,0.0,False
United_States_of_America.regions.Oklahoma:Beaver,0.0,0.0,7.252091913540417,0.0,False
United_States_of_America.regions.Oklahoma:Cimarron,0.0,0.0,35.21781795145521,0.0,False
United_States_of_America.regions.Oklahoma:Osage,0.0,0.0,9.447418018067328,0.0,False
United_States_of_America.regions.Oklahoma:Texas,0.0,0.0,6.572500262639311,0.0,False
United_States_of_America.regions.Oregon:Baker,0.0,0.0,5.374818874491387,0.0,False
United_States_of_America.regions.Oregon:Crook,0.0,0.0,7.479064974754099,0.0,False
United_States_of_America.regions.Oregon:Curry,1.0,0.0,2.8526535510587863,0.0,False
United_States_of_America.regions.Oregon:Jefferson,0.0,0.0,7.521274926148309,0.0,False
United_States_of_America.regions.Oregon:Morrow,0.0,0.0,2.958293135301231,0.0,False
United_States_of_America.regions.Oregon:Union,0.0,0.0,7.850277261853316,0.0,False
United_States_of_America.regions.Oregon:Wallowa,0.0,0.0,2.2967200396564866,0.0,False
United_States_of_America.regions.Oregon:Wasco,0.0,0.0,7.828908889081299,0.0,False
United_States_of_America.regions.South Dakota:Corson,0.0,0.0,12.897059141855982,0.0,False
United_States_of_America.regions.South Dakota:Fall River,0.0,0.0,3.319715658507249,0.0,False
United_States_of_America.regions.South Dakota:Hand,0.0,0.0,19.761384636359686,0.0,False
United_States_of_America.regions.South Dakota:Lyman,0.0,0.0,14.87127574358063,0.0,False
United_States_of_America.regions.South Dakota:Meade,0.0,0.0,8.0471760157249,0.0,False
United_States_of_America.regions.South Dakota:Spink,0.0,0.0,4.107060425426095,0.0,False
United_States_of_America.regions.South Dakota:Stanley,0.0,0.0,20.702135727984995,0.0,False
United_States_of_America.regions.South Dakota:Tripp,0.0,0.0,6.802220575012962,0.0,False
United_States_of_America.regions.South Dakota:Ziebach,0.0,0.0,24.70771636852185,0.0,False
United_States_of_America.regions.Texas:Andrews,0.0,0.0,6.2305897509738415,0.0,False
United_States_of_America.regions.Texas:Dallam,0.0,0.0,2.1463145998991564,0.0,False
United_States_of_America.regions.Texas:Deaf Smith,0.0,0.0,6.184755603651996,0.0,False
United_States_of_America.regions.Texas:Duval,0.0,0.0,2.6137709975098513,0.0,False
United_States_of_America.regions.Texas:Gaines,0.0,0.0,6.923859778082267,0.0,False
United_States_of_America.regions.Texas:Hartley,0.0,0.0,6.357248991227911,0.0,False
United_States_of_America.regions.Texas:La Salle,0.0,0.0,1.721118462212985,0.0,False
United_States_of_America.regions.Texas:Oldham,0.0,0.0,35.7717309702723,0.0,False
United_States_of_America.regions.Texas:Reeves,0.0,0.0,5.31736479458711,0.0,False
United_States_of_America.regions.Texas:Val Verde,0.0,0.0,9.536978253531263,0.0,False
United_States_of_America.regions.Utah:Carbon,0.0,0.0,6.689884895169984,0.0,False
United_States_of_America.regions.Utah:Duchesne,0.0,0.0,6.561205678794352,0.0,False
United_States_of_America.regions.Utah:Iron,0.0,0.0,9.753234120375971,0.0,False
United_States_of_America.regions.Utah:Juab,0.0,0.0,3.2552093995573106,0.0,False
United_States_of_America.regions.Utah:Sevier,1.0,0.0,2.326060076177395,0.0,False
United_States_of_America.regions.Washington:Adams,0.0,0.0,6.572500262639311,0.0,False
United_States_of_America.regions.Washington:Ferry,0.0,0.0,1.5345611866884603,0.0,False
United_States_of_America.regions.Washington:Kittitas,0.0,0.0,9.490595538794587,0.0,False
United_States_of_America.regions.Washington:Klickitat,0.0,0.0,7.117445071077654,0.0,False
United_States_of_America.regions.Washington:Lincoln,0.0,0.0,2.4351504409696556,0.0,False
United_States_of_America.regions.Washington:Skamania,0.0,0.0,3.300663503305655,0.0,False
United_States_of_America.regions.Washington:Stevens,0.0,0.0,9.389670790926061,0.0,False
United_States_of_America.regions.Washington:Whitman,0.0,0.0,9.580905243373014,0.0,False
United_States_of_America.regions.Wisconsin:Bayfield,0.0,0.0,4.926048903485227,0.0,False
United_States_of_America.regions.Wyoming:Big Horn,0.0,0.0,3.094989671257501,0.0,False
United_States_of_America.regions.Wyoming:Crook,0.0,0.0,1.608900130226269,0.0,False
United_States_of_America.regions.Wyoming:Goshen,0.0,0.0,4.007304177205812,0.0,False
United_States_of_America.regions.Wyoming:Hot Springs,0.0,0.0,11.083567898356678,0.0,False
United_States_of_America.regions.Wyoming:Niobrara,1.0,0.0,73.3128895852849,0.0,False
United_States_of_America.regions.Wyoming:Sheridan,0.0,0.0,8.296452090448074,0.0,False
United_States_of_America.regions.Wyoming:Uinta,0.0,0.0,6.632622562084792,0.0,False
United_States_of_America.regions.Wyoming:Washakie,0.0,0.0,1.2355459296029547,0.0,False
Kuwait,2.0,0.0,11.504242978011476,0.0,False
United_States_of_America.regions.Arizona:Maricopa,0.0,0.0,11.554459392129434,0.0,False
United_States_of_America.regions.Maryland,2.0,0.0,11.5271316686348,0.0,False
Bermuda,1.0,0.0,8.450190596571728,0.0,False
Brazil.regions.SC:Itapema,0.0,0.0,10.04564167831054,0.0,False
Brazil.regions.SE:Nossa Senhora do Socorro,0.0,0.0,11.032174620147329,0.0,False
Brazil.regions.SP:Franco da Rocha,2.0,0.0,9.63486804815345,0.0,False
Brazil.regions.SP:Itapecerica da Serra,2.0,0.0,9.869229958648308,0.0,False
United_States_of_America.regions.Pennsylvania:Delaware,0.0,0.0,11.400308303732224,0.0,False
United_States_of_America.regions.Virginia:Harrisonburg city,0.0,0.0,9.690530851201835,0.0,False
United_States_of_America.regions.Virginia:Lexington city,1.0,0.0,15.283305213917457,0.0,False
United_States_of_America.regions.Virginia:Winchester city,0.0,0.0,8.015246648352871,0.0,False
Brazil.regions.PR:Fazenda Rio Grande,0.0,0.0,10.578839519222836,0.0,False
Brazil.regions.PR:Maringá,0.0,0.0,11.340718888385656,0.0,False
Brazil.regions.SP:Valinhos,0.0,0.0,10.802718133241845,0.0,False
United_States_of_America.regions.California:Alameda,0.0,0.0,11.516921253995532,0.0,False
United_States_of_America.regions.Georgia:Cobb,0.0,0.0,11.445199337673358,0.0,False
United_States_of_America.regions.Minnesota:Hennepin,0.0,0.0,11.4977551398224,0.0,False
United_States_of_America.regions.New York:Westchester,8.0,0.0,10.646527088921319,0.0,False
United_States_of_America.regions.Virginia:Hopewell city,0.0,0.0,7.138030455069044,0.0,False
Antigua_and_Barbuda,0.0,0.0,10.538181292374524,0.0,False
Brazil.regions.AL:Lagoa da Canoa,0.0,1.0,5.9751406135923375,5.601613264620211,False
Brazil.regions.BA:Alagoinhas,0.0,0.0,10.917105866391656,0.0,False
Brazil.regions.CE:Maranguape,0.0,0.0,10.801427853619206,0.0,False
Brazil.regions.ES:Guarapari,0.0,0.0,10.775850459155851,0.0,False
Brazil.regions.GO:Goianira,0.0,0.0,9.318856883473448,0.0,False
Brazil.regions.MG:Caxambu,0.0,0.0,6.959095954311551,0.0,False
Brazil.regions.MG:Nova Lima,0.0,0.0,10.522890943625821,0.0,False
Brazil.regions.MG:Pedro Leopoldo,0.0,0.0,10.020527416137787,0.0,False
Brazil.regions.PB:Esperança,0.0,0.0,8.547093503140594,0.0,False
Brazil.regions.PE:Araçoiaba,1.0,0.0,1.8320647337962548,0.0,False
Brazil.regions.PE:Camutanga,0.0,1.0,0.11778477223769102,11.694538650450239,False
Brazil.regions.PE:Catende,0.0,1.0,9.245316780385448,2.3314370978271004,False
Brazil.regions.PE:Feira Nova,1.0,0.0,2.5396565938602826,0.0,False
Brazil.regions.PE:Lajedo,0.0,0.0,9.094625204662112,0.0,False
Brazil.regions.PE:Limoeiro,0.0,0.0,9.798976100434771,0.0,False
Brazil.regions.PR:Cambé,0.0,0.0,10.638077599500788,0.0,False
Brazil.regions.RJ:Araruama,0.0,0.0,10.821466869149104,0.0,False
Brazil.regions.RJ:Macaé,0.0,0.0,11.187151584234241,0.0,False
Brazil.regions.RN:Brejinho,0.0,0.0,3.7021180801182094,0.0,False
Brazil.regions.RS:Garibaldi,0.0,0.0,8.725313901024068,0.0,False
Brazil.regions.RS:Pelotas,0.0,0.0,11.284702068221456,0.0,False
Brazil.regions.SC:Barra Velha,0.0,0.0,8.14833917717031,0.0,False
Brazil.regions.SC:Morro da Fumaça,0.0,0.0,5.95751359949823,0.0,False
Brazil.regions.SC:Sombrio,1.0,0.0,4.992174962034238,0.0,False
Brazil.regions.SE:São Cristóvão,0.0,0.0,10.46653094544765,0.0,False
Brazil.regions.SE:Umbaúba,0.0,0.0,7.623247117715987,0.0,False
Brazil.regions.SP:Alumínio,0.0,0.0,6.208491048064384,0.0,False
Brazil.regions.SP:Araras,1.0,0.0,10.086840591165855,0.0,False
Brazil.regions.SP:Iperó,0.0,0.0,8.883731499196578,0.0,False
Brazil.regions.SP:Iracemápolis,0.0,0.0,7.450490209964147,0.0,False
Brazil.regions.SP:Jaú,0.0,0.0,10.911205333101668,0.0,False
Brazil.regions.SP:Lorena,0.0,0.0,10.449434418424033,0.0,False
Brazil.regions.SP:Peruíbe,1.0,0.0,8.64781005535507,0.0,False
Brazil.regions.SP:São Sebastião,1.0,0.0,9.329057766726821,0.0,False
Seychelles,1.0,0.0,9.509826778731346,0.0,False
United_States_of_America.regions.California:Solano,0.0,0.0,11.35336157675804,0.0,False
United_States_of_America.regions.Florida:Manatee,0.0,0.0,11.328770602204681,0.0,False
United_States_of_America.regions.Georgia:Columbia,0.0,0.0,10.938648795067456,0.0,False
United_States_of_America.regions.Georgia:Paulding,0.0,0.0,10.983869674426389,0.0,False
United_States_of_America.regions.Illinois:Winnebago,0.0,0.0,11.222861772837636,0.0,False
United_States_of_America.regions.Indiana:Floyd,0.0,0.0,10.30322544032253,0.0,False
United_States_of_America.regions.Kentucky:Boone,1.0,0.0,10.079534962348765,0.0,False
United_States_of_America.regions.Massachusetts:Barnstable,0.0,0.0,11.107248267620502,0.0,False
United_States_of_America.regions.New Jersey:Burlington,1.0,0.0,11.127667880489414,0.0,False
United_States_of_America.regions.Ohio:Mahoning,0.0,0.0,11.139467328709525,0.0,False
United_States_of_America.regions.South Carolina:Richland,0.0,0.0,11.336229920823772,0.0,False
United_States_of_America.regions.Virginia:James City,2.0,0.0,7.656363930092375,0.0,False
United_States_of_America.regions.Virginia:Norton city,1.0,0.0,38.661879630956,0.0,False
United_States_of_America.regions.Virginia:Stafford,0.0,0.0,10.922654638275866,0.0,False
Brazil.regions.PR:Curitiba,4.0,0.0,11.318102640954354,0.0,False
Brazil.regions.SP:Itaquaquecetuba,0.0,0.0,11.307081988001368,0.0,False
United_States_of_America.regions.District of Columbia,0.0,0.0,11.435060443294468,0.0,False
United_States_of_America.regions.District of Columbia:District of Columbia,0.0,0.0,11.435060443294468,0.0,False
Dominican_Republic,0.0,0.0,11.567344030901436,0.0,False
Switzerland,0.0,0.0,11.565012024739842,0.0,False
Brazil.regions.SP:Caieiras,0.0,0.0,10.59124091871713,0.0,False
United_States_of_America.regions.New Jersey:Middlesex,1.0,0.0,11.334347852968385,0.0,False
United_States_of_America.regions.New Jersey:Passaic,0.0,0.0,11.377481620497722,0.0,False
United_States_of_America.regions.Ohio:Cuyahoga,2.0,0.0,11.333853059474855,0.0,False
United_States_of_America.regions.Virginia:Hampton city,0.0,0.0,10.833314728706934,0.0,False
United_States_of_America.regions.Virginia:Newport News city,0.0,0.0,11.01879600403205,0.0,False
Brazil.regions.MG:Ipatinga,0.0,0.0,11.197117569796012,0.0,False
Brazil.regions.RJ:Nova Iguaçu,0.0,0.0,11.454970185536132,0.0,False
Brazil.regions.SC:São José,0.0,0.0,11.171215850911729,0.0,False
United_States_of_America.regions.Virginia:Manassas city,1.0,0.0,6.708797203026958,0.0,False
Barbados,0.0,0.0,11.227885433014547,0.0,False
Brazil.regions.AL:Arapiraca,0.0,0.0,11.14524883176103,0.0,False
Brazil.regions.BA:Madre de Deus,0.0,0.0,6.83584457180758,0.0,False
Brazil.regions.BA:Simões Filho,0.0,0.0,10.832578907793502,0.0,False
Brazil.regions.CE:Eusébio,0.0,1.0,9.711708557611258,1.8650453206012905,False
Brazil.regions.RJ:Rio das Ostras,1.0,0.0,10.24938485635078,0.0,False
Brazil.regions.SP:São José dos Campos,0.0,0.0,11.438238979550048,0.0,False
Brazil.regions.SP:Votorantim,0.0,0.0,10.760294048036192,0.0,False
United_States_of_America.regions.California:San Mateo,0.0,0.0,11.446303157928895,0.0,False
United_States_of_America.regions.Nebraska:Douglas,9.0,0.0,9.826442760411359,0.0,False
United_States_of_America.regions.Pennsylvania:Allegheny,0.0,0.0,11.494520079298857,0.0,False
United_States_of_America.regions.Pennsylvania:Montgomery,1.0,0.0,11.336055371145038,0.0,False
United_States_of_America.regions.Virginia:Lynchburg city,0.0,0.0,10.359735087442418,0.0,False
United_States_of_America.regions.Virginia:Salem city,0.0,0.0,7.62434093010773,0.0,False
United_States_of_America.regions.Virginia:Williamsburg city,0.0,0.0,4.889579877945062,0.0,False
Israel,0.0,0.0,11.565497433898178,0.0,False
United_States_of_America.regions.New Jersey,0.0,0.0,11.565495393537034,0.0,False
Brazil.regions.CE:Juazeiro do Norte,0.0,0.0,11.21206588702341,0.0,False
Brazil.regions.GO:Águas Lindas de Goiás,0.0,0.0,11.106032733418724,0.0,False
Brazil.regions.RS:Campo Bom,0.0,0.0,10.077773185083876,0.0,False
Brazil.regions.RS:Novo Hamburgo,0.0,0.0,11.171482102960065,0.0,False
Brazil.regions.SP:Campo Limpo Paulista,0.0,0.0,10.395418969766004,0.0,False
Brazil.regions.SP:Ribeirão Preto,0.0,1.0,11.43456562950255,0.1421882487099971,False
Brazil.regions.SP:São José do Rio Preto,0.0,0.0,11.359679219725255,0.0,False
United_States_of_America.regions.Georgia:DeKalb,1.0,0.0,11.31335233705013,0.0,False
United_States_of_America.regions.Illinois:DuPage,0.0,0.0,11.46840224248208,0.0,False
United_States_of_America.regions.Virginia:Fredericksburg city,0.0,0.0,8.132753327172459,0.0,False
United_States_of_America.regions.Virginia:Portsmouth city,0.0,0.0,10.51740940057531,0.0,False
United_States_of_America.regions.Florida,1.0,0.0,11.567441910196552,0.0,False
United_States_of_America.regions.New York,0.0,0.0,11.571613431175628,0.0,False
Aruba,1.0,0.0,9.687198396139706,0.0,False
Brazil.regions.GO:Novo Gama,0.0,0.0,10.712531807709311,0.0,False
Brazil.regions.PR:Almirante Tamandaré,1.0,0.0,9.890740204641656,0.0,False
Brazil.regions.RS:Gravataí,0.0,0.0,11.221538066846353,0.0,False
Brazil.regions.RS:Imbé,0.0,0.0,7.190788965931847,0.0,False
Brazil.regions.RS:Sapiranga,0.0,0.0,10.353272829933985,0.0,False
Brazil.regions.SP:Cajamar,0.0,0.0,10.274687498868529,0.0,False
Brazil.regions.SP:Franca,0.0,0.0,11.293617749193077,0.0,False
United_States_of_America.regions.Connecticut:Fairfield,0.0,0.0,11.470746661241217,0.0,False
United_States_of_America.regions.Florida:Orange,0.0,0.0,11.504989655261202,0.0,False
United_States_of_America.regions.Florida:Seminole,0.0,0.0,11.364811340073489,0.0,False
United_States_of_America.regions.Illinois:Lake,0.0,0.0,11.433186074728157,0.0,False
United_States_of_America.regions.Rhode Island:Providence,36.0,0.0,5.785831227722902,0.0,False
United_States_of_America.regions.Utah:Salt Lake,0.0,0.0,11.490579445649644,0.0,False
United_States_of_America.regions.Virginia:Waynesboro city,1.0,0.0,2.738927983382677,0.0,False
Brazil.regions.RN:Natal,0.0,0.0,11.463647315996022,0.0,False
United_States_of_America.regions.Massachusetts:Suffolk,0.0,0.0,11.452361380075326,0.0,False
Kyrgyzstan,2.0,0.0,11.529253957379083,0.0,False
United_States_of_America.regions.Minnesota,0.0,0.0,11.559022224799701,0.0,False
United_States_of_America.regions.Missouri,0.0,0.0,11.560460408048824,0.0,False
Belgium,0.0,0.0,11.567998896190028,0.0,False
Burundi,1.0,0.0,11.558857391847612,0.0,False
Haiti,1.0,0.0,11.558773402132694,0.0,False
Brazil.regions.MG:Montes Claros,0.0,1.0,11.332458779505114,0.2442950987074346,False
Brazil.regions.MS:Campo Grande,1.0,0.0,11.353535108192615,0.0,False
Brazil.regions.RJ:Campos dos Goytacazes,0.0,0.0,11.379728178180235,0.0,False
Cyprus,1.0,0.0,11.40858278093818,0.0,False
Sweden.regions.Skåne,0.0,0.0,11.503341278848595,0.0,False
United_States_of_America.regions.Alabama:Montgomery,0.0,0.0,11.135225483521486,0.0,False
United_States_of_America.regions.California:Placer,0.0,0.0,11.325705122033611,0.0,False
United_States_of_America.regions.California:Sonoma,0.0,0.0,11.374462319434713,0.0,False
United_States_of_America.regions.Florida:Osceola,0.0,0.0,11.310620188614916,0.0,False
United_States_of_America.regions.New York:Saratoga,1.0,0.0,10.70667039370221,0.0,False
United_States_of_America.regions.Oregon:Marion,0.0,0.0,11.289247193682133,0.0,False
United_States_of_America.regions.South Carolina:Anderson,1.0,0.0,10.589382359931363,0.0,False
United_States_of_America.regions.Texas:Brazoria,1.0,0.0,11.042371730851327,0.0,False
United_States_of_America.regions.Texas:Jefferson,6.0,0.0,8.79417283553968,0.0,False
United_States_of_America.regions.Utah:Utah,0.0,0.0,11.41957924934114,0.0,False
United_States_of_America.regions.Washington:Spokane,3.0,0.0,10.811640010141133,0.0,False
Tunisia,0.0,0.0,11.568107251659312,0.0,False
United_States_of_America.regions.Illinois,0.0,0.0,11.568862352598353,0.0,False
Djibouti,0.0,0.0,11.472469892061461,0.0,False
Equatorial_Guinea,0.0,0.0,11.500358166762206,0.0,False
Fiji,0.0,0.0,11.463565508996615,0.0,False
Montenegro,1.0,0.0,11.255388719016283,0.0,False
United_States_of_America.regions.Arizona:Pima,0.0,0.0,11.481268339020032,0.0,False
United_States_of_America.regions.California:Fresno,0.0,0.0,11.476663897319725,0.0,False
United_States_of_America.regions.California:Kern,0.0,0.0,11.465667699777041,0.0,False
United_States_of_America.regions.New Hampshire,0.0,0.0,11.503208838126824,0.0,False
Brazil.regions.BA:Lauro de Freitas,1.0,0.0,10.568892559929944,0.0,False
Brazil.regions.PE:Paulista,2.0,0.0,10.67252389032923,0.0,False
Brazil.regions.SP:Várzea Paulista,0.0,0.0,10.755991882775986,0.0,False
Brazil.regions.AL:São Miguel dos Campos,0.0,0.0,9.944127472113056,0.0,False
Brazil.regions.CE:Aquiraz,0.0,0.0,10.330973957693306,0.0,False
Brazil.regions.MG:Pará de Minas,0.0,0.0,10.512573137755588,0.0,False
Brazil.regions.MG:Uberlândia,0.0,0.0,11.432099926628226,0.0,False
Brazil.regions.MG:Visconde do Rio Branco,0.0,0.0,9.227350626638447,0.0,False
Brazil.regions.PB:Alagoa Nova,0.0,0.0,6.780360765833057,0.0,False
Brazil.regions.PB:Belém,0.0,0.0,5.919365328766973,0.0,False
Brazil.regions.PB:Cuitegi,1.0,0.0,17.822040771206822,0.0,False
Brazil.regions.PB:Sapé,0.0,0.0,9.676516348521337,0.0,False
Brazil.regions.PE:Gravatá,0.0,0.0,10.387325517482715,0.0,False
Brazil.regions.PE:Orobó,0.0,0.0,7.3898505119422415,0.0,False
Brazil.regions.PR:Ponta Grossa,0.0,0.0,11.292449741018743,0.0,False
Brazil.regions.RJ:Barra do Piraí,1.0,0.0,9.584206007249948,0.0,False
Brazil.regions.RJ:Guapimirim,0.0,0.0,9.924325634909014,0.0,False
Brazil.regions.RN:Jaçanã,0.0,0.0,0.6274491590622144,0.0,False
Brazil.regions.RN:Senador Georgino Avelino,0.0,0.0,10.945768644309974,0.0,False
Brazil.regions.RS:Santa Cruz do Sul,0.0,0.0,10.809976795645992,0.0,False
Brazil.regions.RS:Viamão,0.0,0.0,11.18494119601965,0.0,False
Brazil.regions.SC:Guaramirim,0.0,0.0,9.34555728748094,0.0,False
Brazil.regions.SC:São Bento do Sul,0.0,0.0,10.393419953212252,0.0,False
Brazil.regions.SC:São Miguel do Oeste,0.0,0.0,9.106520194106032,0.0,False
Brazil.regions.SE:General Maynard,0.0,0.0,18.309677681859178,0.0,False
Brazil.regions.SE:Santana do São Francisco,0.0,0.0,1.276716558805445,0.0,False
Brazil.regions.SP:Araçatuba,0.0,0.0,11.06918088921673,0.0,False
Brazil.regions.SP:Capivari,0.0,0.0,9.783610857125186,0.0,False
Brazil.regions.SP:Itanhaém,1.0,0.0,9.612426071188112,0.0,False
Brazil.regions.SP:Pirapora do Bom Jesus,1.0,0.0,0.9919430817055357,0.0,False
Brazil.regions.SP:São João da Boa Vista,0.0,0.0,10.480394886424277,0.0,False
United_States_of_America.regions.California:Ventura,0.0,0.0,11.458551406835277,0.0,False
United_States_of_America.regions.Colorado:Adams,1.0,0.0,11.19022144137678,0.0,False
United_States_of_America.regions.Colorado:Boulder,0.0,0.0,11.270189726598181,0.0,False
United_States_of_America.regions.Connecticut:Middlesex,0.0,0.0,10.961126800471162,0.0,False
United_States_of_America.regions.Florida:Leon,0.0,0.0,11.236133540453421,0.0,False
United_States_of_America.regions.Florida:Polk,0.0,0.0,11.43878040499251,0.0,False
United_States_of_America.regions.Florida:St. Johns,0.0,0.0,11.198927738688912,0.0,False
United_States_of_America.regions.Idaho:Ada,0.0,0.0,11.369107077115343,0.0,False
United_States_of_America.regions.Indiana:Elkhart,0.0,0.0,11.092119220049604,0.0,False
United_States_of_America.regions.Louisiana:Ascension,0.0,0.0,10.786889418953757,0.0,False
United_States_of_America.regions.Maryland:Calvert,0.0,0.0,10.495964902260102,0.0,False
United_States_of_America.regions.Missouri:Greene,0.0,0.0,11.235557096380594,0.0,False
United_States_of_America.regions.New Hampshire:Rockingham,0.0,0.0,11.25393267919005,0.0,False
United_States_of_America.regions.Ohio:Clermont,1.0,0.0,10.60789306475701,0.0,False
United_States_of_America.regions.Pennsylvania:Lackawanna,1.0,0.0,10.622892169083137,0.0,False
United_States_of_America.regions.South Carolina:Charleston,0.0,0.0,11.333684987627578,0.0,False
United_States_of_America.regions.South Carolina:Lexington,0.0,0.0,11.242025844739745,0.0,False
United_States_of_America.regions.Texas:Gregg,0.0,0.0,10.769944406269348,0.0,False
United_States_of_America.regions.Texas:Nueces,0.0,0.0,11.300734954355129,0.0,False
United_States_of_America.regions.Utah:Weber,0.0,0.0,11.19245332443545,0.0,False
United_States_of_America.regions.Washington:Snohomish,0.0,0.0,11.455111659604452,0.0,False
United_States_of_America.regions.Wisconsin:Dane,0.0,0.0,11.393836529416602,0.0,False
Eswatini,0.0,0.0,11.503600988673412,0.0,False
Guinea_Bissau,1.0,0.0,11.47004788683119,0.0,False
Lesotho,0.0,0.0,11.529318518377396,0.0,False
North_Macedonia,0.0,0.0,11.528745228974302,0.0,False
Sweden.regions.Västra Götaland,5.0,0.0,11.225838515488883,0.0,False
Timor_Leste,0.0,0.0,11.497887783377646,0.0,False
United_States_of_America.regions.Hawaii,0.0,0.0,11.506126024847273,0.0,False
Brazil.regions.CE:Caucaia,0.0,0.0,11.300052162661911,0.0,False
Brazil.regions.ES:Marataízes,0.0,0.0,8.979283814055037,0.0,False
Brazil.regions.ES:Piúma,0.0,0.0,6.970793765827121,0.0,False
Brazil.regions.MG:Poços de Caldas,0.0,0.0,10.979371607323584,0.0,False
Brazil.regions.MT:Várzea Grande,0.0,0.0,11.225840978303435,0.0,False
Brazil.regions.PE:Condado,0.0,0.0,7.791885780865741,0.0,False
Brazil.regions.PE:Garanhuns,0.0,1.0,10.861384890888887,0.7153689873236615,False
Brazil.regions.PE:São José da Coroa Grande,0.0,0.0,6.8814773264236475,0.0,False
Brazil.regions.PR:Araucária,0.0,0.0,10.881551470031406,0.0,False
Brazil.regions.PR:Matinhos,0.0,0.0,8.696569546415313,0.0,False
Brazil.regions.RJ:Pinheiral,0.0,0.0,7.601559093668106,0.0,False
Brazil.regions.RJ:Seropédica,0.0,0.0,10.36186419019622,0.0,False
Brazil.regions.RJ:São Pedro da Aldeia,0.0,0.0,10.61959625349491,0.0,False
Brazil.regions.RN:Passa e Fica,0.0,0.0,4.044931930483393,0.0,False
Brazil.regions.RS:Caxias do Sul,0.0,0.0,11.381023156709963,0.0,False
Brazil.regions.SE:Pedrinhas,0.0,0.0,1.162256898416672,0.0,False
Brazil.regions.SP:Aparecida,0.0,0.0,8.811037696007165,0.0,False
Brazil.regions.SP:Artur Nogueira,0.0,0.0,9.738788873066246,0.0,False
Brazil.regions.SP:Atibaia,1.0,0.0,10.175811043684911,0.0,False
Brazil.regions.SP:Itupeva,0.0,0.0,9.94415412636771,0.0,False
Brazil.regions.SP:Mairiporã,0.0,0.0,10.578540679837639,0.0,False
Brazil.regions.SP:Piracicaba,2.0,0.0,10.834440532903226,0.0,False
Brazil.regions.SP:Sertãozinho,0.0,0.0,10.781936090190452,0.0,False
Brazil.regions.SP:São Roque,0.0,0.0,10.478045958725865,0.0,False
Brazil.regions.SP:Águas de Lindóia,0.0,0.0,6.2305897509738415,0.0,False
Guam,2.0,0.0,9.766995661910247,0.0,False
Saint_Lucia,1.0,0.0,10.477182161396248,0.0,False
United_States_Virgin_Islands,16.0,0.0,4.314512468759231,0.0,False
United_States_of_America.regions.Colorado:Jefferson,0.0,0.0,11.405192273013546,0.0,False
United_States_of_America.regions.Florida:Sarasota,1.0,0.0,11.115650272843459,0.0,False
United_States_of_America.regions.Indiana:Vanderburgh,0.0,0.0,11.025640905564284,0.0,False
United_States_of_America.regions.Massachusetts:Hampden,0.0,0.0,11.362332772314252,0.0,False
United_States_of_America.regions.Massachusetts:Plymouth,2.0,0.0,11.001161305659105,0.0,False
United_States_of_America.regions.Michigan:Kent,2.0,0.0,11.120101596092768,0.0,False
United_States_of_America.regions.Minnesota:Dakota,0.0,0.0,11.343665055054707,0.0,False
United_States_of_America.regions.Nebraska:Sarpy,0.0,0.0,11.04255442950638,0.0,False
United_States_of_America.regions.New York:Schenectady,0.0,0.0,10.93283472870096,0.0,False
United_States_of_America.regions.Rhode Island:Newport,7.0,0.0,1.8304026684467036,0.0,False
United_States_of_America.regions.Virginia:Emporia city,0.0,0.0,7.128820382917267,0.0,False
United_States_of_America.regions.Virginia:Galax city,0.0,0.0,4.178721149359534,0.0,False
United_States_of_America.regions.Virginia:Loudoun,1.0,0.0,11.093122386064305,0.0,False
United_States_of_America.regions.Virginia:Poquoson city,0.0,0.0,3.427458792237484,0.0,False
United_States_of_America.regions.Washington:Clark,0.0,0.0,11.37193699474721,0.0,False
Brazil.regions.RJ:São Gonçalo,2.0,0.0,11.30021514758063,0.0,False
Brazil.regions.SP:Guarulhos,0.0,0.0,11.504247131459763,0.0,False
Brazil.regions.RJ:Volta Redonda,3.0,0.0,10.11161681464025,0.0,False
Brazil.regions.SP:Campinas,0.0,0.0,11.493702435318305,0.0,False
Brazil.regions.SP:Sorocaba,0.0,0.0,11.429560415957368,0.0,False
Malta,0.0,0.0,11.369941477741015,0.0,False
United_States_of_America.regions.Virginia:Fairfax city,0.0,0.0,7.413383213322253,0.0,False
United_States_of_America.regions.Virginia:Richmond city,3.0,0.0,9.840913992083644,0.0,False
United_States_of_America.regions.Wisconsin:Milwaukee,1.0,0.0,11.365276135187612,0.0,False
Brazil.regions.AC:Acrelândia,1.0,0.0,1.53284234622374,0.0,False
Brazil.regions.AC:Brasiléia,0.0,0.0,7.771289230979121,0.0,False
Brazil.regions.AC:Capixaba,0.0,0.0,3.0537844756727033,0.0,False
Brazil.regions.AC:Porto Acre,0.0,0.0,6.172516956465899,0.0,False
Brazil.regions.AC:Rodrigues Alves,3.0,0.0,9.553726840223797,0.0,False
Brazil.regions.AM:Anamã,0.0,0.0,4.231374122079156,0.0,False
Brazil.regions.AM:Boa Vista do Ramos,0.0,0.0,6.370318724362389,0.0,False
Brazil.regions.AM:Manaquiri,1.0,0.0,5.347194619530099,0.0,False
Brazil.regions.AM:Urucurituba,0.0,0.0,7.241180498633098,0.0,False
Brazil.regions.AP:Vitória do Jari,1.0,0.0,0.9773858493626193,0.0,False
Brazil.regions.BA:Boa Vista do Tupim,0.0,0.0,6.193463611201351,0.0,False
Brazil.regions.BA:Lafaiete Coutinho,0.0,0.0,15.276092523506032,0.0,False
Brazil.regions.BA:Manoel Vitorino,0.0,0.0,4.023883787578107,0.0,False
Brazil.regions.BA:Mirante,0.0,0.0,0.0040192410177777305,0.0,False
Brazil.regions.BA:Morpará,0.0,0.0,0.16171307800297008,0.0,False
Brazil.regions.BA:Oliveira dos Brejinhos,0.0,0.0,6.994852389094564,0.0,False
Brazil.regions.BA:Potiraguá,0.0,0.0,2.265992522673388,0.0,False
Brazil.regions.BA:Remanso,0.0,0.0,9.138205302324916,0.0,False
Brazil.regions.BA:Vereda,0.0,1.0,4.539281577065454,16.116035455278002,False
Brazil.regions.CE:Aiuaba,1.0,0.0,0.08184037743664163,0.0,False
Brazil.regions.CE:Arneiroz,0.0,0.0,1.178348162603779,0.0,False
Brazil.regions.CE:Independência,1.0,0.0,3.9367508222113248,0.0,False
Brazil.regions.CE:Santa Quitéria,0.0,1.0,9.28858144153772,2.2881724366748277,False
Brazil.regions.GO:Aparecida do Rio Doce,0.0,1.0,28.84361798920863,40.42037186742118,False
Brazil.regions.GO:Bom Jardim de Goiás,0.0,0.0,0.2658162014791472,0.0,False
Brazil.regions.GO:Britânia,0.0,0.0,5.7272779612060365,0.0,False
Brazil.regions.GO:Caçu,5.0,0.0,25.90216423035138,0.0,False
Brazil.regions.GO:Corumbaíba,0.0,0.0,1.291862383817815,0.0,False
Brazil.regions.GO:Córrego do Ouro,0.0,0.0,31.39703211233322,0.0,False
Brazil.regions.GO:Ipameri,0.0,0.0,7.870991417586275,0.0,False
Brazil.regions.GO:Montividiu,0.0,0.0,4.111838978242408,0.0,False
Brazil.regions.GO:Porangatu,0.0,0.0,9.373819569713628,0.0,False
Brazil.regions.GO:Portelândia,0.0,0.0,13.35468466579144,0.0,False
Brazil.regions.GO:Santa Fé de Goiás,0.0,0.0,6.741619450235886,0.0,False
Brazil.regions.GO:Santa Rita do Araguaia,0.0,0.0,0.15601381425640426,0.0,False
Brazil.regions.GO:Urutaí,0.0,0.0,20.97532945512078,0.0,False
Brazil.regions.MA:Feira Nova do Maranhão,0.0,0.0,0.18241827606779104,0.0,False
Brazil.regions.MA:Fortaleza dos Nogueiras,1.0,0.0,4.25730518282775,0.0,False
Brazil.regions.MA:Itinga do Maranhão,2.0,0.0,0.03829233975100976,0.0,False
Brazil.regions.MA:Jenipapo dos Vieiras,0.0,0.0,5.521652455263713,0.0,False
Brazil.regions.MA:Junco do Maranhão,0.0,0.0,17.560775259316593,0.0,False
Brazil.regions.MA:Lajeado Novo,0.0,0.0,1.6682792343702335,0.0,False
Brazil.regions.MA:Montes Altos,0.0,0.0,0.6597233105269584,0.0,False
Brazil.regions.MA:Nova Colinas,0.0,0.0,6.996797384788936,0.0,False
Brazil.regions.MA:São Domingos do Azeitão,0.0,0.0,1.9513846499259806,0.0,False
Brazil.regions.MA:São Francisco do Maranhão,0.0,0.0,3.386745688204357,0.0,False
Brazil.regions.MA:São Pedro dos Crentes,0.0,0.0,9.845696850150778,0.0,False
Brazil.regions.MA:Sítio Novo,0.0,0.0,6.046086326639073,0.0,False
Brazil.regions.MG:Abadia dos Dourados,0.0,0.0,2.7314447195839904,0.0,False
Brazil.regions.MG:Carlos Chagas,0.0,0.0,6.268052917337674,0.0,False
Brazil.regions.MG:Coromandel,1.0,0.0,4.427257917677766,0.0,False
Brazil.regions.MG:Delfinópolis,0.0,0.0,2.4800355510818015,0.0,False
Brazil.regions.MG:Jequitinhonha,0.0,0.0,7.638350506939263,0.0,False
Brazil.regions.MG:Marliéria,0.0,0.0,13.181849736543581,0.0,False
Brazil.regions.MG:Matias Cardoso,0.0,0.0,2.6137709975098513,0.0,False
Brazil.regions.MG:Monte Alegre de Minas,3.0,0.0,7.36264006118139,0.0,False
Brazil.regions.MG:Morro da Garça,0.0,1.0,29.04063036224236,40.61738424045491,False
Brazil.regions.MG:Perdizes,0.0,0.0,5.391696975689044,0.0,False
Brazil.regions.MG:Presidente Juscelino,0.0,0.0,15.888228269549055,0.0,False
Brazil.regions.MG:Riachinho,0.0,0.0,0.7142982358484158,0.0,False
Brazil.regions.MG:Riacho dos Machados,0.0,0.0,1.0293432675174738,0.0,False
Brazil.regions.MG:Sacramento,0.0,0.0,7.757773545961259,0.0,False
Brazil.regions.MG:Salto da Divisa,0.0,0.0,2.6906166453999507,0.0,False
Brazil.regions.MS:Amambai,0.0,0.0,9.038425113870991,0.0,False
Brazil.regions.MS:Batayporã,0.0,0.0,2.7498494735872505,0.0,False
Brazil.regions.MS:Chapadão do Sul,0.0,0.0,7.611332353904514,0.0,False
Brazil.regions.MS:Guia Lopes da Laguna,0.0,0.0,1.4706396791220993,0.0,False
Brazil.regions.MS:São Gabriel do Oeste,0.0,0.0,7.841368573218338,0.0,False
Brazil.regions.MS:Tacuru,0.0,0.0,2.9202441829216887,0.0,False
Brazil.regions.MT:Acorizal,0.0,0.0,6.945194630770596,0.0,False
Brazil.regions.MT:Alto Paraguai,0.0,0.0,2.770836301601065,0.0,False
Brazil.regions.MT:Guarantã do Norte,0.0,0.0,8.784705631618847,0.0,False
Brazil.regions.MT:Jangada,0.0,0.0,0.3152665760626334,0.0,False
Brazil.regions.MT:Ponte Branca,0.0,0.0,51.87502277153364,0.0,False
Brazil.regions.PA:Bagre,1.0,0.0,5.056361350582385,0.0,False
Brazil.regions.PA:Bom Jesus do Tocantins,0.0,0.0,5.687819186498279,0.0,False
Brazil.regions.PA:Brejo Grande do Araguaia,0.0,0.0,1.9733816231424655,0.0,False
Brazil.regions.PA:Cachoeira do Arari,0.0,0.0,7.36923925709924,0.0,False
Brazil.regions.PA:Curionópolis,0.0,1.0,5.9991979632145,5.577555914998048,False
Brazil.regions.PA:Curralinho,0.0,0.0,8.673827728653793,0.0,False
Brazil.regions.PA:Floresta do Araguaia,1.0,0.0,1.7264780704899305,0.0,False
Brazil.regions.PA:Nova Esperança do Piriá,0.0,0.0,6.8968587078643635,0.0,False
Brazil.regions.PA:Oeiras do Pará,0.0,0.0,8.500966476637744,0.0,False
Brazil.regions.PA:Palestina do Pará,0.0,0.0,1.600212784061796,0.0,False
Brazil.regions.PA:Sapucaia,0.0,0.0,5.286652529881886,0.0,False
Brazil.regions.PA:Soure,7.0,0.0,19.951582213850195,0.0,False
Brazil.regions.PA:São Geraldo do Araguaia,0.0,0.0,7.552123138082955,0.0,False
Brazil.regions.PB:São José de Espinharas,0.0,0.0,9.781639970570025,0.0,False
Brazil.regions.PE:Floresta,0.0,0.0,8.534743717898612,0.0,False
Brazil.regions.PI:Alto Longá,0.0,0.0,4.585702424073846,0.0,False
Brazil.regions.PI:Aroazes,0.0,0.0,5.561206704478112,0.0,False
Brazil.regions.PI:Bertolínia,0.0,0.0,6.601759119424242,0.0,False
Brazil.regions.PI:Caracol,0.0,0.0,2.4158890925767835,0.0,False
Brazil.regions.PI:Colônia do Piauí,0.0,0.0,1.484897114472929,0.0,False
Brazil.regions.PI:Corrente,0.0,0.0,7.823563666532619,0.0,False
Brazil.regions.PI:Dirceu Arcoverde,0.0,0.0,2.6865466495295713,0.0,False
Brazil.regions.PI:Fartura do Piauí,0.0,0.0,7.2662836194320715,0.0,False
Brazil.regions.PI:Francisco Ayres,0.0,0.0,11.42232615858598,0.0,False
Brazil.regions.PI:Juazeiro do Piauí,0.0,0.0,6.6780836537334185,0.0,False
Brazil.regions.PI:Júlio Borges,0.0,1.0,6.194705158574374,17.771459036786922,False
Brazil.regions.PI:Lagoa do Barro do Piauí,0.0,0.0,9.90552324316232,0.0,False
Brazil.regions.PI:Lagoa do Sítio,0.0,0.0,7.7394524188707035,0.0,False
Brazil.regions.PI:Landri Sales,1.0,0.0,26.194728652476776,0.0,False
Brazil.regions.PI:Marcos Parente,0.0,0.0,10.406099496155447,0.0,False
Brazil.regions.PI:Nazaré do Piauí,0.0,0.0,2.049080704155621,0.0,False
Brazil.regions.PI:Nova Santa Rita,0.0,0.0,11.285614663168337,0.0,False
Brazil.regions.PI:Passagem Franca do Piauí,0.0,0.0,11.608963719747107,0.0,False
Brazil.regions.PI:Pavussu,0.0,0.0,15.619329885725444,0.0,False
Brazil.regions.PI:Queimada Nova,0.0,0.0,0.45575743693141035,0.0,False
Brazil.regions.PI:Ribeira do Piauí,0.0,0.0,10.759632094537059,0.0,False
Brazil.regions.PI:Santa Luz,0.0,1.0,5.488092538169704,17.064846416382252,False
Brazil.regions.PI:Socorro do Piauí,0.0,1.0,10.309873392525033,21.88662727073758,False
Brazil.regions.PI:São Francisco do Piauí,0.0,1.0,3.99229485290998,15.569048731122528,False
Brazil.regions.PI:São João da Fronteira,0.0,0.0,4.9740571115259495,0.0,False
Brazil.regions.PI:São Lourenço do Piauí,0.0,0.0,10.290729174488087,0.0,False
Brazil.regions.PI:São Miguel da Baixa Grande,0.0,0.0,29.20628037953623,0.0,False
Brazil.regions.PR:Guaraqueçaba,0.0,0.0,1.5191078294878189,0.0,False
Brazil.regions.RO:Alto Paraíso,0.0,0.0,6.90996276378283,0.0,False
Brazil.regions.RO:Cabixi,0.0,0.0,7.248547326606731,0.0,False
Brazil.regions.RO:Cujubim,0.0,1.0,7.610860560742788,3.96589331746976,False
Brazil.regions.RO:Espigão D'Oeste,0.0,0.0,8.48785537941722,0.0,False
Brazil.regions.RO:Monte Negro,0.0,0.0,5.2684016198224395,0.0,False
Brazil.regions.RO:Primavera de Rondônia,0.0,0.0,23.43725172402835,0.0,False
Brazil.regions.RO:Santa Luzia D'Oeste,1.0,0.0,19.216163750732797,0.0,False
Brazil.regions.RO:Vale do Paraíso,4.0,0.0,61.683319381860706,0.0,False
Brazil.regions.RR:São Luiz,0.0,0.0,0.9451594701470807,0.0,False
Brazil.regions.RS:Campestre da Serra,0.0,0.0,17.939184728635148,0.0,False
Brazil.regions.RS:Coxilha,0.0,0.0,24.70771636852185,0.0,False
Brazil.regions.RS:Derrubadas,0.0,0.0,24.07387000770545,0.0,False
Brazil.regions.RS:Encruzilhada do Sul,0.0,1.0,7.712318279031809,3.8644355991807395,False
Brazil.regions.RS:Eugênio de Castro,0.0,0.0,30.159473166862576,0.0,False
Brazil.regions.RS:Hulha Negra,0.0,0.0,3.1812154252113007,0.0,False
Brazil.regions.RS:Piratini,0.0,0.0,6.737185567705845,0.0,False
Brazil.regions.RS:Pontão,0.0,0.0,14.038000220148108,0.0,False
Brazil.regions.RS:Quaraí,1.0,0.0,2.761132597302776,0.0,False
Brazil.regions.RS:Rosário do Sul,0.0,0.0,9.040099218377938,0.0,False
Brazil.regions.RS:Santa Bárbara do Sul,0.0,0.0,0.9326281583148468,0.0,False
Brazil.regions.SC:Vargem,0.0,0.0,28.794663158525438,0.0,False
Brazil.regions.SC:Água Doce,1.0,0.0,16.414848641031682,0.0,False
Brazil.regions.SP:Barra do Turvo,0.0,0.0,1.4797809174526826,0.0,False
Brazil.regions.SP:Borebi,1.0,0.0,63.809601191519825,0.0,False
Brazil.regions.SP:Paulistânia,0.0,0.0,42.97861982609732,0.0,False
Brazil.regions.SP:Piquerobi,1.0,0.0,42.59442705353176,0.0,False
Brazil.regions.SP:Santo Antônio do Aracanguá,0.0,0.0,0.29973068235752365,0.0,False
Brazil.regions.TO:Alvorada,0.0,0.0,0.31102548460247803,0.0,False
Brazil.regions.TO:Ananás,0.0,0.0,1.104453113734591,0.0,False
Brazil.regions.TO:Aragominas,0.0,0.0,5.7903874903181904,0.0,False
Brazil.regions.TO:Arapoema,0.0,0.0,3.47668583276141,0.0,False
Brazil.regions.TO:Aurora do Tocantins,0.0,0.0,15.040227756070125,0.0,False
Brazil.regions.TO:Barrolândia,0.0,0.0,6.178927939969272,0.0,False
Brazil.regions.TO:Cariri do Tocantins,0.0,0.0,11.243875971171294,0.0,False
Brazil.regions.TO:Cristalândia,0.0,0.0,2.1425491811920345,0.0,False
Brazil.regions.TO:Dianópolis,0.0,0.0,7.0598380283548305,0.0,False
Brazil.regions.TO:Filadélfia,0.0,0.0,0.2849742937500377,0.0,False
Brazil.regions.TO:Itaguatins,3.0,0.0,56.6360701327015,0.0,False
Brazil.regions.TO:Maurilândia do Tocantins,1.0,0.0,46.80036229224863,0.0,False
Brazil.regions.TO:Miracema do Tocantins,0.0,0.0,6.0967012697075065,0.0,False
Brazil.regions.TO:Nova Olinda,0.0,0.0,3.1158011749381593,0.0,False
Brazil.regions.TO:Oliveira de Fátima,0.0,0.0,78.35130367574429,0.0,False
Brazil.regions.TO:Pedro Afonso,0.0,0.0,4.2118989658543216,0.0,False
Brazil.regions.TO:Presidente Kennedy,0.0,0.0,15.567654373687562,0.0,False
Brazil.regions.TO:Pugmil,0.0,0.0,25.6256270741684,0.0,False
Brazil.regions.TO:Santa Fé do Araguaia,1.0,0.0,15.047314279401936,0.0,False
Brazil.regions.TO:Silvanópolis,0.0,0.0,6.93148228688092,0.0,False
Brazil.regions.TO:São Bento do Tocantins,0.0,0.0,7.206116144326897,0.0,False
Brazil.regions.TO:Tabocão,0.0,0.0,27.0481978405978,0.0,False
United_States_of_America.regions.Alabama:Bullock,1.0,0.0,8.223265921807252,0.0,False
United_States_of_America.regions.Alabama:Choctaw,0.0,0.0,3.6333111901515425,0.0,False
United_States_of_America.regions.Alabama:Clarke,1.0,0.0,3.110070278178682,0.0,False
United_States_of_America.regions.Alabama:Conecuh,0.0,0.0,3.2896899849499324,0.0,False
United_States_of_America.regions.Alabama:Coosa,1.0,0.0,7.17969365062549,0.0,False
United_States_of_America.regions.Alabama:Greene,0.0,0.0,0.7521821346095443,0.0,False
United_States_of_America.regions.Alabama:Lowndes,0.0,0.0,1.295034774778454,0.0,False
United_States_of_America.regions.Alabama:Marengo,0.0,0.0,6.275370217076992,0.0,False
United_States_of_America.regions.Alabama:Monroe,0.0,0.0,6.753525208941338,0.0,False
United_States_of_America.regions.Alabama:Perry,1.0,0.0,10.837232449255792,0.0,False
United_States_of_America.regions.Alabama:Sumter,0.0,0.0,3.529759430638718,0.0,False
United_States_of_America.regions.Alabama:Washington,0.0,0.0,5.451554809242806,0.0,False
United_States_of_America.regions.Arkansas:Arkansas,0.0,0.0,5.857893075284491,0.0,False
United_States_of_America.regions.Arkansas:Bradley,0.0,0.0,2.285664033373749,0.0,False
United_States_of_America.regions.Arkansas:Chicot,0.0,0.0,1.6933777169158493,0.0,False
United_States_of_America.regions.Arkansas:Cleveland,0.0,0.0,0.9923763379764896,0.0,False
United_States_of_America.regions.Arkansas:Dallas,0.0,0.0,2.6906166453999507,0.0,False
United_States_of_America.regions.Arkansas:Desha,0.0,0.0,2.774711804451437,0.0,False
United_States_of_America.regions.Arkansas:Fulton,0.0,0.0,3.56200674348465,0.0,False
United_States_of_America.regions.Arkansas:Lafayette,0.0,0.0,3.5198644792753733,0.0,False
United_States_of_America.regions.Arkansas:Lee,0.0,0.0,0.2862491926531039,0.0,False
United_States_of_America.regions.Arkansas:Madison,0.0,0.0,5.543935345394015,0.0,False
United_States_of_America.regions.Arkansas:Monroe,0.0,0.0,3.34639192092191,0.0,False
United_States_of_America.regions.Arkansas:Montgomery,0.0,0.0,0.4483318884506957,0.0,False
United_States_of_America.regions.Arkansas:Nevada,0.0,0.0,0.5415204795189119,0.0,False
United_States_of_America.regions.Arkansas:Perry,0.0,0.0,2.0119523478443035,0.0,False
United_States_of_America.regions.Arkansas:Pike,0.0,0.0,2.2466549791642176,0.0,False
United_States_of_America.regions.Arkansas:Prairie,0.0,0.0,0.8271161292297737,0.0,False
United_States_of_America.regions.Arkansas:Searcy,0.0,0.0,1.1119912048987306,0.0,False
United_States_of_America.regions.Arkansas:Stone,1.0,0.0,4.415569806418828,0.0,False
United_States_of_America.regions.Arkansas:Woodruff,0.0,0.0,4.246030931914035,0.0,False
United_States_of_America.regions.California:Colusa,0.0,0.0,6.935736567217978,0.0,False
United_States_of_America.regions.California:Glenn,0.0,0.0,8.05475902032504,0.0,False
United_States_of_America.regions.Colorado:Chaffee,1.0,0.0,1.751640889413176,0.0,False
United_States_of_America.regions.Colorado:Lake,0.0,0.0,0.7279095892416176,0.0,False
United_States_of_America.regions.Colorado:Morgan,0.0,0.0,8.136544713495333,0.0,False
United_States_of_America.regions.Colorado:Otero,0.0,0.0,6.105695775575498,0.0,False
United_States_of_America.regions.Colorado:Ouray,1.0,0.0,28.81096825425918,0.0,False
United_States_of_America.regions.Colorado:Pitkin,8.0,0.0,39.07895614598962,0.0,False
United_States_of_America.regions.Florida:Glades,0.0,0.0,4.336148563608247,0.0,False
United_States_of_America.regions.Florida:Lafayette,0.0,0.0,0.2969103345635151,0.0,False
United_States_of_America.regions.Florida:Liberty,0.0,0.0,0.393559744004353,0.0,False
United_States_of_America.regions.Florida:Taylor,0.0,0.0,6.940470323110318,0.0,False
United_States_of_America.regions.Georgia:Calhoun,0.0,0.0,4.580945265429397,0.0,False
United_States_of_America.regions.Georgia:Charlton,0.0,0.0,4.109609314293791,0.0,False
United_States_of_America.regions.Georgia:Clay,0.0,0.0,23.70906122411632,0.0,False
United_States_of_America.regions.Georgia:Echols,0.0,0.0,13.385802287538828,0.0,False
United_States_of_America.regions.Georgia:Hancock,0.0,0.0,0.24777018469391976,0.0,False
United_States_of_America.regions.Georgia:Miller,0.0,0.0,5.9118785107346365,0.0,False
United_States_of_America.regions.Georgia:Quitman,0.0,0.0,31.920418805563003,0.0,False
United_States_of_America.regions.Georgia:Randolph,0.0,0.0,3.17686075737317,0.0,False
United_States_of_America.regions.Georgia:Screven,0.0,0.0,4.4165075657393995,0.0,False
United_States_of_America.regions.Georgia:Stewart,0.0,0.0,3.52670481382793,0.0,False
United_States_of_America.regions.Georgia:Talbot,0.0,0.0,4.5652961621425785,0.0,False
United_States_of_America.regions.Georgia:Taliaferro,0.0,0.0,53.48505484006983,0.0,False
United_States_of_America.regions.Georgia:Taylor,0.0,0.0,0.8920740519620143,0.0,False
United_States_of_America.regions.Georgia:Warren,1.0,0.0,26.489481371121293,0.0,False
United_States_of_America.regions.Georgia:Webster,0.0,0.0,26.781512328154918,0.0,False
United_States_of_America.regions.Georgia:Wilkes,0.0,0.0,1.3486675531639634,0.0,False
United_States_of_America.regions.Georgia:Wilkinson,0.0,0.0,0.4085608918377446,0.0,False
United_States_of_America.regions.Idaho:Bonner,0.0,0.0,9.390435856393093,0.0,False
United_States_of_America.regions.Idaho:Gooding,0.0,0.0,4.9887045996039445,0.0,False
United_States_of_America.regions.Illinois:Brown,0.0,0.0,3.6254352370200458,0.0,False
United_States_of_America.regions.Illinois:Calhoun,0.0,0.0,9.524744328160105,0.0,False
United_States_of_America.regions.Illinois:Gallatin,0.0,0.0,9.135756478042628,0.0,False
United_States_of_America.regions.Illinois:Hamilton,0.0,0.0,0.7445866836405823,0.0,False
United_States_of_America.regions.Illinois:Henderson,0.0,0.0,3.4698907200420415,0.0,False
United_States_of_America.regions.Illinois:Jasper,1.0,0.0,9.234900648322311,0.0,False
United_States_of_America.regions.Illinois:Pike,0.0,0.0,5.150431662416648,0.0,False
United_States_of_America.regions.Illinois:Pope,0.0,0.0,12.363873366221254,0.0,False
United_States_of_America.regions.Illinois:Schuyler,0.0,0.0,3.1986598333713765,0.0,False
United_States_of_America.regions.Illinois:Stark,0.0,0.0,7.14282680318019,0.0,False
United_States_of_America.regions.Indiana:Benton,1.0,0.0,11.285614663168337,0.0,False
United_States_of_America.regions.Iowa:Adair,0.0,0.0,2.4053490300648566,0.0,False
United_States_of_America.regions.Iowa:Adams,0.0,0.0,16.185600369427654,0.0,False
United_States_of_America.regions.Iowa:Allamakee,1.0,0.0,3.0356520544242613,0.0,False
United_States_of_America.regions.Iowa:Audubon,0.0,0.0,6.6182970679301025,0.0,False
United_States_of_America.regions.Iowa:Calhoun,0.0,0.0,1.2333529679932678,0.0,False
United_States_of_America.regions.Iowa:Cherokee,0.0,0.0,2.675997313904581,0.0,False
United_States_of_America.regions.Iowa:Clarke,0.0,0.0,0.9327943252588504,0.0,False
United_States_of_America.regions.Iowa:Davis,0.0,0.0,0.4656427671014356,0.0,False
United_States_of_America.regions.Iowa:Franklin,0.0,0.0,1.6462672843694506,0.0,False
United_States_of_America.regions.Iowa:Fremont,0.0,0.0,2.7910622137414745,0.0,False
United_States_of_America.regions.Iowa:Greene,0.0,0.0,0.32562876570129795,0.0,False
United_States_of_America.regions.Iowa:Guthrie,0.0,0.0,2.221341772309284,0.0,False
United_States_of_America.regions.Iowa:Hancock,1.0,0.0,7.237921568635995,0.0,False
United_States_of_America.regions.Iowa:Harrison,0.0,0.0,4.458809540537269,0.0,False
United_States_of_America.regions.Iowa:Howard,0.0,0.0,0.6573391588415074,0.0,False
United_States_of_America.regions.Iowa:Humboldt,0.0,0.0,1.114314037241634,0.0,False
United_States_of_America.regions.Iowa:Ida,0.0,0.0,3.0005055970061107,0.0,False
United_States_of_America.regions.Iowa:Keokuk,0.0,0.0,1.8168475733130744,0.0,False
United_States_of_America.regions.Iowa:Kossuth,0.0,0.0,4.825926901907951,0.0,False
United_States_of_America.regions.Iowa:Lucas,0.0,0.0,0.051153098531639074,0.0,False
United_States_of_America.regions.Iowa:Lyon,0.0,0.0,3.0697355881232244,0.0,False
United_States_of_America.regions.Iowa:Monona,0.0,0.0,0.030907178084607523,0.0,False
United_States_of_America.regions.Iowa:Monroe,0.0,0.0,1.3984634566778116,0.0,False
United_States_of_America.regions.Iowa:Osceola,0.0,0.0,5.2074018787528775,0.0,False
United_States_of_America.regions.Iowa:Palo Alto,0.0,0.0,0.32309643954498135,0.0,False
United_States_of_America.regions.Iowa:Pocahontas,0.0,0.0,3.5312684816605433,0.0,False
United_States_of_America.regions.Iowa:Ringgold,0.0,0.0,8.856429611775193,0.0,False
United_States_of_America.regions.Iowa:Sac,0.0,0.0,1.2897463686970667,0.0,False
United_States_of_America.regions.Iowa:Shelby,0.0,0.0,2.846179406412304,0.0,False
United_States_of_America.regions.Iowa:Taylor,0.0,0.0,4.760445925741054,0.0,False
United_States_of_America.regions.Iowa:Van Buren,0.0,0.0,2.6197253949277126,0.0,False
United_States_of_America.regions.Iowa:Wayne,0.0,0.0,3.9487856342855103,0.0,False
United_States_of_America.regions.Iowa:Worth,0.0,0.0,1.9715458101765595,0.0,False
United_States_of_America.regions.Kansas:Anderson,0.0,0.0,1.1491305707566557,0.0,False
United_States_of_America.regions.Kansas:Brown,0.0,0.0,1.1208776757867849,0.0,False
United_States_of_America.regions.Kansas:Clay,0.0,0.0,0.9201219028421885,0.0,False
United_States_of_America.regions.Kansas:Cloud,0.0,0.0,0.19501019508029138,0.0,False
United_States_of_America.regions.Kansas:Coffey,0.0,0.0,0.6496796711211097,0.0,False
United_States_of_America.regions.Kansas:Doniphan,0.0,0.0,1.5811408586295563,0.0,False
United_States_of_America.regions.Kansas:Grant,0.0,0.0,2.4092601078014386,0.0,False
United_States_of_America.regions.Kansas:Jackson,0.0,0.0,3.984315946392641,0.0,False
United_States_of_America.regions.Kansas:Linn,0.0,0.0,1.2706629784908117,0.0,False
United_States_of_America.regions.Kansas:Nemaha,0.0,0.0,1.8025382590159875,0.0,False
United_States_of_America.regions.Kansas:Pratt,0.0,0.0,0.6644884919183536,0.0,False
United_States_of_America.regions.Kansas:Rice,0.0,0.0,1.0912762647072523,0.0,False
United_States_of_America.regions.Kansas:Sumner,0.0,0.0,7.197703256387359,0.0,False
United_States_of_America.regions.Kansas:Wilson,0.0,0.0,0.15345140037982752,0.0,False
United_States_of_America.regions.Kentucky:Cumberland,0.0,0.0,3.5426897262628074,0.0,False
United_States_of_America.regions.Kentucky:Hickman,0.0,0.0,11.254296350097954,0.0,False
United_States_of_America.regions.Louisiana:Bienville,0.0,0.0,4.024454202961435,0.0,False
United_States_of_America.regions.Louisiana:Caldwell,0.0,0.0,1.4940759189465673,0.0,False
United_States_of_America.regions.Louisiana:Catahoula,0.0,0.0,1.0437856877764826,0.0,False
United_States_of_America.regions.Louisiana:Claiborne,0.0,0.0,5.195132946495892,0.0,False
United_States_of_America.regions.Louisiana:East Carroll,0.0,0.0,2.9983809417845357,0.0,False
United_States_of_America.regions.Louisiana:Madison,0.0,0.0,2.4451677216971603,0.0,False
United_States_of_America.regions.Louisiana:Red River,0.0,0.0,0.2687803553813879,0.0,False
United_States_of_America.regions.Louisiana:Winn,0.0,0.0,4.3845789645186475,0.0,False
United_States_of_America.regions.Maine:Franklin,0.0,0.0,8.26538595212228,0.0,False
United_States_of_America.regions.Michigan:Alcona,0.0,0.0,1.9659898224701173,0.0,False
United_States_of_America.regions.Michigan:Chippewa,0.0,0.0,8.899306021509558,0.0,False
United_States_of_America.regions.Michigan:Lake,0.0,0.0,3.140071181848759,0.0,False
United_States_of_America.regions.Michigan:Menominee,0.0,0.0,7.186938250468913,0.0,False
United_States_of_America.regions.Michigan:Montmorency,0.0,0.0,0.8563422144046573,0.0,False
United_States_of_America.regions.Michigan:Oscoda,1.0,0.0,12.692145527199417,0.0,False
United_States_of_America.regions.Michigan:Presque Isle,0.0,0.0,3.635203687615343,0.0,False
United_States_of_America.regions.Minnesota:Big Stone,0.0,0.0,8.459311038637784,0.0,False
United_States_of_America.regions.Minnesota:Chippewa,0.0,0.0,3.102177607026107,0.0,False
United_States_of_America.regions.Minnesota:Cottonwood,0.0,0.0,2.6449925348756427,0.0,False
United_States_of_America.regions.Minnesota:Faribault,0.0,0.0,4.252356309912542,0.0,False
United_States_of_America.regions.Minnesota:Grant,0.0,0.0,5.168055230963608,0.0,False
United_States_of_America.regions.Minnesota:Jackson,0.0,0.0,1.420345184326706,0.0,False
United_States_of_America.regions.Minnesota:Lincoln,0.0,0.0,6.156886838226535,0.0,False
United_States_of_America.regions.Minnesota:Mahnomen,0.0,0.0,6.516244131557672,0.0,False
United_States_of_America.regions.Minnesota:Murray,0.0,0.0,0.6272978669668507,0.0,False
United_States_of_America.regions.Minnesota:Pine,0.0,0.0,8.195976975680347,0.0,False
United_States_of_America.regions.Minnesota:Pipestone,0.0,0.0,0.6190506128169737,0.0,False
United_States_of_America.regions.Minnesota:Pope,0.0,0.0,2.6870747956274297,0.0,False
United_States_of_America.regions.Minnesota:Red Lake,0.0,0.0,13.084158575548239,0.0,False
United_States_of_America.regions.Minnesota:Redwood,0.0,0.0,4.9847960667425415,0.0,False
United_States_of_America.regions.Minnesota:Renville,0.0,0.0,4.702956792702512,0.0,False
United_States_of_America.regions.Minnesota:Rock,1.0,0.0,9.89399223021472,0.0,False
United_States_of_America.regions.Minnesota:Swift,0.0,0.0,0.7846105585492626,0.0,False
United_States_of_America.regions.Minnesota:Yellow Medicine,0.0,0.0,1.2770319707040514,0.0,False
United_States_of_America.regions.Mississippi:Amite,0.0,0.0,3.4446891469772876,0.0,False
United_States_of_America.regions.Mississippi:Benton,0.0,0.0,0.5312495120284009,0.0,False
United_States_of_America.regions.Mississippi:Carroll,0.0,0.0,1.5234714815100254,0.0,False
United_States_of_America.regions.Mississippi:Choctaw,0.0,0.0,0.6035140876827025,0.0,False
United_States_of_America.regions.Mississippi:Claiborne,0.0,0.0,0.4508081728275908,0.0,False
United_States_of_America.regions.Mississippi:Franklin,0.0,0.0,1.3883699387199027,0.0,False
United_States_of_America.regions.Mississippi:Greene,0.0,0.0,4.216235697732642,0.0,False
United_States_of_America.regions.Mississippi:Humphreys,0.0,0.0,0.8240397725811022,0.0,False
United_States_of_America.regions.Mississippi:Jefferson,0.0,0.0,2.729397766994893,0.0,False
United_States_of_America.regions.Mississippi:Kemper,0.0,0.0,1.3119211949852847,0.0,False
United_States_of_America.regions.Mississippi:Noxubee,0.0,0.0,1.9770610683824632,0.0,False
United_States_of_America.regions.Mississippi:Perry,0.0,0.0,3.224628262243284,0.0,False
United_States_of_America.regions.Mississippi:Quitman,1.0,0.0,17.869653660067776,0.0,False
United_States_of_America.regions.Mississippi:Sharkey,0.0,0.0,11.566037142384536,0.0,False
United_States_of_America.regions.Mississippi:Tallahatchie,0.0,0.0,4.33509988444037,0.0,False
United_States_of_America.regions.Mississippi:Tunica,0.0,0.0,1.194694077548096,0.0,False
United_States_of_America.regions.Mississippi:Wilkinson,0.0,0.0,0.010731637430557939,0.0,False
United_States_of_America.regions.Missouri:Atchison,0.0,0.0,7.867150457778118,0.0,False
United_States_of_America.regions.Missouri:Bates,0.0,0.0,5.393226794363921,0.0,False
United_States_of_America.regions.Missouri:Bollinger,0.0,0.0,3.334769208304035,0.0,False
United_States_of_America.regions.Missouri:Caldwell,0.0,0.0,0.4902793771039011,0.0,False
United_States_of_America.regions.Missouri:Carroll,0.0,0.0,0.0546891242086307,0.0,False
United_States_of_America.regions.Missouri:Carter,0.0,0.0,5.14006323980818,0.0,False
United_States_of_America.regions.Missouri:Chariton,0.0,0.0,1.8894459601930542,0.0,False
United_States_of_America.regions.Missouri:Clark,0.0,0.0,3.135619227569414,0.0,False
United_States_of_America.regions.Missouri:Daviess,0.0,0.0,0.5034587335294187,0.0,False
United_States_of_America.regions.Missouri:Dent,0.0,0.0,5.15538355778617,0.0,False
United_States_of_America.regions.Missouri:Gentry,0.0,0.0,3.6416299294270793,0.0,False
United_States_of_America.regions.Missouri:Harrison,0.0,0.0,0.3964261984158046,0.0,False
United_States_of_America.regions.Missouri:Holt,0.0,0.0,11.135033539457224,0.0,False
United_States_of_America.regions.Missouri:Howard,0.0,0.0,1.5777537782225473,0.0,False
United_States_of_America.regions.Missouri:Iron,0.0,0.0,1.7002106683360054,0.0,False
United_States_of_America.regions.Missouri:Lewis,0.0,0.0,1.3476213086544462,0.0,False
United_States_of_America.regions.Missouri:Linn,0.0,0.0,3.1874921332461064,0.0,False
United_States_of_America.regions.Missouri:Macon,0.0,0.0,4.961684750740166,0.0,False
United_States_of_America.regions.Missouri:Maries,0.0,0.0,0.07853610196786676,0.0,False
United_States_of_America.regions.Missouri:Oregon,0.0,0.0,2.0791757606325305,0.0,False
United_States_of_America.regions.Missouri:Ralls,0.0,0.0,1.876491971141057,0.0,False
United_States_of_America.regions.Missouri:Ripley,0.0,0.0,4.051166882426877,0.0,False
United_States_of_America.regions.Missouri:Schuyler,0.0,0.0,9.882473589598609,0.0,False
United_States_of_America.regions.Missouri:Scotland,0.0,0.0,8.823082923093041,0.0,False
United_States_of_America.regions.Missouri:Shelby,0.0,0.0,5.286652529881886,0.0,False
United_States_of_America.regions.Missouri:St. Clair,1.0,0.0,9.706634437207269,0.0,False
United_States_of_America.regions.Missouri:Worth,0.0,0.0,38.10034497921418,0.0,False
United_States_of_America.regions.Montana:Deer Lodge,0.0,0.0,0.6358348410134234,0.0,False
United_States_of_America.regions.Montana:Lake,0.0,0.0,8.293544212443292,0.0,False
United_States_of_America.regions.Nebraska:Burt,0.0,0.0,3.9055189194341455,0.0,False
United_States_of_America.regions.Nebraska:Butler,0.0,0.0,0.8982960219870524,0.0,False
United_States_of_America.regions.Nebraska:Cedar,1.0,0.0,12.227102346495856,0.0,False
United_States_of_America.regions.Nebraska:Clay,0.0,0.0,4.544477783886434,0.0,False
United_States_of_America.regions.Nebraska:Cuming,0.0,0.0,0.2722094513529498,0.0,False
United_States_of_America.regions.Nebraska:Dixon,0.0,0.0,6.166326320509951,0.0,False
United_States_of_America.regions.Nebraska:Fillmore,0.0,0.0,6.731558095423482,0.0,False
United_States_of_America.regions.Nebraska:Hamilton,1.0,0.0,9.873267571808901,0.0,False
United_States_of_America.regions.Nebraska:Howard,1.0,0.0,19.45505372458031,0.0,False
United_States_of_America.regions.Nebraska:Jefferson,0.0,0.0,2.6156957385913113,0.0,False
United_States_of_America.regions.Nebraska:Johnson,0.0,0.0,8.14322245781585,0.0,False
United_States_of_America.regions.Nebraska:Kearney,0.0,0.0,3.8197049362601234,0.0,False
United_States_of_America.regions.Nebraska:Merrick,0.0,0.0,1.3181526337152416,0.0,False
United_States_of_America.regions.Nebraska:Nance,0.0,0.0,16.84041008882354,0.0,False
United_States_of_America.regions.Nebraska:Nemaha,0.0,0.0,2.76633275403071,0.0,False
United_States_of_America.regions.Nebraska:Phelps,0.0,0.0,0.5074600991556526,0.0,False
United_States_of_America.regions.Nebraska:Pierce,0.0,0.0,2.4131733741657406,0.0,False
United_States_of_America.regions.Nebraska:Polk,0.0,0.0,7.606058322056013,0.0,False
United_States_of_America.regions.Nebraska:Red Willow,0.0,0.0,2.2518751016366423,0.0,False
United_States_of_America.regions.Nebraska:Richardson,0.0,0.0,1.1378042908910757,0.0,False
United_States_of_America.regions.Nebraska:Stanton,0.0,0.0,5.315138013679343,0.0,False
United_States_of_America.regions.Nebraska:Thurston,0.0,0.0,2.265992522673388,0.0,False
United_States_of_America.regions.Nebraska:Wayne,0.0,0.0,0.9214528659589529,0.0,False
United_States_of_America.regions.Nevada:Storey,0.0,0.0,12.677429968501011,0.0,False
United_States_of_America.regions.New Hampshire:Coos,0.0,0.0,8.408487236892014,0.0,False
United_States_of_America.regions.New York:Essex,0.0,0.0,8.865624692906868,0.0,False
United_States_of_America.regions.New York:Lewis,1.0,0.0,3.971034377147748,0.0,False
United_States_of_America.regions.North Carolina:Jones,2.0,0.0,20.273761038445272,0.0,False
United_States_of_America.regions.North Carolina:Tyrrell,1.0,0.0,38.224042934536456,0.0,False
United_States_of_America.regions.North Dakota:Rolette,0.0,0.0,4.522577805977786,0.0,False
United_States_of_America.regions.North Dakota:Stark,1.0,0.0,5.225329571311725,0.0,False
United_States_of_America.regions.Oklahoma:Atoka,0.0,0.0,4.308255549967164,0.0,False
United_States_of_America.regions.Oklahoma:Caddo,0.0,0.0,8.0999441987744,0.0,False
United_States_of_America.regions.Oklahoma:Choctaw,0.0,0.0,4.761050497623671,0.0,False
United_States_of_America.regions.Oklahoma:Coal,0.0,0.0,6.621608269194185,0.0,False
United_States_of_America.regions.Oklahoma:Craig,0.0,0.0,4.5056182538312735,0.0,False
United_States_of_America.regions.Oklahoma:Johnston,1.0,0.0,6.465645760939461,0.0,False
United_States_of_America.regions.Oklahoma:Kingfisher,1.0,0.0,1.1095766006964265,0.0,False
United_States_of_America.regions.Oklahoma:Latimer,0.0,0.0,1.6492248401901133,0.0,False
United_States_of_America.regions.Oklahoma:Love,0.0,0.0,1.8235109249305825,0.0,False
United_States_of_America.regions.Oklahoma:McCurtain,0.0,0.0,8.53094491135095,0.0,False
United_States_of_America.regions.Oklahoma:Noble,0.0,0.0,2.592835092838367,0.0,False
United_States_of_America.regions.Oklahoma:Nowata,0.0,0.0,1.6521806348620132,0.0,False
United_States_of_America.regions.Oklahoma:Okfuskee,0.0,0.0,3.2385565964648624,0.0,False
United_States_of_America.regions.Oklahoma:Woodward,0.0,0.0,6.628953175624848,0.0,False
United_States_of_America.regions.Pennsylvania:Cameron,0.0,0.0,10.91031605657495,0.0,False
United_States_of_America.regions.Pennsylvania:Forest,0.0,0.0,2.222059423843474,0.0,False
United_States_of_America.regions.Pennsylvania:Potter,0.0,0.0,5.525682838638543,0.0,False
United_States_of_America.regions.Pennsylvania:Sullivan,0.0,0.0,4.9085741798158065,0.0,False
United_States_of_America.regions.South Carolina:Allendale,0.0,0.0,0.06662496476871738,0.0,False
United_States_of_America.regions.South Dakota:Beadle,0.0,0.0,6.157580844017566,0.0,False
United_States_of_America.regions.South Dakota:Bon Homme,0.0,0.0,2.9138996502615875,0.0,False
United_States_of_America.regions.South Dakota:Brown,0.0,0.0,9.002022293980204,0.0,False
United_States_of_America.regions.South Dakota:Grant,1.0,0.0,16.783994845553764,0.0,False
United_States_of_America.regions.South Dakota:Hamlin,0.0,0.0,4.646477789535668,0.0,False
United_States_of_America.regions.South Dakota:McCook,0.0,0.0,6.325143722933175,0.0,False
United_States_of_America.regions.South Dakota:Moody,0.0,0.0,3.6300587738555787,0.0,False
United_States_of_America.regions.South Dakota:Turner,0.0,0.0,0.3507270378179861,0.0,False
United_States_of_America.regions.Tennessee:Perry,0.0,0.0,0.8056136304551078,0.0,False
United_States_of_America.regions.Tennessee:Van Buren,0.0,0.0,5.453218873831046,0.0,False
United_States_of_America.regions.Texas:Blanco,0.0,0.0,3.195226763972334,0.0,False
United_States_of_America.regions.Texas:Bosque,0.0,0.0,6.224867338207196,0.0,False
United_States_of_America.regions.Texas:Callahan,0.0,0.0,4.404696214868935,0.0,False
United_States_of_America.regions.Texas:Childress,0.0,0.0,2.110626357210391,0.0,False
United_States_of_America.regions.Texas:Comanche,0.0,0.0,4.242687138205214,0.0,False
United_States_of_America.regions.Texas:Dawson,0.0,0.0,3.7200599750070165,0.0,False
United_States_of_America.regions.Texas:Delta,0.0,0.0,7.181452837225455,0.0,False
United_States_of_America.regions.Texas:Eastland,1.0,0.0,0.6835076908487139,0.0,False
United_States_of_America.regions.Texas:Frio,0.0,0.0,6.652101066235792,0.0,False
United_States_of_America.regions.Texas:Gonzales,0.0,0.0,6.777598529553912,0.0,False
United_States_of_America.regions.Texas:Hamilton,0.0,0.0,0.24218005394677178,0.0,False
United_States_of_America.regions.Texas:Houston,0.0,0.0,7.222870213984056,0.0,False
United_States_of_America.regions.Texas:Jackson,0.0,0.0,4.801686127535041,0.0,False
United_States_of_America.regions.Texas:Karnes,0.0,0.0,5.166908355489646,0.0,False
United_States_of_America.regions.Texas:Lavaca,0.0,0.0,6.614959693435333,0.0,False
United_States_of_America.regions.Texas:Leon,0.0,0.0,5.830948316272765,0.0,False
United_States_of_America.regions.Texas:Newton,0.0,0.0,4.221108420323618,0.0,False
United_States_of_America.regions.Texas:Nolan,0.0,0.0,4.780505407368453,0.0,False
United_States_of_America.regions.Texas:Robertson,0.0,0.0,5.7198954970482045,0.0,False
United_States_of_America.regions.Texas:Sabine,0.0,0.0,2.09088781864131,0.0,False
United_States_of_America.regions.Texas:San Augustine,0.0,0.0,0.5635884794419379,0.0,False
United_States_of_America.regions.Texas:Scurry,0.0,0.0,5.5898054258387235,0.0,False
United_States_of_America.regions.Texas:Terry,0.0,0.0,3.4710555723034933,0.0,False
United_States_of_America.regions.Texas:Trinity,1.0,0.0,2.074191449751414,0.0,False
United_States_of_America.regions.Texas:Uvalde,0.0,0.0,7.837177946123247,0.0,False
United_States_of_America.regions.Texas:Yoakum,0.0,0.0,0.09965069905496726,0.0,False
United_States_of_America.regions.Texas:Young,0.0,0.0,6.024283028684508,0.0,False
United_States_of_America.regions.Texas:Zapata,0.0,0.0,4.5240703321232605,0.0,False
United_States_of_America.regions.Utah:Morgan,1.0,0.0,4.919451994436743,0.0,False
United_States_of_America.regions.Utah:Sanpete,2.0,0.0,1.8802543145550281,0.0,False
United_States_of_America.regions.Utah:Summit,1.0,0.0,6.831232464047166,0.0,False
United_States_of_America.regions.Virginia:Craig,1.0,0.0,27.402002699452623,0.0,False
United_States_of_America.regions.Virginia:King and Queen,0.0,0.0,2.658121566627308,0.0,False
United_States_of_America.regions.Washington:Douglas,0.0,0.0,9.274145022378889,0.0,False
United_States_of_America.regions.Washington:Jefferson,0.0,0.0,8.473187880881614,0.0,False
United_States_of_America.regions.Washington:Wahkiakum,0.0,0.0,10.704886050486204,0.0,False
United_States_of_America.regions.West Virginia:Pendleton,0.0,0.0,2.772507134845279,0.0,False
United_States_of_America.regions.West Virginia:Ritchie,0.0,0.0,1.1099336981832408,0.0,False
United_States_of_America.regions.West Virginia:Tucker,1.0,0.0,17.667287648326415,0.0,False
United_States_of_America.regions.Wisconsin:Ashland,0.0,0.0,5.150844612051387,0.0,False
United_States_of_America.regions.Wisconsin:Buffalo,0.0,0.0,3.9027457437639255,0.0,False
United_States_of_America.regions.Wisconsin:Burnett,0.0,1.0,5.089145210767368,6.48760866744518,False
United_States_of_America.regions.Wisconsin:Florence,0.0,0.0,11.706133199785123,0.0,False
United_States_of_America.regions.Wisconsin:Jackson,1.0,0.0,1.8882396118752904,0.0,False
United_States_of_America.regions.Wisconsin:Menominee,0.0,0.0,10.372324260505627,0.0,False
United_States_of_America.regions.Wisconsin:Rusk,0.0,0.0,4.523572893588483,0.0,False
United_States_of_America.regions.Wisconsin:Washburn,0.0,0.0,5.215430722996263,0.0,False
Andorra,0.0,0.0,10.278153769130139,0.0,False
Brazil.regions.AL:Marechal Deodoro,0.0,0.0,9.650008728793463,0.0,False
Brazil.regions.AL:Messias,0.0,1.0,5.97639545527348,5.600358422939068,False
Brazil.regions.AL:Palmeira dos Índios,0.0,0.0,10.210969508248878,0.0,False
Brazil.regions.AL:União dos Palmares,0.0,0.0,10.052619205672883,0.0,False
Brazil.regions.BA:Ipiaú,0.0,0.0,9.396822328063223,0.0,False
Brazil.regions.BA:Ubatã,3.0,0.0,3.2188814093776124,0.0,False
Brazil.regions.MA:Pedreiras,0.0,0.0,9.027619309398661,0.0,False
Brazil.regions.MG:Cataguases,0.0,0.0,10.245603631284178,0.0,False
Brazil.regions.MG:Ipaba,0.0,0.0,6.202432386300901,0.0,False
Brazil.regions.MG:Matozinhos,0.0,0.0,8.932650229349512,0.0,False
Brazil.regions.MG:Ouro Branco,0.0,0.0,9.045108308592294,0.0,False
Brazil.regions.PB:Alagoinha,0.0,0.0,4.674966315233737,0.0,False
Brazil.regions.PB:Sertãozinho,1.0,0.0,28.23216331923968,0.0,False
Brazil.regions.PE:Belém de Maria,0.0,1.0,3.2938084628228363,8.282945415389712,False
Brazil.regions.PE:Fernando de Noronha,0.0,0.0,21.09230851969663,0.0,False
Brazil.regions.PE:Ribeirão,0.0,0.0,9.467716653705535,0.0,False
Brazil.regions.PE:Santa Maria do Cambucá,0.0,0.0,4.503117321658824,0.0,False
Brazil.regions.PE:São Vicente Ferrer,0.0,0.0,6.026748328206998,0.0,False
Brazil.regions.PR:Cascavel,0.0,0.0,11.272297241971248,0.0,False
Brazil.regions.PR:Pato Branco,0.0,0.0,10.370204729432972,0.0,False
Brazil.regions.RN:Macaíba,0.0,0.0,10.339007566696557,0.0,False
Brazil.regions.RN:São José de Mipibu,0.0,0.0,9.298797660531053,0.0,False
Brazil.regions.RS:Bom Princípio,0.0,0.0,4.461848150713437,0.0,False
Brazil.regions.RS:Encantado,0.0,0.0,7.172631619778654,0.0,False
Brazil.regions.RS:Gramado,0.0,0.0,8.816762710184285,0.0,False
Brazil.regions.RS:Montenegro,0.0,0.0,10.044515584513112,0.0,False
Brazil.regions.RS:Santa Maria,0.0,0.0,11.222298551989589,0.0,False
Brazil.regions.RS:Santa Rosa,0.0,0.0,10.211640710330931,0.0,False
Brazil.regions.SC:Braço do Norte,0.0,0.0,8.58721725638893,0.0,False
Brazil.regions.SC:Indaial,0.0,0.0,10.136350565284928,0.0,False
Brazil.regions.SC:Maravilha,0.0,0.0,7.695067673725319,0.0,False
Brazil.regions.SC:Pinhalzinho,0.0,0.0,6.653798135584674,0.0,False
Brazil.regions.SC:Pomerode,0.0,0.0,8.586949112463751,0.0,False
Brazil.regions.SC:Sangão,0.0,0.0,3.689074433505181,0.0,False
Brazil.regions.SP:Amparo,0.0,0.0,10.191616403318164,0.0,False
Brazil.regions.SP:Araçariguama,0.0,0.0,7.105281869627322,0.0,False
Brazil.regions.SP:Bady Bassitt,0.0,0.0,5.863121150524284,0.0,False
Brazil.regions.SP:Conchal,0.0,0.0,8.011691489620748,0.0,False
Brazil.regions.SP:Estiva Gerbi,0.0,0.0,2.7303278343342754,0.0,False
Brazil.regions.SP:Guaratinguetá,0.0,0.0,10.755722334180627,0.0,False
Brazil.regions.SP:Lindóia,2.0,0.0,26.01723108419347,0.0,False
Brazil.regions.SP:Matão,0.0,0.0,10.37439725923936,0.0,False
Brazil.regions.SP:Orlândia,0.0,0.0,9.305471966701692,0.0,False
Brazil.regions.SP:Palmares Paulista,0.0,0.0,4.04379719271349,0.0,False
Brazil.regions.SP:Rio das Pedras,0.0,0.0,8.738102805202443,0.0,False
Brazil.regions.SP:Salto de Pirapora,0.0,0.0,9.375177549561233,0.0,False
Brazil.regions.SP:Santa Fé do Sul,1.0,0.0,5.389017970781078,0.0,False
Brazil.regions.SP:Santa Isabel,0.0,0.0,9.834168578662135,0.0,False
Brazil.regions.SP:Santo Antônio de Posse,0.0,0.0,7.2867495882082585,0.0,False
Brazil.regions.SP:Vargem Grande do Sul,0.0,0.0,9.242759246400201,0.0,False
United_States_of_America.regions.Colorado:Douglas,0.0,0.0,11.291978537478853,0.0,False
United_States_of_America.regions.Connecticut:New London,0.0,0.0,11.199688502617727,0.0,False
United_States_of_America.regions.Florida:Hernando,3.0,0.0,9.514047607585486,0.0,False
United_States_of_America.regions.Florida:Lake,0.0,0.0,11.30436189525339,0.0,False
United_States_of_America.regions.Georgia:Catoosa,0.0,0.0,10.097026148114885,0.0,False
United_States_of_America.regions.Georgia:Houston,0.0,0.0,10.94329321928677,0.0,False
United_States_of_America.regions.Georgia:Newton,0.0,0.0,10.681851243619192,0.0,False
United_States_of_America.regions.Idaho:Canyon,0.0,0.0,11.141685637759032,0.0,False
United_States_of_America.regions.Illinois:Kendall,2.0,0.0,9.250992191260071,0.0,False
United_States_of_America.regions.Illinois:St. Clair,1.0,0.0,10.806592991603335,0.0,False
United_States_of_America.regions.Indiana:Hendricks,0.0,0.0,10.98959274358237,0.0,False
United_States_of_America.regions.Indiana:Porter,0.0,0.0,10.989861531875636,0.0,False
United_States_of_America.regions.Indiana:Tippecanoe,0.0,0.0,11.06585121538787,0.0,False
United_States_of_America.regions.Maryland:Frederick,0.0,0.0,11.191467205663837,0.0,False
United_States_of_America.regions.Minnesota:Scott,0.0,0.0,10.905671489427677,0.0,False
United_States_of_America.regions.Mississippi:DeSoto,0.0,0.0,11.036052588639972,0.0,False
United_States_of_America.regions.Nevada:Carson City,0.0,0.0,9.78835699717671,0.0,False
United_States_of_America.regions.New York:Niagara,2.0,0.0,10.14327448925703,0.0,False
United_States_of_America.regions.New York:Putnam,1.0,0.0,9.542579752907422,0.0,False
United_States_of_America.regions.North Carolina:Alamance,2.0,0.0,9.806936346400079,0.0,False
United_States_of_America.regions.North Carolina:Buncombe,0.0,0.0,11.19389229416103,0.0,False
United_States_of_America.regions.North Carolina:Catawba,0.0,0.0,10.949995036212185,0.0,False
United_States_of_America.regions.Ohio:Greene,0.0,0.0,10.984817239110397,0.0,False
United_States_of_America.regions.Ohio:Medina,0.0,0.0,11.020413264235046,0.0,False
United_States_of_America.regions.Pennsylvania:Lebanon,0.0,0.0,10.871500445391463,0.0,False
United_States_of_America.regions.South Carolina:Spartanburg,0.0,0.0,11.2640437761127,0.0,False
United_States_of_America.regions.South Carolina:York,0.0,0.0,11.220855394695986,0.0,False
United_States_of_America.regions.Tennessee:Hamblen,0.0,0.0,10.036728621798343,0.0,False
United_States_of_America.regions.Tennessee:Montgomery,0.0,0.0,11.09826895288012,0.0,False
United_States_of_America.regions.Tennessee:Washington,1.0,0.0,10.030860158405785,0.0,False
United_States_of_America.regions.Tennessee:Williamson,0.0,0.0,11.157311903815286,0.0,False
United_States_of_America.regions.Texas:Brazos,0.0,0.0,11.140474642050235,0.0,False
United_States_of_America.regions.Washington:Island,0.0,0.0,10.402231615143052,0.0,False
United_States_of_America.regions.Washington:Thurston,0.0,0.0,11.23256245270934,0.0,False
United_States_of_America.regions.West Virginia:Ohio,1.0,0.0,6.747119240072923,0.0,False
United_States_of_America.regions.Wisconsin:Winnebago,0.0,0.0,10.99504400019711,0.0,False
Bahrain,0.0,0.0,11.513036843017169,0.0,False
Brazil.regions.AL:Maceió,0.0,0.0,11.478613443175627,0.0,False
Brazil.regions.SP:São Bernardo do Campo,0.0,0.0,11.457555274266598,0.0,False
Benin,0.0,0.0,11.5680469054598,0.0,False
Cuba,2.0,0.0,11.550294507194133,0.0,False
United_States_of_America.regions.Ohio,2.0,0.0,11.551088942503211,0.0,False
United_States_of_America.regions.Pennsylvania,1.0,0.0,11.561131305813838,0.0,False
Belarus,0.0,0.0,11.566211344677276,0.0,False
Brazil.regions.PR,5.0,0.0,11.524278606528389,0.0,False
Brazil.regions.AL:Branquinha,0.0,0.0,2.0474990659388688,0.0,False
Brazil.regions.AL:Capela,0.0,0.0,5.712683040236826,0.0,False
Brazil.regions.AL:Coruripe,1.0,0.0,8.063852748814835,0.0,False
Brazil.regions.AL:Murici,0.0,0.0,8.035175750999063,0.0,False
Brazil.regions.AL:Olivença,0.0,0.0,2.973863306980615,0.0,False
Brazil.regions.AL:Paulo Jacinto,0.0,0.0,1.6437643661026282,0.0,False
Brazil.regions.AL:São José da Tapera,1.0,0.0,5.377125855893887,0.0,False
Brazil.regions.AL:Viçosa,0.0,0.0,7.690693177944411,0.0,False
Brazil.regions.AP:Macapá,0.0,0.0,11.378075881601994,0.0,False
Brazil.regions.BA:Capim Grosso,0.0,0.0,8.31538801819037,0.0,False
Brazil.regions.BA:Conceição do Coité,1.0,0.0,8.574291859357086,0.0,False
Brazil.regions.BA:Guanambi,0.0,0.0,10.39305576857843,0.0,False
Brazil.regions.BA:Itororó,0.0,0.0,6.670464014607407,0.0,False
Brazil.regions.BA:Ituberá,0.0,0.0,8.080494875345616,0.0,False
Brazil.regions.BA:Porto Seguro,0.0,0.0,10.90419560103783,0.0,False
Brazil.regions.BA:Presidente Dutra,0.0,0.0,4.972606473642478,0.0,False
Brazil.regions.BA:Presidente Tancredo Neves,0.0,0.0,7.9691201251911545,0.0,False
Brazil.regions.BA:Saubara,0.0,0.0,3.2731750357314393,0.0,False
Brazil.regions.BA:Teofilândia,0.0,0.0,7.1358621471529515,0.0,False
Brazil.regions.BA:Valente,0.0,0.0,8.064654696531658,0.0,False
Brazil.regions.CE:Abaiara,0.0,0.0,3.05668912572043,0.0,False
Brazil.regions.CE:Chorozinho,1.0,0.0,1.7070341782520266,0.0,False
Brazil.regions.CE:Groaíras,0.0,0.0,2.5416978608652396,0.0,False
Brazil.regions.CE:Guaraciaba do Norte,0.0,0.0,9.116245044985837,0.0,False
Brazil.regions.CE:Ipu,0.0,0.0,9.193758930161838,0.0,False
Brazil.regions.CE:Massapê,0.0,0.0,8.995242661546312,0.0,False
Brazil.regions.CE:Porteiras,0.0,0.0,4.908308959567576,0.0,False
Brazil.regions.CE:Umirim,0.0,1.0,6.532617686535373,5.044136191677175,False
Brazil.regions.ES:Anchieta,1.0,0.0,4.7421846269396095,0.0,False
Brazil.regions.ES:Aracruz,0.0,0.0,10.588806832174216,0.0,False
Brazil.regions.ES:Guaçuí,0.0,0.0,8.33704804350234,0.0,False
Brazil.regions.ES:Iconha,0.0,0.0,4.361746663205333,0.0,False
Brazil.regions.ES:Irupi,0.0,0.0,4.101236198613235,0.0,False
Brazil.regions.ES:Itapemirim,0.0,0.0,8.665376214301986,0.0,False
Brazil.regions.ES:Iúna,0.0,1.0,8.147516197748915,3.429237680463633,False
Brazil.regions.MA:Alto Alegre do Maranhão,1.0,0.0,4.18385845071837,0.0,False
Brazil.regions.MA:Dom Pedro,0.0,0.0,7.294098631959871,0.0,False
Brazil.regions.MA:Presidente Dutra,0.0,0.0,9.48487872132191,0.0,False
Brazil.regions.MA:Rosário,0.0,0.0,9.23702528672916,0.0,False
Brazil.regions.MG:Além Paraíba,0.0,0.0,8.74885952834546,0.0,False
Brazil.regions.MG:Arceburgo,0.0,0.0,2.2934267337639778,0.0,False
Brazil.regions.MG:Borda da Mata,0.0,0.0,6.4253011685484225,0.0,False
Brazil.regions.MG:Brumadinho,2.0,0.0,4.096016776250101,0.0,False
Brazil.regions.MG:Guaranésia,0.0,0.0,6.319406735580721,0.0,False
Brazil.regions.MG:Machado,0.0,0.0,9.203317379506071,0.0,False
Brazil.regions.MG:Maria da Fé,0.0,0.0,4.482039440468667,0.0,False
Brazil.regions.MG:Orizânia,0.0,0.0,0.8951842609742826,0.0,False
Brazil.regions.MG:Ouro Fino,0.0,1.0,8.604013903778112,2.972739974434436,False
Brazil.regions.MG:Paraisópolis,0.0,0.0,6.833595883619748,0.0,False
Brazil.regions.MG:Piranguinho,0.0,0.0,0.056563944030356694,0.0,False
Brazil.regions.MG:Rio Pomba,0.0,0.0,5.993280958056211,0.0,False
Brazil.regions.MG:Santa Margarida,0.0,0.0,5.406961183247099,0.0,False
Brazil.regions.MG:Santos Dumont,0.0,0.0,9.425614850097162,0.0,False
Brazil.regions.MG:São João Nepomuceno,0.0,0.0,7.7832710816570305,0.0,False
Brazil.regions.MG:Uberaba,0.0,0.0,11.27715803300773,0.0,False
Brazil.regions.MS:Ladário,0.0,0.0,7.290610978208262,0.0,False
Brazil.regions.PA:Mãe do Rio,0.0,0.0,8.251954197393317,0.0,False
Brazil.regions.PB:Ingá,0.0,0.0,6.052807570970654,0.0,False
Brazil.regions.PB:Massaranduba,0.0,0.0,4.391813513217577,0.0,False
Brazil.regions.PB:Nova Olinda,0.0,0.0,5.232793944951011,0.0,False
Brazil.regions.PB:Pedras de Fogo,1.0,0.0,4.548853112171364,0.0,False
Brazil.regions.PB:Princesa Isabel,0.0,0.0,7.293181378747994,0.0,False
Brazil.regions.PE:Alagoinha,0.0,0.0,4.744285990811619,0.0,False
Brazil.regions.PE:Brejo da Madre de Deus,0.0,0.0,9.605999867728137,0.0,False
Brazil.regions.PE:Frei Miguelinho,0.0,0.0,5.10719316138522,0.0,False
Brazil.regions.PE:Lagoa do Ouro,0.0,0.0,3.9692985720124723,0.0,False
Brazil.regions.PE:Lagoa dos Gatos,0.0,1.0,5.4380184577091715,6.138735420503377,False
Brazil.regions.PE:Panelas,0.0,0.0,7.799462951265355,0.0,False
Brazil.regions.PE:Pesqueira,0.0,0.0,10.092964279577634,0.0,False
Brazil.regions.PE:Petrolina,0.0,0.0,11.290339924124705,0.0,False
Brazil.regions.PE:Riacho das Almas,0.0,0.0,6.709626456816656,0.0,False
Brazil.regions.PE:Saloá,0.0,0.0,5.2648180074809945,0.0,False
Brazil.regions.PE:Água Preta,0.0,0.0,8.857219462504517,0.0,False
Brazil.regions.PI:Demerval Lobão,0.0,0.0,4.339292779565953,0.0,False
Brazil.regions.PI:Ilha Grande,0.0,0.0,0.9677999210727233,0.0,False
Brazil.regions.PR:Ampére,1.0,0.0,1.133980277544211,0.0,False
Brazil.regions.PR:Bandeirantes,0.0,0.0,8.388689989412217,0.0,False
Brazil.regions.PR:Cambará,0.0,0.0,7.633536212597406,0.0,False
Brazil.regions.PR:Jacarezinho,0.0,0.0,9.037264823410375,0.0,False
Brazil.regions.PR:Mandirituba,0.0,0.0,7.854992740842345,0.0,False
Brazil.regions.PR:Marechal Cândido Rondon,0.0,0.0,9.687965724691846,0.0,False
Brazil.regions.PR:Nova Esperança,4.0,0.0,6.34182410343883,0.0,False
Brazil.regions.PR:Paraíso do Norte,0.0,0.0,4.346095888335469,0.0,False
Brazil.regions.PR:Quatiguá,0.0,0.0,1.8478668762511372,0.0,False
Brazil.regions.PR:Santo Antônio da Platina,0.0,0.0,9.402509971531096,0.0,False
Brazil.regions.RJ:Bom Jardim,0.0,0.0,7.9332356970568245,0.0,False
Brazil.regions.RJ:Conceição de Macabu,1.0,0.0,2.9664559619046447,0.0,False
Brazil.regions.RJ:Macuco,0.0,0.0,6.283578323966411,0.0,False
Brazil.regions.RJ:Porciúncula,0.0,0.0,6.2708696526063505,0.0,False
Brazil.regions.RJ:Santo Antônio de Pádua,0.0,0.0,9.222649497224296,0.0,False
Brazil.regions.RJ:Vassouras,2.0,0.0,3.4457911722281587,0.0,False
Brazil.regions.RN:Lagoa de Pedras,0.0,1.0,1.6788134600695308,13.255567338282079,False
Brazil.regions.RN:Portalegre,0.0,0.0,1.134571913067484,0.0,False
Brazil.regions.RN:Poço Branco,0.0,0.0,5.088724292797639,0.0,False
Brazil.regions.RN:Santa Cruz,0.0,0.0,9.056211457483608,0.0,False
Brazil.regions.RN:São Paulo do Potengi,0.0,0.0,5.888148155475191,0.0,False
Brazil.regions.RR:Boa Vista,1.0,0.0,11.075768188868764,0.0,False
Brazil.regions.RS:Cidreira,0.0,0.0,5.424422144485465,0.0,False
Brazil.regions.RS:Marau,0.0,0.0,9.312312402702483,0.0,False
Brazil.regions.RS:Nova Araçá,0.0,0.0,9.436063940656963,0.0,False
Brazil.regions.RS:Osório,0.0,0.0,9.402557243868937,0.0,False
Brazil.regions.RS:Paraí,0.0,0.0,1.48319127001783,0.0,False
Brazil.regions.RS:Pareci Novo,0.0,0.0,14.485273747536736,0.0,False
Brazil.regions.RS:Rolante,0.0,0.0,6.892693734880308,0.0,False
Brazil.regions.RS:Sarandi,0.0,0.0,7.4932878322327205,0.0,False
Brazil.regions.RS:São Vendelino,0.0,0.0,33.00639369200591,0.0,False
Brazil.regions.SC:Fraiburgo,0.0,0.0,8.83274268264687,0.0,False
Brazil.regions.SC:Gravatal,0.0,0.0,2.8818577822208944,0.0,False
Brazil.regions.SC:Santo Amaro da Imperatriz,0.0,0.0,7.274753448012505,0.0,False
Brazil.regions.SC:São Carlos,2.0,0.0,15.016633232859165,0.0,False
Brazil.regions.SC:São Lourenço do Oeste,0.0,0.0,7.423240005476213,0.0,False
Brazil.regions.SC:Trombudo Central,0.0,0.0,2.0102026435265827,0.0,False
Brazil.regions.SE:Amparo de São Francisco,0.0,0.0,30.546245279327465,0.0,False
Brazil.regions.SE:Cedro de São João,2.0,0.0,39.296571541492376,0.0,False
Brazil.regions.SE:Ribeirópolis,0.0,0.0,6.215398527579908,0.0,False
Brazil.regions.SE:Simão Dias,0.0,0.0,9.106642229166011,0.0,False
Brazil.regions.SP:Cajati,0.0,0.0,8.07400421973064,0.0,False
Brazil.regions.SP:Chavantes,0.0,0.0,3.523927336096264,0.0,False
Brazil.regions.SP:Guapiaçu,1.0,0.0,2.2544829730200426,0.0,False
Brazil.regions.SP:Igarapava,0.0,0.0,8.290739156866596,0.0,False
Brazil.regions.SP:Itariri,0.0,1.0,5.841493497391259,5.735260380821289,False
Brazil.regions.SP:Monte Azul Paulista,0.0,0.0,6.315811117269788,0.0,False
Brazil.regions.SP:Nova Europa,0.0,0.0,2.637007767002107,0.0,False
Brazil.regions.SP:Nova Guataporanga,0.0,0.0,31.601139040613006,0.0,False
Brazil.regions.SP:Olímpia,1.0,0.0,7.925253111397387,0.0,False
Brazil.regions.SP:Pederneiras,0.0,0.0,9.434830002187102,0.0,False
Brazil.regions.SP:Piracaia,0.0,0.0,7.914152698854968,0.0,False
Brazil.regions.SP:Pracinha,0.0,0.0,12.855203121543132,0.0,False
Brazil.regions.SP:São Manuel,0.0,0.0,9.134989947949325,0.0,False
Brazil.regions.SP:Tupi Paulista,0.0,0.0,5.123059137973761,0.0,False
Brazil.regions.SP:Álvares Machado,0.0,0.0,7.56310748046019,0.0,False
Brazil.regions.TO:Axixá do Tocantins,0.0,0.0,1.3266513771875381,0.0,False
French_Polynesia,2.0,0.0,10.496369693596499,0.0,False
Sweden.regions.Halland,0.0,0.0,11.273129206886255,0.0,False
United_States_of_America.regions.Alabama:Houston,0.0,0.0,10.632306285609461,0.0,False
United_States_of_America.regions.Alabama:Limestone,0.0,0.0,10.565784864412821,0.0,False
United_States_of_America.regions.Alabama:Marshall,0.0,0.0,10.543418478208414,0.0,False
United_States_of_America.regions.Alaska:Anchorage,0.0,0.0,11.229531655990327,0.0,False
United_States_of_America.regions.Arkansas:Saline,0.0,0.0,10.760007306506283,0.0,False
United_States_of_America.regions.California:Napa,0.0,0.0,10.850769443318832,0.0,False
United_States_of_America.regions.California:Santa Barbara,0.0,0.0,11.352789210878466,0.0,False
United_States_of_America.regions.Florida:Collier,2.0,0.0,10.797334701383122,0.0,False
United_States_of_America.regions.Florida:Santa Rosa,0.0,0.0,11.03419855113307,0.0,False
United_States_of_America.regions.Georgia:Baldwin,1.0,0.0,7.121418614233933,0.0,False
United_States_of_America.regions.Georgia:Gordon,1.0,0.0,8.126276849763364,0.0,False
United_States_of_America.regions.Georgia:Habersham,0.0,0.0,9.370611979165602,0.0,False
United_States_of_America.regions.Georgia:Peach,0.0,0.0,7.94646272886237,0.0,False
United_States_of_America.regions.Georgia:Troup,0.0,0.0,10.146588837166812,0.0,False
United_States_of_America.regions.Illinois:DeKalb,0.0,0.0,10.623437768123603,0.0,False
United_States_of_America.regions.Illinois:Kankakee,0.0,0.0,10.6665210406527,0.0,False
United_States_of_America.regions.Illinois:Macon,0.0,0.0,10.61529861953301,0.0,False
United_States_of_America.regions.Indiana:Dearborn,1.0,0.0,7.532918704934211,0.0,False
United_States_of_America.regions.Indiana:LaPorte,0.0,0.0,10.66673640587708,0.0,False
United_States_of_America.regions.Indiana:Morgan,0.0,0.0,10.158092810528228,0.0,False
United_States_of_America.regions.Indiana:Warrick,0.0,0.0,9.98940189878463,0.0,False
United_States_of_America.regions.Indiana:Wayne,0.0,0.0,10.058934680835339,0.0,False
United_States_of_America.regions.Iowa:Story,0.0,0.0,10.547068035363202,0.0,False
United_States_of_America.regions.Kansas:Leavenworth,1.0,0.0,9.130510085556171,0.0,False
United_States_of_America.regions.Kentucky:Boyle,0.0,0.0,8.250073904825989,0.0,False
United_States_of_America.regions.Kentucky:Hardin,0.0,0.0,10.675511966858702,0.0,False
United_States_of_America.regions.Louisiana:Tangipahoa,0.0,0.0,10.834682906544817,0.0,False
United_States_of_America.regions.Maryland:Allegany,0.0,0.0,10.1566220899826,0.0,False
United_States_of_America.regions.Massachusetts:Dukes,0.0,0.0,5.807079287859444,0.0,False
United_States_of_America.regions.New Hampshire:Merrimack,0.0,0.0,10.916212630714348,0.0,False
United_States_of_America.regions.New Jersey:Salem,0.0,0.0,9.973804451266968,0.0,False
United_States_of_America.regions.New Mexico:Los Alamos,0.0,0.0,6.413864725442658,0.0,False
United_States_of_America.regions.New York:Ontario,0.0,0.0,10.665816250111945,0.0,False
United_States_of_America.regions.North Carolina:Brunswick,0.0,0.0,10.876571830880241,0.0,False
United_States_of_America.regions.North Carolina:Burke,1.0,0.0,9.366442776925041,0.0,False
United_States_of_America.regions.North Carolina:Caldwell,0.0,0.0,10.359883182892633,0.0,False
United_States_of_America.regions.North Carolina:Davie,0.0,0.0,9.242813720438193,0.0,False
United_States_of_America.regions.North Carolina:Nash,0.0,0.0,10.516285999784586,0.0,False
United_States_of_America.regions.North Carolina:Pasquotank,0.0,0.0,9.065705264311383,0.0,False
United_States_of_America.regions.North Carolina:Randolph,1.0,0.0,10.184645739252314,0.0,False
United_States_of_America.regions.North Carolina:Vance,0.0,0.0,9.33132893154139,0.0,False
United_States_of_America.regions.North Carolina:Watauga,0.0,0.0,9.796665941868493,0.0,False
United_States_of_America.regions.Oklahoma:Canadian,0.0,0.0,10.902472325207276,0.0,False
United_States_of_America.regions.Pennsylvania:Carbon,0.0,0.0,10.018684637615497,0.0,False
United_States_of_America.regions.Pennsylvania:Fayette,0.0,0.0,10.803203125547666,0.0,False
United_States_of_America.regions.Pennsylvania:Mercer,0.0,0.0,10.662877580508205,0.0,False
United_States_of_America.regions.Pennsylvania:Schuylkill,0.0,0.0,10.869335178306635,0.0,False
United_States_of_America.regions.South Carolina:Florence,0.0,1.0,10.853651479681892,0.7231023985306559,False
United_States_of_America.regions.South Carolina:Lancaster,0.0,0.0,10.556470647587727,0.0,False
United_States_of_America.regions.Tennessee:Carter,0.0,0.0,9.803421254212264,0.0,False
United_States_of_America.regions.Tennessee:Madison,0.0,0.0,10.556179090492105,0.0,False
United_States_of_America.regions.Tennessee:Sevier,0.0,0.0,10.558942173377943,0.0,False
United_States_of_America.regions.Texas:Ector,2.0,0.0,9.771949488928273,0.0,False
United_States_of_America.regions.Texas:Kaufman,1.0,0.0,10.107828984342373,0.0,False
United_States_of_America.regions.Virginia:Gloucester,0.0,0.0,8.899234332319864,0.0,False
United_States_of_America.regions.Virginia:Warren,1.0,0.0,6.597170171410437,0.0,False
United_States_of_America.regions.West Virginia:Marion,0.0,0.0,9.793332562760986,0.0,False
United_States_of_America.regions.West Virginia:Putnam,0.0,0.0,9.805274693092974,0.0,False
United_States_of_America.regions.Wisconsin:Eau Claire,0.0,0.0,10.621151179590527,0.0,False
Vietnam,1.0,0.0,11.574660522831298,0.0,False
Brazil.regions.AM:Atalaia do Norte,0.0,0.0,6.556925556341156,0.0,False
Brazil.regions.AM:Jutaí,0.0,0.0,4.592050378876095,0.0,False
Brazil.regions.AM:Lábrea,1.0,0.0,7.235439762429701,0.0,False
Brazil.regions.AM:Tapauá,1.0,0.0,0.08097519616376303,0.0,False
Brazil.regions.PA:Almeirim,0.0,0.0,8.644976341492034,0.0,False
Brazil.regions.PA:São Félix do Xingu,0.0,0.0,10.798428678377553,0.0,False
United_States_of_America.regions.Alaska:Valdez-Cordova Census Area,0.0,0.0,0.7095510962086351,0.0,False
United_States_of_America.regions.Maine,0.0,0.0,11.50236085092221,0.0,False
Brazil.regions.CE,8.0,0.0,11.47820018648981,0.0,False
Tajikistan,14.0,0.0,11.411933873195427,0.0,False
United_States_of_America.regions.Georgia,1.0,0.0,11.557916915608722,0.0,False
United_States_of_America.regions.Michigan,1.0,0.0,11.556727557619393,0.0,False
Sweden.regions.Stockholm,3.0,0.0,11.406114441049668,0.0,False
United_States_of_America.regions.Washington:King,0.0,0.0,11.532364318991993,0.0,False
Brazil.regions.SP:Itapevi,0.0,0.0,11.15605551893615,0.0,False
United_States_of_America.regions.Maryland:Baltimore city,0.0,0.0,11.40825904257926,0.0,False
United_States_of_America.regions.Virginia:Falls Church city,1.0,0.0,2.1059443498780333,0.0,False
Congo,0.0,0.0,11.557685785481363,0.0,False
Norway,0.0,0.0,11.557936851965055,0.0,False
Brazil.regions.SC:Itajaí,5.0,0.0,8.843716927552975,0.0,False
Brazil.regions.SP:Cotia,0.0,0.0,11.17548587131074,0.0,False
Brazil.regions.SP:Santana de Parnaíba,0.0,0.0,10.859635546516635,0.0,False
United_States_of_America.regions.Georgia:Fulton,1.0,0.0,11.388772822943299,0.0,False
United_States_of_America.regions.Kentucky:Jefferson,0.0,0.0,11.44633446241328,0.0,False
United_States_of_America.regions.Massachusetts:Middlesex,0.0,0.0,11.514707553185357,0.0,False
United_States_of_America.regions.Missouri:St. Louis,0.0,0.0,11.476171000435832,0.0,False
United_States_of_America.regions.Ohio:Hamilton,1.0,0.0,11.332097479774923,0.0,False
United_States_of_America.regions.Rhode Island:Bristol,4.0,0.0,1.263009782831043,0.0,False
United_States_of_America.regions.Oklahoma,0.0,0.0,11.551482022543148,0.0,False
Uruguay,5.0,0.0,11.402805490438684,0.0,False
Brazil.regions.SC:Florianópolis,1.0,0.0,11.17753076638816,0.0,False
Brazil.regions.SC:Navegantes,0.0,0.0,10.349383519206718,0.0,False
Brazil.regions.SP:Santa Bárbara d'Oeste,0.0,0.0,11.059891234460125,0.0,False
United_States_of_America.regions.Maryland:Prince George's,0.0,0.0,11.466782437795624,0.0,False
United_States_of_America.regions.New York:Rockland,1.0,0.0,10.962859609222496,0.0,False
United_States_of_America.regions.Oregon:Multnomah,0.0,0.0,11.453730706798213,0.0,False
United_States_of_America.regions.Virginia:Radford city,0.0,0.0,6.097001563017195,0.0,False
Brazil.regions.AM:Apuí,4.0,0.0,11.178445684887619,0.0,False
Brazil.regions.AM:Coari,1.0,0.0,9.226494762145002,0.0,False
Brazil.regions.AM:Japurá,6.0,0.0,242.50673069529017,0.0,False
Brazil.regions.AM:Santa Isabel do Rio Negro,0.0,0.0,7.601559093668106,0.0,False
Brazil.regions.MS:Corumbá,0.0,0.0,10.679369752937724,0.0,False
Brazil.regions.PA:Itaituba,0.0,0.0,10.589070292526058,0.0,False
Brazil.regions.PA:Jacareacanga,0.0,0.0,0.56064143675286,0.0,False
Sweden.regions.Västerbotten,7.0,0.0,8.615479938163539,0.0,False
United_States_of_America.regions.Alaska:Matanuska-Susitna Borough,1.0,0.0,9.730321646891518,0.0,False
United_States_of_America.regions.Alaska:Nome Census Area,0.0,0.0,1.5807522788522927,0.0,False
United_States_of_America.regions.Alaska:Southeast Fairbanks Census Area,0.0,0.0,2.9307174695315403,0.0,False
Austria,1.0,0.0,11.554147439469272,0.0,False
Sierra_Leone,0.0,0.0,11.563682245929067,0.0,False
Brazil.regions.BA:Cruz das Almas,0.0,0.0,9.995451201067116,0.0,False
Brazil.regions.BA:Dias d'Ávila,0.0,0.0,10.343540988671426,0.0,False
Brazil.regions.MG:Mário Campos,0.0,0.0,5.089986882883021,0.0,False
Brazil.regions.MG:Sabará,0.0,0.0,10.843314929670624,0.0,False
Brazil.regions.MG:Sete Lagoas,0.0,0.0,11.159459531299065,0.0,False
Brazil.regions.MG:São Joaquim de Bicas,1.0,0.0,5.243230539179044,0.0,False
Brazil.regions.PE:São Lourenço da Mata,0.0,0.0,10.69359570458365,0.0,False
Brazil.regions.RJ:Maricá,0.0,0.0,10.956433420664178,0.0,False
Brazil.regions.RS:Bento Gonçalves,1.0,0.0,9.91636900099801,0.0,False
Brazil.regions.SC:Palhoça,0.0,0.0,10.994671536844539,0.0,False
Brazil.regions.SP:Embu-Guaçu,0.0,0.0,10.135520182168735,0.0,False
Brazil.regions.SP:Pedreira,0.0,0.0,9.489898977233814,0.0,False
Comoros,0.0,0.0,11.456608069258802,0.0,False
United_States_of_America.regions.Kentucky:Fayette,0.0,0.0,11.267301979415697,0.0,False
United_States_of_America.regions.Missouri:Jackson,1.0,0.0,11.292263308363712,0.0,False
United_States_of_America.regions.New York:Monroe,0.0,0.0,11.44194120042833,0.0,False
United_States_of_America.regions.North Carolina:Durham,0.0,0.0,11.265700277456066,0.0,False
United_States_of_America.regions.Ohio:Montgomery,0.0,0.0,11.388673296968319,0.0,False
United_States_of_America.regions.Oklahoma:Oklahoma,0.0,0.0,11.451351650567377,0.0,False
United_States_of_America.regions.Oklahoma:Tulsa,0.0,0.0,11.423274186645337,0.0,False
Brazil.regions.MG:Coronel Fabriciano,0.0,0.0,10.666463040289832,0.0,False
Brazil.regions.MG:São José da Lapa,1.0,0.0,3.1613705575022895,0.0,False
Brazil.regions.PR:Piraquara,0.0,0.0,10.692079969015477,0.0,False
Brazil.regions.RS:Dois Irmãos,0.0,0.0,8.51593541535558,0.0,False
Brazil.regions.SP:Jacareí,0.0,0.0,11.148785273989354,0.0,False
Brazil.regions.SP:Taubaté,0.0,0.0,11.259216948667643,0.0,False
United_States_of_America.regions.Delaware:New Castle,0.0,0.0,11.397783921899114,0.0,False
United_States_of_America.regions.Maryland:Howard,0.0,0.0,11.269713440986965,0.0,False
United_States_of_America.regions.New Jersey:Monmouth,1.0,0.0,11.253545061076016,0.0,False
United_States_of_America.regions.North Carolina:Wake,0.0,0.0,11.486806488440825,0.0,False
United_States_of_America.regions.Ohio:Summit,1.0,0.0,11.207076994292938,0.0,False
United_States_of_America.regions.Texas:Travis,3.0,0.0,11.2627707987607,0.0,False
United_States_of_America.regions.Virginia:Bristol city,0.0,0.0,5.610878684321604,0.0,False
Brazil.regions.BA:Feira de Santana,0.0,0.0,11.41411840286158,0.0,False
Brazil.regions.GO:Senador Canedo,0.0,0.0,10.709984932810324,0.0,False
Brazil.regions.RJ:Armação dos Búzios,0.0,0.0,8.624288569679923,0.0,False
Brazil.regions.RJ:Itaguaí,0.0,0.0,10.824981575007742,0.0,False
Brazil.regions.SC:Brusque,1.0,0.0,10.092226366206432,0.0,False
Brazil.regions.SC:Capivari de Baixo,0.0,0.0,7.556006823409765,0.0,False
Brazil.regions.SP:Cosmópolis,0.0,0.0,10.192709145886798,0.0,False
United_States_of_America.regions.Connecticut:Hartford,0.0,0.0,11.464611053110499,0.0,False
United_States_of_America.regions.Florida:Duval,0.0,0.0,11.472343042456012,0.0,False
United_States_of_America.regions.Kansas:Johnson,0.0,0.0,11.410751497738412,0.0,False
United_States_of_America.regions.North Carolina:New Hanover,0.0,0.0,11.150265540536141,0.0,False
United_States_of_America.regions.Ohio:Lucas,0.0,0.0,11.343298836984388,0.0,False
United_States_of_America.regions.Tennessee:Shelby,0.0,0.0,11.470049196224512,0.0,False
United_States_of_America.regions.Texas:Collin,0.0,0.0,11.480110309358837,0.0,False
United_States_of_America.regions.Utah:Davis,0.0,0.0,11.295444891234341,0.0,False
United_States_of_America.regions.Virginia:Staunton city,0.0,0.0,7.565844203898414,0.0,False
Brazil.regions.MA:Paço do Lumiar,0.0,0.0,10.758403182205281,0.0,False
Brazil.regions.MA:São José de Ribamar,1.0,0.0,10.451179131607564,0.0,False
Brazil.regions.RS:Estância Velha,0.0,0.0,9.57763349118284,0.0,False
Brazil.regions.SP:Jundiaí,0.0,0.0,11.33806874686412,0.0,False
Brazil.regions.SP:Vinhedo,0.0,0.0,10.306557759931886,0.0,False
Brazil.regions.SP:Águas de São Pedro,0.0,0.0,17.400354206400607,0.0,False
Brazil.regions.BA:Itabuna,0.0,0.0,11.107761321124428,0.0,False
Brazil.regions.MG:Sarzedo,0.0,0.0,8.523505221641956,0.0,False
Brazil.regions.RJ:Cabo Frio,0.0,0.0,11.13530149988786,0.0,False
Brazil.regions.RS:Capão da Canoa,0.0,0.0,9.691704207153716,0.0,False
Brazil.regions.SC:Joinville,0.0,0.0,11.407396116715697,0.0,False
Brazil.regions.SP:Limeira,1.0,0.0,10.923402512381518,0.0,False
United_States_of_America.regions.Connecticut:New Haven,0.0,0.0,11.459761563437706,0.0,False
United_States_of_America.regions.Maryland:Anne Arundel,0.0,0.0,11.404112078870659,0.0,False
United_States_of_America.regions.Maryland:Baltimore,0.0,0.0,11.455888968921663,0.0,False
United_States_of_America.regions.Tennessee:Davidson,0.0,0.0,11.432691551087341,0.0,False
United_States_of_America.regions.Virginia:Henrico,1.0,0.0,10.972191853171589,0.0,False
United_States_of_America.regions.Virginia:Petersburg city,1.0,0.0,5.196354465209295,0.0,False
United_States_of_America.regions.Virginia:Prince William,0.0,0.0,11.364139465081482,0.0,False
Brazil.regions.AM:Borba,2.0,0.0,4.288301216712585,0.0,False
Brazil.regions.AM:Manicoré,0.0,0.0,9.783064078926436,0.0,False
Brazil.regions.AM:Maués,0.0,0.0,10.011931094392816,0.0,False
Brazil.regions.AM:Novo Airão,0.0,0.0,6.436422840893744,0.0,False
Brazil.regions.AM:Novo Aripuanã,3.0,0.0,4.021436731676705,0.0,False
Brazil.regions.AM:Pauini,0.0,0.0,6.42901373613492,0.0,False
Brazil.regions.PA:Novo Progresso,0.0,0.0,7.695067673725319,0.0,False
Brazil.regions.RR:Caracaraí,0.0,0.0,7.0159584754943145,0.0,False
Sweden.regions.Jämtland Härjedalen,0.0,0.0,10.80917635288249,0.0,False
United_States_of_America.regions.Alaska:Kenai Peninsula Borough,0.0,0.0,9.873408507905264,0.0,False
United_States_of_America.regions.Arizona:Coconino,0.0,0.0,10.87977319851699,0.0,False
United_States_of_America.regions.Nevada:Elko,0.0,0.0,9.68202501391303,0.0,False
United_States_of_America.regions.Nevada:Nye,0.0,0.0,9.427279424716428,0.0,False
Brazil.regions.MG:Contagem,1.0,0.0,11.275483269419965,0.0,False
Gibraltar,9.0,0.0,18.080995691750083,0.0,False
Brazil.regions.AL:Barra de São Miguel,2.0,0.0,24.472272798067188,0.0,False
Brazil.regions.AL:Campestre,0.0,0.0,2.8407778403572337,0.0,False
Brazil.regions.AL:Olho d'Água das Flores,0.0,0.0,6.965909171462271,0.0,False
Brazil.regions.AL:Santana do Ipanema,0.0,0.0,9.478294147654777,0.0,False
Brazil.regions.AL:São Sebastião,0.0,0.0,8.648667675354735,0.0,False
Brazil.regions.BA:Irará,0.0,0.0,8.132516088035516,0.0,False
Brazil.regions.BA:Ubaitaba,0.0,0.0,6.329062862259567,0.0,False
Brazil.regions.CE:Barbalha,1.0,0.0,8.286251912137622,0.0,False
Brazil.regions.CE:Crato,0.0,0.0,10.819883386322415,0.0,False
Brazil.regions.CE:Pacoti,0.0,0.0,3.4208122747544287,0.0,False
Brazil.regions.CE:Palmácia,0.0,0.0,4.0703734548526915,0.0,False
Brazil.regions.CE:Paraipaba,4.0,0.0,3.693219246634751,0.0,False
Brazil.regions.CE:São Luís do Curu,0.0,0.0,3.8844461859048556,0.0,False
Brazil.regions.ES:Bom Jesus do Norte,0.0,0.0,1.512341639887266,0.0,False
Brazil.regions.ES:Ibatiba,0.0,0.0,7.742692073136251,0.0,False
Brazil.regions.MA:Santa Inês,0.0,0.0,10.453713583526774,0.0,False
Brazil.regions.MG:Itanhandu,0.0,0.0,5.054022158168194,0.0,False
Brazil.regions.MG:Itaú de Minas,0.0,0.0,5.368658521867874,0.0,False
Brazil.regions.MG:Rodeiro,3.0,0.0,37.7511533853218,0.0,False
Brazil.regions.PA:Capanema,0.0,0.0,10.128045401819254,0.0,False
Brazil.regions.PB:Alhandra,0.0,0.0,6.471587449786981,0.0,False
Brazil.regions.PB:Caldas Brandão,0.0,0.0,5.0511144290704575,0.0,False
Brazil.regions.PB:Itabaiana,0.0,0.0,7.491285887854253,0.0,False
Brazil.regions.PB:Juarez Távora,0.0,0.0,1.024052573400354,0.0,False
Brazil.regions.PB:Logradouro,2.0,0.0,57.675323684114325,0.0,False
Brazil.regions.PB:Pilõezinhos,0.0,0.0,8.519709144295492,0.0,False
Brazil.regions.PB:Queimadas,0.0,0.0,9.302320780662113,0.0,False
Brazil.regions.PB:Remígio,0.0,0.0,6.4801736835231845,0.0,False
Brazil.regions.PB:Riachão do Poço,0.0,1.0,10.601112611031185,22.177866489243733,False
Brazil.regions.PB:Serra da Raiz,0.0,0.0,20.18944688417627,0.0,False
Brazil.regions.PB:Solânea,2.0,0.0,0.21612980126325532,0.0,False
Brazil.regions.PE:Cachoeirinha,0.0,0.0,6.669982533757199,0.0,False
Brazil.regions.PE:Pombos,0.0,0.0,7.885491097215169,0.0,False
Brazil.regions.PE:Quipapá,0.0,0.0,7.7360656268779096,0.0,False
Brazil.regions.PE:Tamandaré,0.0,0.0,7.301056939611556,0.0,False
Brazil.regions.PE:Vertentes,0.0,0.0,6.753059893358947,0.0,False
Brazil.regions.PR:Campo Largo,0.0,0.0,10.819189598883447,0.0,False
Brazil.regions.PR:Campo Magro,0.0,0.0,8.165880012328108,0.0,False
Brazil.regions.RJ:Areal,0.0,0.0,3.6225699774807634,0.0,False
Brazil.regions.RN:Monte Alegre,0.0,0.0,7.122609296679432,0.0,False
Brazil.regions.RS:Flores da Cunha,0.0,0.0,8.324192486116273,0.0,False
Brazil.regions.RS:Nova Prata,0.0,0.0,7.9079715470682554,0.0,False
Brazil.regions.RS:Santo Ângelo,0.0,0.0,10.28797782882665,0.0,False
Brazil.regions.RS:Serafina Corrêa,0.0,0.0,5.863121150524284,0.0,False
Brazil.regions.SC:Governador Celso Ramos,0.0,0.0,4.6663814091364655,0.0,False
Brazil.regions.SC:São Francisco do Sul,0.0,0.0,9.67997650297308,0.0,False
Brazil.regions.SE:Estância,3.0,0.0,5.795070251940578,0.0,False
Brazil.regions.SE:Lagarto,0.0,0.0,10.618972865263348,0.0,False
Brazil.regions.SE:Rosário do Catete,0.0,1.0,2.3644093365266894,9.212344541685859,False
Brazil.regions.SE:São Domingos,0.0,0.0,2.5976751316919415,0.0,False
Brazil.regions.SP:Bebedouro,0.0,0.0,10.286364696835445,0.0,False
Brazil.regions.SP:Cravinhos,0.0,1.0,8.743250534678603,2.833503343533945,False
Brazil.regions.SP:Espírito Santo do Pinhal,0.0,0.0,9.320945170790937,0.0,False
Brazil.regions.SP:Guararema,1.0,0.0,4.864894021846349,0.0,False
Brazil.regions.SP:Pirassununga,0.0,0.0,10.268007526343004,0.0,False
Brazil.regions.SP:Tietê,0.0,0.0,9.200102105230325,0.0,False
Brazil.regions.SP:Tupã,0.0,0.0,10.050595524021718,0.0,False
United_States_of_America.regions.Alabama:Lee,0.0,0.0,10.96900631224155,0.0,False
United_States_of_America.regions.Alabama:Shelby,1.0,0.0,10.658066865690845,0.0,False
United_States_of_America.regions.Florida:Charlotte,0.0,0.0,11.04740127644451,0.0,False
United_States_of_America.regions.Florida:Martin,0.0,0.0,10.955635865790187,0.0,False
United_States_of_America.regions.Georgia:Walton,1.0,0.0,9.462432522509694,0.0,False
United_States_of_America.regions.Illinois:Peoria,0.0,0.0,11.018652761452213,0.0,False
United_States_of_America.regions.Indiana:Delaware,0.0,1.0,10.70059844823927,0.8761554299732773,False
United_States_of_America.regions.Indiana:Howard,0.0,0.0,10.365278786140442,0.0,False
United_States_of_America.regions.Indiana:Madison,0.0,0.0,10.804964329786612,0.0,False
United_States_of_America.regions.Kentucky:Boyd,3.0,0.0,3.0147435181800137,0.0,False
United_States_of_America.regions.Kentucky:Bullitt,1.0,0.0,9.12805413777472,0.0,False
United_States_of_America.regions.Louisiana:Caddo,0.0,0.0,11.16044107742655,0.0,False
United_States_of_America.regions.Maryland:Cecil,0.0,0.0,10.604511400938716,0.0,False
United_States_of_America.regions.Maryland:Wicomico,0.0,0.0,10.611586759525947,0.0,False
United_States_of_America.regions.Michigan:Berrien,1.0,0.0,10.272981412583249,0.0,False
United_States_of_America.regions.Michigan:Monroe,0.0,0.0,10.912302050970023,0.0,False
United_States_of_America.regions.Minnesota:Carver,0.0,0.0,10.62517949840115,0.0,False
United_States_of_America.regions.New Jersey:Hunterdon,0.0,0.0,10.772707918945516,0.0,False
United_States_of_America.regions.New Jersey:Sussex,1.0,0.0,10.153144744336345,0.0,False
United_States_of_America.regions.New Jersey:Warren,0.0,0.0,10.626788551946957,0.0,False
United_States_of_America.regions.New York:Broome,0.0,0.0,11.051786426194573,0.0,False
United_States_of_America.regions.North Carolina:Lincoln,0.0,0.0,10.415462057190844,0.0,False
United_States_of_America.regions.North Carolina:Pitt,0.0,0.0,11.023479044471635,0.0,False
United_States_of_America.regions.North Carolina:Rowan,0.0,0.0,10.87296467715405,0.0,False
United_States_of_America.regions.Ohio:Erie,0.0,1.0,10.230242688704564,1.3465111895079849,False
United_States_of_America.regions.Pennsylvania:Monroe,0.0,0.0,10.989454807906977,0.0,False
United_States_of_America.regions.South Carolina:Dorchester,0.0,0.0,10.962537219428329,0.0,False
United_States_of_America.regions.Texas:Comal,2.0,0.0,9.65624993797863,0.0,False
United_States_of_America.regions.West Virginia:Jefferson,0.0,0.0,9.826850122919089,0.0,False
United_States_of_America.regions.West Virginia:Monongalia,0.0,0.0,10.629891779208647,0.0,False
United_States_of_America.regions.Wisconsin:Outagamie,0.0,0.0,11.0445134119699,0.0,False
Brazil.regions.PI:Teresina,2.0,0.0,11.229870910744388,0.0,False
Mauritius,2.0,0.0,11.339656518923903,0.0,False
United_States_of_America.regions.California:Contra Costa,0.0,0.0,11.490063157760646,0.0,False
United_States_of_America.regions.California:Sacramento,0.0,0.0,11.512323296365736,0.0,False
United_States_of_America.regions.Florida:Broward,1.0,0.0,11.474335682186169,0.0,False
United_States_of_America.regions.Hawaii:Honolulu,0.0,0.0,11.474143785278587,0.0,False
United_States_of_America.regions.Massachusetts:Essex,0.0,0.0,11.450016627346299,0.0,False
United_States_of_America.regions.New York:Suffolk,0.0,0.0,11.509030776304856,0.0,False
United_States_of_America.regions.Texas:Bexar,0.0,0.0,11.526842570606165,0.0,False
Brazil.regions.TO,0.0,0.0,11.513175671296002,0.0,False
United_States_of_America.regions.Nevada,1.0,0.0,11.511822102029784,0.0,False
Bulgaria,1.0,0.0,11.548280949703516,0.0,False
Nicaragua,0.0,0.0,11.561287201399741,0.0,False
United_States_of_America.regions.Tennessee,0.0,0.0,11.56211081889088,0.0,False
Brazil.regions.BA:Camaçari,0.0,0.0,11.242453301878355,0.0,False
Brazil.regions.BA:Santo Antônio de Jesus,0.0,0.0,10.591648668976202,0.0,False
Brazil.regions.MA:Raposa,0.0,0.0,8.32588427059251,0.0,False
Brazil.regions.MG:Igarapé,0.0,0.0,9.253603686552658,0.0,False
Brazil.regions.MG:Juiz de Fora,0.0,0.0,11.400967718560041,0.0,False
Brazil.regions.PE:Caruaru,0.0,0.0,11.299836084028929,0.0,False
Brazil.regions.PE:Igarassu,0.0,0.0,10.722191798550272,0.0,False
Brazil.regions.PE:Ilha de Itamaracá,1.0,0.0,3.960027547189621,0.0,False
Brazil.regions.RJ:Porto Real,0.0,0.0,6.496227535683462,0.0,False
Brazil.regions.RS:Ivoti,1.0,0.0,3.343929607846599,0.0,False
Brazil.regions.SC:Camboriú,1.0,0.0,9.16679593197871,0.0,False
Brazil.regions.SP:Mongaguá,0.0,0.0,9.813147656209797,0.0,False
Brazil.regions.SP:Ourinhos,0.0,0.0,10.696022518891768,0.0,False
United_States_of_America.regions.Illinois:Kane,0.0,0.0,11.388926236369809,0.0,False
United_States_of_America.regions.Massachusetts:Bristol,0.0,0.0,11.399830678804179,0.0,False
United_States_of_America.regions.Ohio:Lake,0.0,0.0,11.142252750682122,0.0,False
United_States_of_America.regions.Pennsylvania:Bucks,1.0,0.0,11.258419404180684,0.0,False
United_States_of_America.regions.Rhode Island,1.0,0.0,11.3879608227763,0.0,False
United_States_of_America.regions.Texas:Denton,0.0,0.0,11.464040610621106,0.0,False
United_States_of_America.regions.Virginia:Covington city,0.0,0.0,6.48030643236889,0.0,False
Georgia,0.0,0.0,11.549951412385692,0.0,False
Ireland,0.0,0.0,11.556150215623072,0.0,False
Panama,0.0,0.0,11.552812523040869,0.0,False
United_States_of_America.regions.South Carolina,1.0,0.0,11.537909226907388,0.0,False
Brazil.regions.AL:Satuba,0.0,0.0,4.345050088799763,0.0,False
Brazil.regions.MG:Divinópolis,0.0,0.0,11.15699146373914,0.0,False
Brazil.regions.MG:Itajubá,0.0,0.0,10.544431876333721,0.0,False
Brazil.regions.PA:Benevides,0.0,0.0,9.982798158302447,0.0,False
Brazil.regions.PE:Moreno,1.0,0.0,8.391228903696748,0.0,False
Brazil.regions.PE:Santa Cruz do Capibaribe,0.0,0.0,10.650287513573916,0.0,False
Brazil.regions.PR:Arapongas,1.0,0.0,9.95109447011514,0.0,False
Brazil.regions.RJ:Barra Mansa,0.0,0.0,11.034489817305449,0.0,False
Brazil.regions.SC:Jaraguá do Sul,0.0,0.0,11.013998176090396,0.0,False
Brazil.regions.SE:Barra dos Coqueiros,0.0,0.0,8.288037464228925,0.0,False
Brazil.regions.SE:Propriá,0.0,0.0,8.201340390060249,0.0,False
Brazil.regions.SP:Américo Brasiliense,0.0,0.0,9.107861916924774,0.0,False
Grenada,0.0,0.0,10.679522733525054,0.0,False
United_States_of_America.regions.Colorado:Arapahoe,0.0,0.0,11.424451832796079,0.0,False
United_States_of_America.regions.Illinois:Will,0.0,0.0,11.431982233765916,0.0,False
United_States_of_America.regions.Indiana:Hamilton,0.0,0.0,11.280905518247932,0.0,False
United_States_of_America.regions.Iowa:Polk,0.0,0.0,11.372739278927824,0.0,False
United_States_of_America.regions.Minnesota:Anoka,0.0,0.0,11.296579834096343,0.0,False
United_States_of_America.regions.North Carolina:Guilford,0.0,0.0,11.390594458732082,0.0,False
United_States_of_America.regions.Ohio:Butler,3.0,0.0,10.532732726344012,0.0,False
United_States_of_America.regions.Oregon:Washington,0.0,0.0,11.410528263510225,0.0,False
United_States_of_America.regions.Pennsylvania:Northampton,0.0,0.0,11.249191108996897,0.0,False
United_States_of_America.regions.Texas:El Paso,0.0,0.0,11.457598167913444,0.0,False
United_States_of_America.regions.Texas:Rockwall,1.0,0.0,9.670448774080631,0.0,False
United_States_of_America.regions.Virginia:Chesterfield,0.0,0.0,11.29330877302607,0.0,False
Brazil.regions.AM:Barcelos,0.0,1.0,7.940654685426569,3.6360991927859794,False
Brazil.regions.AM:São Gabriel da Cachoeira,0.0,0.0,9.3820387522359,0.0,False
Brazil.regions.PA:Oriximiná,0.0,0.0,10.208689962266394,0.0,False
Iceland,0.0,0.0,11.293927652302273,0.0,False
Sweden.regions.Norrbotten,1.0,0.0,10.778341122770367,0.0,False
United_States_of_America.regions.Alaska:Bethel Census Area,0.0,0.0,6.137832960122697,0.0,False
United_States_of_America.regions.Arkansas,0.0,0.0,11.543617200018735,0.0,False
United_States_of_America.regions.Iowa,2.0,0.0,11.48166882463212,0.0,False
United_States_of_America.regions.Mississippi,0.0,0.0,11.543153409956423,0.0,False
Brazil.regions.AL:Pão de Açúcar,2.0,0.0,0.7188320064548552,0.0,False
Brazil.regions.AL:Quebrangulo,0.0,0.0,2.722494979682356,0.0,False
Brazil.regions.BA:Araci,0.0,1.0,9.737808697168395,1.838945181044153,False
Brazil.regions.BA:Castro Alves,0.0,0.0,7.769260731700212,0.0,False
Brazil.regions.BA:Entre Rios,0.0,0.0,9.183264170218292,0.0,False
Brazil.regions.BA:Gongogi,0.0,0.0,2.452426817634816,0.0,False
Brazil.regions.BA:Inhambupe,0.0,0.0,9.072120306104146,0.0,False
Brazil.regions.BA:Jacobina,1.0,0.0,9.092837238454978,0.0,False
Brazil.regions.BA:Nilo Peçanha,0.0,0.0,4.4323657950518704,0.0,False
Brazil.regions.CE:Amontada,0.0,0.0,9.275363838628639,0.0,False
Brazil.regions.CE:Cedro,0.0,0.0,7.663931559474042,0.0,False
Brazil.regions.CE:General Sampaio,0.0,0.0,1.5500510574661082,0.0,False
Brazil.regions.CE:Icó,1.0,0.0,8.636355748305759,0.0,False
Brazil.regions.CE:Itaiçaba,0.0,0.0,1.199533332723954,0.0,False
Brazil.regions.CE:Martinópole,0.0,0.0,2.674412562446502,0.0,False
Brazil.regions.CE:Orós,0.0,0.0,6.909744964225522,0.0,False
Brazil.regions.CE:Pereiro,0.0,0.0,5.444418071503773,0.0,False
Brazil.regions.CE:Quixeré,1.0,0.0,2.5470008419580896,0.0,False
Brazil.regions.CE:Tabuleiro do Norte,0.0,0.0,8.31910655111218,0.0,False
Brazil.regions.ES:Baixo Guandu,2.0,0.0,1.8987101334548218,0.0,False
Brazil.regions.ES:Itarana,0.0,0.0,2.10257102648351,0.0,False
Brazil.regions.ES:Nova Venécia,0.0,0.0,9.5811442194618,0.0,False
Brazil.regions.ES:São Roque do Canaã,0.0,0.0,3.521981425534337,0.0,False
Brazil.regions.GO:Planaltina,0.0,0.0,10.464629498221889,0.0,False
Brazil.regions.MA:Bom Lugar,0.0,0.0,5.439525450570471,0.0,False
Brazil.regions.MA:Cedral,0.0,0.0,2.2090723793835085,0.0,False
Brazil.regions.MA:Duque Bacelar,0.0,0.0,2.765404860677963,0.0,False
Brazil.regions.MA:Esperantinópolis,0.0,1.0,5.776626275405286,5.800127602807262,False
Brazil.regions.MA:Lima Campos,0.0,0.0,3.1684464704937216,0.0,False
Brazil.regions.MA:Palmeirândia,0.0,0.0,6.506274210836015,0.0,False
Brazil.regions.MA:Peri Mirim,0.0,0.0,4.592538205632579,0.0,False
Brazil.regions.MA:Presidente Juscelino,1.0,0.0,4.129230101683794,0.0,False
Brazil.regions.MA:Tutóia,0.0,0.0,9.877807225137454,0.0,False
Brazil.regions.MG:Cachoeira de Minas,0.0,0.0,2.9164958025218937,0.0,False
Brazil.regions.MG:Campestre,0.0,0.0,6.827288193102123,0.0,False
Brazil.regions.MG:Campos Gerais,0.0,0.0,8.101394178483627,0.0,False
Brazil.regions.MG:Careaçu,0.0,0.0,3.2227133409675606,0.0,False
Brazil.regions.MG:Conceição do Rio Verde,1.0,0.0,3.088152999628777,0.0,False
Brazil.regions.MG:Eugenópolis,0.0,0.0,2.70757427732563,0.0,False
Brazil.regions.MG:Imbé de Minas,0.0,0.0,2.9097012862087173,0.0,False
Brazil.regions.MG:Itamonte,0.0,0.0,5.157856644757255,0.0,False
Brazil.regions.MG:Itatiaiuçu,1.0,0.0,6.366903039067195,0.0,False
Brazil.regions.MG:Miradouro,0.0,0.0,2.277888339808234,0.0,False
Brazil.regions.MG:Moema,0.0,0.0,1.7264255816783667,0.0,False
Brazil.regions.MG:Monte Carmelo,3.0,0.0,3.2101283474547415,0.0,False
Brazil.regions.MG:Padre Paraíso,0.0,0.0,6.614959693435333,0.0,False
Brazil.regions.MG:Pedra Dourada,0.0,0.0,28.359348358209175,0.0,False
Brazil.regions.MG:Planura,0.0,1.0,3.334769208304035,8.241984669908513,False
Brazil.regions.MG:Poço Fundo,0.0,0.0,5.62118244113316,0.0,False
Brazil.regions.MG:Santo Antônio do Amparo,0.0,0.0,6.178643216943992,0.0,False
Brazil.regions.MG:Senador Amaral,0.0,0.0,7.093895860398357,0.0,False
Brazil.regions.MT:Sinop,2.0,0.0,9.478793096092769,0.0,False
Brazil.regions.PA:Maracanã,8.0,0.0,18.95966928875383,0.0,False
Brazil.regions.PA:Marapanim,0.0,0.0,8.047674262176411,0.0,False
Brazil.regions.PA:Mocajuba,0.0,0.0,8.365037536999804,0.0,False
Brazil.regions.PA:São João de Pirabas,0.0,0.0,7.2374177966330295,0.0,False
Brazil.regions.PA:Tracuateua,0.0,0.0,8.346675387305218,0.0,False
Brazil.regions.PB:Brejo do Cruz,0.0,0.0,4.495603899455999,0.0,False
Brazil.regions.PB:Casserengue,0.0,0.0,1.8137121100038414,0.0,False
Brazil.regions.PB:Imaculada,0.0,0.0,3.1158011749381593,0.0,False
Brazil.regions.PB:Joca Claudino,0.0,0.0,26.35951319310763,0.0,False
Brazil.regions.PB:Pombal,0.0,0.0,8.528066338198524,0.0,False
Brazil.regions.PB:São José de Caiana,0.0,0.0,4.148989163146156,0.0,False
Brazil.regions.PB:São João do Rio do Peixe,0.0,0.0,6.031672365514312,0.0,False
Brazil.regions.PE:Cumaru,0.0,0.0,2.4074892532354717,0.0,False
Brazil.regions.PE:Petrolândia,0.0,0.0,8.840626046320242,0.0,False
Brazil.regions.PE:Salgueiro,0.0,0.0,9.935526239939119,0.0,False
Brazil.regions.PI:Luzilândia,0.0,0.0,7.6530310499931335,0.0,False
Brazil.regions.PI:União,0.0,0.0,9.328805131443975,0.0,False
Brazil.regions.PR:Alto Paraná,2.0,0.0,8.734688234177431,0.0,False
Brazil.regions.PR:Assis Chateaubriand,0.0,0.0,8.579331661319078,0.0,False
Brazil.regions.PR:Balsa Nova,0.0,0.0,3.849375777602085,0.0,False
Brazil.regions.PR:Ibaiti,0.0,0.0,8.388385047706235,0.0,False
Brazil.regions.PR:Saudade do Iguaçu,0.0,0.0,6.605064303605632,0.0,False
Brazil.regions.RJ:Sumidouro,0.0,0.0,5.175934573341524,0.0,False
Brazil.regions.RJ:São Fidélis,1.0,0.0,6.40465219469345,0.0,False
Brazil.regions.RJ:São Francisco de Itabapoana,0.0,0.0,9.207366364884743,0.0,False
Brazil.regions.RN:Alexandria,0.0,0.0,4.2113565150248045,0.0,False
Brazil.regions.RN:Almino Afonso,0.0,0.0,9.542570303413639,0.0,False
Brazil.regions.RN:Baraúna,0.0,0.0,8.052400597039643,0.0,False
Brazil.regions.RN:Baía Formosa,0.0,0.0,0.7904309357036485,0.0,False
Brazil.regions.RN:Itajá,0.0,0.0,1.6717887820948185,0.0,False
Brazil.regions.RN:Lajes Pintadas,0.0,0.0,9.436063940656963,0.0,False
Brazil.regions.RN:Pendências,0.0,0.0,4.966931682429615,0.0,False
Brazil.regions.RO:Rolim de Moura,0.0,0.0,9.760487395594218,0.0,False
Brazil.regions.RS:Antônio Prado,0.0,0.0,3.9139186291704027,0.0,False
Brazil.regions.RS:Capitão,0.0,0.0,24.69455551605658,0.0,False
Brazil.regions.RS:Cerro Grande do Sul,0.0,0.0,3.4061517048323697,0.0,False
Brazil.regions.RS:Crissiumal,0.0,0.0,4.140703907956747,0.0,False
Brazil.regions.RS:Humaitá,0.0,0.0,9.422826130187284,0.0,False
Brazil.regions.RS:Monte Belo do Sul,0.0,1.0,27.669713939683845,39.246467817896395,False
Brazil.regions.RS:Triunfo,0.0,0.0,8.191284313583935,0.0,False
Brazil.regions.SC:Antônio Carlos,0.0,0.0,0.1699864013598713,0.0,False
Brazil.regions.SC:Garuva,0.0,0.0,6.0655937790116665,0.0,False
Brazil.regions.SC:Itá,0.0,0.0,4.633328793209076,0.0,False
Brazil.regions.SC:Meleiro,0.0,0.0,2.678413620005557,0.0,False
Brazil.regions.SC:Nova Trento,0.0,0.0,4.70342925109041,0.0,False
Brazil.regions.SC:Quilombo,1.0,0.0,8.65182910954916,0.0,False
Brazil.regions.SC:Serra Alta,0.0,0.0,19.069890314248376,0.0,False
Brazil.regions.SE:Monte Alegre de Sergipe,0.0,0.0,4.923836573974641,0.0,False
Brazil.regions.SE:Pacatuba,0.0,0.0,4.645786315140743,0.0,False
Brazil.regions.SE:Riachão do Dantas,0.0,1.0,6.527523885786393,5.049229992426155,False
Brazil.regions.SP:Alambari,0.0,0.0,5.020756495231433,0.0,False
Brazil.regions.SP:Alfredo Marcondes,0.0,0.0,12.427086736285771,0.0,False
Brazil.regions.SP:Barbosa,0.0,0.0,1.9331083211930178,0.0,False
Brazil.regions.SP:Casa Branca,1.0,0.0,4.993475405533155,0.0,False
Brazil.regions.SP:Fartura,0.0,0.0,5.340784808619133,0.0,False
Brazil.regions.SP:Guararapes,1.0,0.0,5.504924132318623,0.0,False
Brazil.regions.SP:Indiana,2.0,0.0,49.835733327519286,0.0,False
Brazil.regions.SP:Ipuã,4.0,0.0,18.894329064075222,0.0,False
Brazil.regions.SP:Jambeiro,0.0,0.0,3.570171295977092,0.0,False
Brazil.regions.SP:Joanópolis,0.0,0.0,4.012457357788948,0.0,False
Brazil.regions.SP:Junqueirópolis,0.0,0.0,6.740930095631185,0.0,False
Brazil.regions.SP:Nipoã,0.0,0.0,7.606058322056013,0.0,False
Brazil.regions.SP:Ouroeste,0.0,0.0,1.9251758452041514,0.0,False
Brazil.regions.SP:Porangaba,0.0,0.0,1.5011871275828241,0.0,False
Brazil.regions.SP:Presidente Epitácio,0.0,0.0,9.31431043929852,0.0,False
Brazil.regions.SP:Santa Rita do Passa Quatro,0.0,1.0,7.947911841706397,3.6288420365061507,False
Brazil.regions.SP:Santo Anastácio,0.0,0.0,6.78702306108447,0.0,False
Brazil.regions.SP:São Miguel Arcanjo,0.0,0.0,8.540101483812135,0.0,False
Brazil.regions.SP:Tabapuã,0.0,0.0,3.5167877300703694,0.0,False
Brazil.regions.SP:Tarabai,1.0,0.0,15.20417809822023,0.0,False
Faroe_Islands,71.0,0.0,136.88603763466455,0.0,False
United_States_of_America.regions.Alabama:Autauga,0.0,0.0,9.78685250177839,0.0,False
United_States_of_America.regions.Alabama:Blount,0.0,0.0,9.847427969451783,0.0,False
United_States_of_America.regions.Alabama:Colbert,0.0,0.0,9.766504244788099,0.0,False
United_States_of_America.regions.Alabama:DeKalb,0.0,0.0,10.178406724548179,0.0,False
United_States_of_America.regions.Alabama:Russell,0.0,0.0,9.851455832975233,0.0,False
United_States_of_America.regions.Arkansas:Lonoke,3.0,0.0,6.1203979055488915,0.0,False
United_States_of_America.regions.Florida:Bradford,0.0,0.0,8.030780331175208,0.0,False
United_States_of_America.regions.Florida:Columbia,1.0,0.0,8.786808840129797,0.0,False
United_States_of_America.regions.Florida:Gadsden,0.0,0.0,9.386653133578296,0.0,False
United_States_of_America.regions.Georgia:Bryan,1.0,0.0,6.529690007619266,0.0,False
United_States_of_America.regions.Georgia:Camden,0.0,0.0,9.747463277107656,0.0,False
United_States_of_America.regions.Georgia:Dade,0.0,0.0,5.371740227182515,0.0,False
United_States_of_America.regions.Illinois:Franklin,0.0,0.0,8.977258180377927,0.0,False
United_States_of_America.regions.Illinois:Jackson,0.0,0.0,9.814639340767615,0.0,False
United_States_of_America.regions.Illinois:LaSalle,0.0,0.0,10.656528238885786,0.0,False
United_States_of_America.regions.Illinois:Monroe,0.0,0.0,8.689667814176978,0.0,False
United_States_of_America.regions.Indiana:Cass,0.0,0.0,8.923459813631371,0.0,False
United_States_of_America.regions.Indiana:Huntington,0.0,0.0,8.838528248420653,0.0,False
United_States_of_America.regions.Indiana:Jefferson,0.0,0.0,8.481545261151759,0.0,False
United_States_of_America.regions.Indiana:Miami,0.0,0.0,8.761121487177522,0.0,False
United_States_of_America.regions.Iowa:Des Moines,0.0,0.0,9.010479851471972,0.0,False
United_States_of_America.regions.Iowa:Muscatine,0.0,0.0,9.232857384681703,0.0,False
United_States_of_America.regions.Iowa:Pottawattamie,0.0,0.0,10.503861575141931,0.0,False
United_States_of_America.regions.Iowa:Warren,0.0,0.0,9.633723528078479,0.0,False
United_States_of_America.regions.Kentucky:Barren,0.0,0.0,9.316815800515876,0.0,False
United_States_of_America.regions.Kentucky:Christian,0.0,0.0,10.157529058808906,0.0,False
United_States_of_America.regions.Kentucky:Floyd,0.0,0.0,8.766896899932743,0.0,False
United_States_of_America.regions.Kentucky:Grant,0.0,0.0,7.58776349167938,0.0,False
United_States_of_America.regions.Kentucky:Meade,0.0,0.0,8.076823876812576,0.0,False
United_States_of_America.regions.Kentucky:Pulaski,0.0,0.0,10.037795137696381,0.0,False
United_States_of_America.regions.Kentucky:Taylor,1.0,0.0,3.8154903445092616,0.0,False
United_States_of_America.regions.Louisiana:Acadia,0.0,0.0,9.9650204589201,0.0,False
United_States_of_America.regions.Louisiana:Lafourche,0.0,0.0,10.552310663099963,0.0,False
United_States_of_America.regions.Louisiana:Rapides,1.0,0.0,10.03411534927265,0.0,False
United_States_of_America.regions.Louisiana:St. Landry,1.0,0.0,9.141412199775063,0.0,False
United_States_of_America.regions.Louisiana:St. Mary,0.0,0.0,9.550329301735285,0.0,False
United_States_of_America.regions.Louisiana:Terrebonne,0.0,0.0,10.671456986096779,0.0,False
United_States_of_America.regions.Massachusetts:Franklin,0.0,0.0,10.151846497192315,0.0,False
United_States_of_America.regions.Michigan:Montcalm,0.0,0.0,10.011514709667594,0.0,False
United_States_of_America.regions.Minnesota:Blue Earth,0.0,0.0,10.098622827113557,0.0,False
United_States_of_America.regions.Minnesota:Isanti,0.0,0.0,9.113457001672987,0.0,False
United_States_of_America.regions.Mississippi:Alcorn,0.0,0.0,8.870613646025717,0.0,False
United_States_of_America.regions.Mississippi:Jones,0.0,0.0,10.108281970080151,0.0,False
United_States_of_America.regions.Mississippi:Pike,0.0,0.0,9.031447423315377,0.0,False
United_States_of_America.regions.Missouri:Lincoln,1.0,0.0,8.18767011700739,0.0,False
United_States_of_America.regions.Missouri:Newton,0.0,0.0,9.859602974991173,0.0,False
United_States_of_America.regions.Missouri:Pulaski,0.0,0.0,9.675866163649847,0.0,False
United_States_of_America.regions.Missouri:Scott,0.0,0.0,8.964423679675452,0.0,False
United_States_of_America.regions.Missouri:Taney,0.0,0.0,9.788740718435692,0.0,False
United_States_of_America.regions.New York:Columbia,0.0,0.0,9.894979269645589,0.0,False
United_States_of_America.regions.New York:Cortland,0.0,0.0,9.475074636498418,0.0,False
United_States_of_America.regions.New York:Jefferson,0.0,0.0,10.6662889948431,0.0,False
United_States_of_America.regions.New York:Livingston,0.0,0.0,9.98728253638084,0.0,False
United_States_of_America.regions.New York:Tioga,0.0,0.0,9.502194203503505,0.0,False
United_States_of_America.regions.North Carolina:Dare,0.0,0.0,8.874708429808106,0.0,False
United_States_of_America.regions.North Carolina:Jackson,1.0,0.0,7.024885336176042,0.0,False
United_States_of_America.regions.North Carolina:Richmond,0.0,0.0,9.346055000254083,0.0,False
United_States_of_America.regions.North Carolina:Transylvania,0.0,0.0,8.668509003994139,0.0,False
United_States_of_America.regions.North Carolina:Wilkes,1.0,0.0,8.653290158397311,0.0,False
United_States_of_America.regions.Ohio:Brown,0.0,0.0,9.274304071618332,0.0,False
United_States_of_America.regions.Ohio:Champaign,0.0,0.0,9.005068138209976,0.0,False
United_States_of_America.regions.Ohio:Defiance,1.0,0.0,6.325618320148116,0.0,False
United_States_of_America.regions.Ohio:Madison,0.0,0.0,9.341167819327211,0.0,False
United_States_of_America.regions.Ohio:Mercer,0.0,0.0,9.147918747541219,0.0,False
United_States_of_America.regions.Ohio:Preble,0.0,0.0,9.130689595643203,0.0,False
United_States_of_America.regions.Ohio:Washington,0.0,0.0,9.907611316746372,0.0,False
United_States_of_America.regions.Oklahoma:Pottawatomie,0.0,0.0,10.199191612398133,0.0,False
United_States_of_America.regions.Pennsylvania:Armstrong,0.0,0.0,10.031994474489679,0.0,False
United_States_of_America.regions.Pennsylvania:Indiana,0.0,0.0,10.387311369916187,0.0,False
United_States_of_America.regions.Pennsylvania:Lycoming,0.0,0.0,10.694133554996986,0.0,False
United_States_of_America.regions.South Carolina:Kershaw,0.0,0.0,10.074146855027323,0.0,False
United_States_of_America.regions.South Carolina:Laurens,1.0,0.0,8.613483613148023,0.0,False
United_States_of_America.regions.Tennessee:Cumberland,0.0,0.0,9.924407546421405,0.0,False
United_States_of_America.regions.Tennessee:Marshall,0.0,0.0,8.66766296912164,0.0,False
United_States_of_America.regions.Tennessee:Trousdale,0.0,0.0,2.7146482419133626,0.0,False
United_States_of_America.regions.Tennessee:Unicoi,0.0,0.0,5.984850953647318,0.0,False
United_States_of_America.regions.Tennessee:Warren,0.0,0.0,9.154097192891424,0.0,False
United_States_of_America.regions.Texas:Aransas,0.0,0.0,7.323244733167886,0.0,False
United_States_of_America.regions.Texas:Bastrop,0.0,0.0,10.449650421386245,0.0,False
United_States_of_America.regions.Texas:Henderson,0.0,0.0,10.368104785303693,0.0,False
United_States_of_America.regions.Texas:San Patricio,0.0,0.0,10.07817752574739,0.0,False
United_States_of_America.regions.Texas:Walker,0.0,0.0,10.20634645608595,0.0,False
United_States_of_America.regions.Virginia:Fluvanna,0.0,0.0,7.909720508208881,0.0,False
United_States_of_America.regions.Virginia:Rockingham,1.0,0.0,9.136181808119318,0.0,False
United_States_of_America.regions.Virginia:Washington,0.0,0.0,9.71594256447976,0.0,False
United_States_of_America.regions.Virginia:Wise,0.0,0.0,8.901741171902193,0.0,False
United_States_of_America.regions.Washington:Cowlitz,1.0,0.0,9.76832115643088,0.0,False
United_States_of_America.regions.West Virginia:Taylor,0.0,0.0,5.58693656764052,0.0,False
United_States_of_America.regions.Wisconsin:Dodge,1.0,0.0,9.29986092633468,0.0,False
United_States_of_America.regions.Wisconsin:Marathon,0.0,0.0,10.839790755847192,0.0,False
United_States_of_America.regions.Wisconsin:Portage,0.0,0.0,10.163765690793795,0.0,False
United_States_of_America.regions.Wisconsin:Wood,0.0,0.0,10.206872099010093,0.0,False
United_States_of_America.regions.Michigan:Wayne,0.0,0.0,11.51958955995135,0.0,False
United_States_of_America.regions.Virginia:Fairfax,0.0,0.0,11.489610338860269,0.0,False
Brazil.regions.AL:Jacuípe,2.0,0.0,31.152202110962783,0.0,False
Brazil.regions.AL:Jequiá da Praia,0.0,0.0,2.9411752944474365,0.0,False
Brazil.regions.AL:Porto de Pedras,0.0,0.0,1.2668114955352046,0.0,False
Brazil.regions.BA:Banzaê,0.0,0.0,4.0176035267120564,0.0,False
Brazil.regions.BA:Brumado,0.0,0.0,10.088547910506618,0.0,False
Brazil.regions.BA:Cardeal da Silva,0.0,0.0,0.818281581278713,0.0,False
Brazil.regions.BA:Euclides da Cunha,0.0,0.0,9.926180303895473,0.0,False
Brazil.regions.BA:Floresta Azul,0.0,0.0,2.168531091496959,0.0,False
Brazil.regions.BA:Itabela,0.0,0.0,8.307070383574828,0.0,False
Brazil.regions.BA:Nova Ibiá,0.0,0.0,3.5954506431043978,0.0,False
Brazil.regions.BA:Nova Soure,0.0,0.0,7.8657656420452575,0.0,False
Brazil.regions.BA:Nova Viçosa,0.0,0.0,9.271331524837409,0.0,False
Brazil.regions.BA:Riachão do Jacuípe,0.0,0.0,8.585965506397738,0.0,False
Brazil.regions.BA:São Domingos,0.0,0.0,0.536789206099499,0.0,False
Brazil.regions.BA:Utinga,0.0,1.0,6.3624458168922855,5.214308061320263,False
Brazil.regions.BA:Várzea da Roça,0.0,0.0,4.486566697270971,0.0,False
Brazil.regions.CE:Ararendá,0.0,1.0,2.4318064616601927,9.144947416552355,False
Brazil.regions.CE:Barro,1.0,0.0,2.7584117265370622,0.0,False
Brazil.regions.CE:Beberibe,0.0,0.0,9.710141965495321,0.0,False
Brazil.regions.CE:Coreaú,0.0,0.0,7.2544855517948434,0.0,False
Brazil.regions.CE:Itapiúna,0.0,0.0,6.670464014607407,0.0,False
Brazil.regions.CE:Lavras da Mangabeira,0.0,0.0,8.402956747325154,0.0,False
Brazil.regions.CE:Novo Oriente,1.0,0.0,4.585458041529218,0.0,False
Brazil.regions.CE:Ocara,1.0,0.0,3.7955610213475905,0.0,False
Brazil.regions.CE:Pedra Branca,0.0,0.0,9.265042749635175,0.0,False
Brazil.regions.CE:Potengi,0.0,0.0,2.5228833485611215,0.0,False
Brazil.regions.CE:Santana do Acaraú,0.0,0.0,8.495279700966153,0.0,False
Brazil.regions.ES:Afonso Cláudio,0.0,0.0,8.307284186196593,0.0,False
Brazil.regions.ES:Alto Rio Novo,0.0,0.0,1.1848591896792335,0.0,False
Brazil.regions.ES:Boa Esperança,0.0,0.0,4.926491192836476,0.0,False
Brazil.regions.ES:Brejetuba,0.0,0.0,3.514838367087105,0.0,False
Brazil.regions.ES:Conceição do Castelo,0.0,0.0,3.716972380138194,0.0,False
Brazil.regions.ES:Mimoso do Sul,1.0,0.0,3.9294476418343116,0.0,False
Brazil.regions.ES:Santa Teresa,0.0,0.0,7.3376695204338285,0.0,False
Brazil.regions.ES:Vila Valério,0.0,0.0,4.4744811509398215,0.0,False
Brazil.regions.GO:Alexânia,0.0,0.0,7.960509709406271,0.0,False
Brazil.regions.GO:Aragarças,0.0,0.0,6.606080849084404,0.0,False
Brazil.regions.GO:Iporá,0.0,1.0,8.40527184465827,3.1714820335542795,False
Brazil.regions.GO:Pires do Rio,0.0,1.0,8.39791224810256,3.1788416301099875,False
Brazil.regions.GO:Santa Helena de Goiás,0.0,0.0,8.989297864964772,0.0,False
Brazil.regions.MA:Bacabeira,0.0,0.0,5.713370706122252,0.0,False
Brazil.regions.MA:Brejo,0.0,0.0,8.829274690367395,0.0,False
Brazil.regions.MA:Igarapé Grande,37.0,0.0,324.1122920581832,0.0,False
Brazil.regions.MA:Lago do Junco,2.0,0.0,16.09852287455498,0.0,False
Brazil.regions.MA:Maracaçumé,1.0,0.0,2.228775378563098,0.0,False
Brazil.regions.MA:Mata Roma,0.0,0.0,5.634630163196801,0.0,False
Brazil.regions.MA:Presidente Vargas,2.0,0.0,15.225711948643523,0.0,False
Brazil.regions.MA:Satubinha,0.0,0.0,4.389747984867716,0.0,False
Brazil.regions.MA:São Domingos do Maranhão,10.0,0.0,20.42231523977675,0.0,False
Brazil.regions.MA:São João Batista,0.0,0.0,6.7376539507990465,0.0,False
Brazil.regions.MG:Bueno Brandão,0.0,0.0,2.4866711584597976,0.0,False
Brazil.regions.MG:Carmo da Mata,0.0,0.0,2.862916304144928,0.0,False
Brazil.regions.MG:Centralina,0.0,0.0,1.9149181294202773,0.0,False
Brazil.regions.MG:Cristina,0.0,0.0,1.813035854389076,0.0,False
Brazil.regions.MG:Córrego do Bom Jesus,0.0,0.0,15.421086294573632,0.0,False
Brazil.regions.MG:Fervedouro,0.0,0.0,2.490800761730629,0.0,False
Brazil.regions.MG:Guanhães,0.0,0.0,8.662916062425374,0.0,False
Brazil.regions.MG:Ilicínea,0.0,0.0,3.4959457974044668,0.0,False
Brazil.regions.MG:Ipuiúna,0.0,0.0,1.6551346699577607,0.0,False
Brazil.regions.MG:Itaguara,0.0,0.0,4.090603256862046,0.0,False
Brazil.regions.MG:Itaobim,0.0,0.0,6.828866688012187,0.0,False
Brazil.regions.MG:Janaúba,0.0,0.0,10.181041506618087,0.0,False
Brazil.regions.MG:Laranjal,0.0,0.0,3.1075339338285684,0.0,False
Brazil.regions.MG:Mar de Espanha,0.0,0.0,3.772789464290275,0.0,False
Brazil.regions.MG:Munhoz,2.0,0.0,38.18274189223031,0.0,False
Brazil.regions.MG:Patrocínio,0.0,0.0,10.474910494231148,0.0,False
Brazil.regions.MG:São Brás do Suaçuí,0.0,0.0,15.17552006507263,0.0,False
Brazil.regions.MG:São Gonçalo do Rio Abaixo,0.0,0.0,2.419244720703391,0.0,False
Brazil.regions.PA:Bujaru,0.0,0.0,8.144102498286694,0.0,False
Brazil.regions.PA:Colares,0.0,0.0,3.302033150037124,0.0,False
Brazil.regions.PA:Igarapé-Miri,2.0,0.0,6.791912256470227,0.0,False
Brazil.regions.PA:Nova Timboteua,1.0,0.0,1.441536820218749,0.0,False
Brazil.regions.PA:Ourém,1.0,0.0,0.3672482174121896,0.0,False
Brazil.regions.PA:São João da Ponta,0.0,0.0,4.712544053046612,0.0,False
Brazil.regions.PB:Conceição,0.0,0.0,6.308605105691212,0.0,False
Brazil.regions.PB:Igaracy,0.0,0.0,4.771129070945536,0.0,False
Brazil.regions.PB:Malta,0.0,0.0,5.787371838057636,0.0,False
Brazil.regions.PB:Monteiro,0.0,0.0,8.566700299258843,0.0,False
Brazil.regions.PB:Riacho dos Cavalos,0.0,0.0,0.1520755846070614,0.0,False
Brazil.regions.PB:Santa Luzia,0.0,0.0,5.075648690330608,0.0,False
Brazil.regions.PE:Itapetim,0.0,0.0,4.232453055650856,0.0,False
Brazil.regions.PE:Quixaba,0.0,0.0,3.101067933030663,0.0,False
Brazil.regions.PE:Terra Nova,0.0,1.0,1.6718410414455107,9.904912836767037,False
Brazil.regions.PI:Angical do Piauí,0.0,0.0,3.1551259096483832,0.0,False
Brazil.regions.PI:Dom Expedito Lopes,0.0,0.0,2.9076030163413336,0.0,False
Brazil.regions.PI:São Gonçalo do Piauí,0.0,0.0,8.363425583402604,0.0,False
Brazil.regions.PR:Abatiá,0.0,0.0,1.833464708350414,0.0,False
Brazil.regions.PR:Assaí,0.0,0.0,4.962559817758814,0.0,False
Brazil.regions.PR:Carlópolis,0.0,0.0,4.593513654748861,0.0,False
Brazil.regions.PR:Cidade Gaúcha,1.0,0.0,4.2310235482812875,0.0,False
Brazil.regions.PR:Coronel Vivida,0.0,0.0,6.753757833069305,0.0,False
Brazil.regions.PR:Itaipulândia,0.0,0.0,2.62900870999494,0.0,False
Brazil.regions.PR:Jussara,0.0,1.0,2.6824789750599454,14.259232853272493,False
Brazil.regions.PR:Loanda,1.0,0.0,2.913494760132325,0.0,False
Brazil.regions.PR:Marilena,4.0,0.0,59.084636737954774,0.0,False
Brazil.regions.PR:Missal,0.0,0.0,2.232706036687599,0.0,False
Brazil.regions.PR:Palmas,0.0,0.0,9.61543116217285,0.0,False
Brazil.regions.PR:Paranacity,3.0,0.0,23.290749608537794,0.0,False
Brazil.regions.PR:Peabiru,0.0,0.0,4.431855335771851,0.0,False
Brazil.regions.PR:Rebouças,0.0,0.0,4.864894021846349,0.0,False
Brazil.regions.PR:Ribeirão do Pinhal,0.0,0.0,3.9015677549490597,0.0,False
Brazil.regions.PR:Santa Tereza do Oeste,0.0,0.0,1.7138482662192551,0.0,False
Brazil.regions.PR:Sertanópolis,0.0,1.0,5.467645197169112,6.109108681043436,False
Brazil.regions.PR:São Miguel do Iguaçu,1.0,0.0,4.291310194692222,0.0,False
Brazil.regions.RJ:Quissamã,1.0,0.0,3.479587886309714,0.0,False
Brazil.regions.RJ:Sapucaia,0.0,0.0,6.090688484313053,0.0,False
Brazil.regions.RN:Carnaúba dos Dantas,0.0,0.0,0.6481849970930735,0.0,False
Brazil.regions.RN:Jardim do Seridó,0.0,0.0,3.5096354529140648,0.0,False
Brazil.regions.RN:Riachuelo,0.0,0.0,0.7263957280866649,0.0,False
Brazil.regions.RN:São Miguel do Gostoso,0.0,0.0,1.8510195852734324,0.0,False
Brazil.regions.RN:São Pedro,0.0,0.0,5.170859586868678,0.0,False
Brazil.regions.RN:São Vicente,0.0,0.0,3.9898712774537035,0.0,False
Brazil.regions.RN:Taipu,0.0,1.0,3.4327682116273213,8.143985666585227,False
Brazil.regions.RS:Arroio dos Ratos,0.0,0.0,4.510115478099482,0.0,False
Brazil.regions.RS:Boa Vista do Sul,0.0,0.0,24.355693121428125,0.0,False
Brazil.regions.RS:Candelária,0.0,0.0,8.388486701423133,0.0,False
Brazil.regions.RS:Capão do Leão,0.0,0.0,7.632603053885026,0.0,False
Brazil.regions.RS:Casca,0.0,0.0,0.5037830001259564,0.0,False
Brazil.regions.RS:Ibirubá,1.0,0.0,1.7487440502027205,0.0,False
Brazil.regions.RS:Maratá,0.0,0.0,25.584152847911568,0.0,False
Brazil.regions.RS:Marques de Souza,0.0,0.0,13.367122400161113,0.0,False
Brazil.regions.RS:Nova Bréscia,0.0,0.0,18.453276151817484,0.0,False
Brazil.regions.RS:Poço das Antas,0.0,0.0,36.08768844781223,0.0,False
Brazil.regions.RS:Sananduva,0.0,0.0,5.4304723785198625,0.0,False
Brazil.regions.RS:Tucunduva,0.0,0.0,6.035081275010418,0.0,False
Brazil.regions.RS:Vacaria,0.0,0.0,10.066590478532703,0.0,False
Brazil.regions.RS:Vanini,0.0,0.0,35.74932279003165,0.0,False
Brazil.regions.RS:Vila Flores,0.0,0.0,17.965343610709162,0.0,False
Brazil.regions.SC:Arabutã,2.0,0.0,58.73025338684487,0.0,False
Brazil.regions.SC:Atalanta,0.0,0.0,19.575894096865333,0.0,False
Brazil.regions.SC:Benedito Novo,1.0,0.0,5.587681411866411,0.0,False
Brazil.regions.SC:Entre Rios,0.0,0.0,19.643976686882674,0.0,False
Brazil.regions.SC:Faxinal dos Guedes,0.0,0.0,2.2020468378075613,0.0,False
Brazil.regions.SC:Ipumirim,1.0,0.0,14.763296167882542,0.0,False
Brazil.regions.SC:Irani,1.0,0.0,7.618946284950903,0.0,False
Brazil.regions.SC:Nova Itaberaba,0.0,0.0,11.512601928760438,0.0,False
Brazil.regions.SC:Ouro,0.0,0.0,2.1312653130143175,0.0,False
Brazil.regions.SC:Rio do Oeste,0.0,0.0,1.7761637342857846,0.0,False
Brazil.regions.SC:Tunápolis,0.0,0.0,10.435132540453532,0.0,False
Brazil.regions.SE:Canindé de São Francisco,0.0,0.0,8.232272272861378,0.0,False
Brazil.regions.SE:Carira,0.0,0.0,7.048178568005139,0.0,False
Brazil.regions.SE:Feira Nova,1.0,0.0,24.239865032962236,0.0,False
Brazil.regions.SE:Japoatã,0.0,0.0,4.132954563042086,0.0,False
Brazil.regions.SE:Porto da Folha,0.0,0.0,8.079761291836832,0.0,False
Brazil.regions.SP:Auriflama,0.0,0.0,4.993041981445151,0.0,False
Brazil.regions.SP:Bocaina,0.0,0.0,3.4657959740840703,0.0,False
Brazil.regions.SP:Campina do Monte Alegre,0.0,0.0,5.023511726037119,0.0,False
Brazil.regions.SP:Capão Bonito,0.0,0.0,9.455323185353283,0.0,False
Brazil.regions.SP:Fernando Prestes,0.0,0.0,5.715309064896568,0.0,False
Brazil.regions.SP:Guareí,0.0,0.0,6.177185843655312,0.0,False
Brazil.regions.SP:Guaíra,0.0,0.0,9.12517260829345,0.0,False
Brazil.regions.SP:Ibirarema,0.0,0.0,1.321479063874385,0.0,False
Brazil.regions.SP:Igaratá,0.0,0.0,1.0879768696117509,0.0,False
Brazil.regions.SP:Itajobi,0.0,0.0,5.0245326752247355,0.0,False
Brazil.regions.SP:Itirapina,0.0,0.0,6.069236116467766,0.0,False
Brazil.regions.SP:Mirandópolis,0.0,0.0,8.194261657944654,0.0,False
Brazil.regions.SP:Nova Aliança,1.0,0.0,17.105305493650356,0.0,False
Brazil.regions.SP:Pirajuí,0.0,0.0,7.653954568625226,0.0,False
Brazil.regions.SP:Piratininga,0.0,0.0,4.243224984108705,0.0,False
Brazil.regions.SP:Pratânia,1.0,0.0,26.438832512207526,0.0,False
Brazil.regions.SP:Rincão,0.0,0.0,2.316637200742411,0.0,False
Brazil.regions.SP:Santa Cruz da Conceição,0.0,0.0,10.630663399158093,0.0,False
Brazil.regions.SP:Santo Expedito,0.0,0.0,20.567251264828272,0.0,False
Brazil.regions.SP:Tanabi,0.0,0.0,7.725712171430864,0.0,False
Brazil.regions.SP:Torre de Pedra,1.0,0.0,71.34198575694501,0.0,False
Brazil.regions.SP:Torrinha,5.0,0.0,48.36330606184739,0.0,False
Brazil.regions.SP:Valparaíso,0.0,0.0,7.800318832895328,0.0,False
Brazil.regions.SP:Álvaro de Carvalho,0.0,0.0,7.554679066114984,0.0,False
Brazil.regions.TO:São Miguel do Tocantins,0.0,0.0,3.338843012408116,0.0,False
Turks_and_Caicos_islands,0.0,0.0,8.39791224810256,0.0,False
United_States_of_America.regions.Alabama:Coffee,2.0,0.0,5.845218973164976,0.0,False
United_States_of_America.regions.Alabama:Dale,0.0,0.0,9.543076175454882,0.0,False
United_States_of_America.regions.Alabama:Walker,0.0,0.0,10.002471357471375,0.0,False
United_States_of_America.regions.Arkansas:Baxter,0.0,0.0,9.191940370628842,0.0,False
United_States_of_America.regions.Arkansas:Crittenden,0.0,0.0,9.491465587106303,0.0,False
United_States_of_America.regions.Arkansas:Greene,0.0,0.0,9.370465957638913,0.0,False
United_States_of_America.regions.Arkansas:Pope,0.0,0.0,10.016009715395716,0.0,False
United_States_of_America.regions.Georgia:Banks,0.0,0.0,6.3776273314724,0.0,False
United_States_of_America.regions.Georgia:Chattooga,0.0,0.0,7.542706518496545,0.0,False
United_States_of_America.regions.Georgia:Coffee,0.0,0.0,9.265844073022244,0.0,False
United_States_of_America.regions.Georgia:Colquitt,0.0,0.0,9.383771422072197,0.0,False
United_States_of_America.regions.Georgia:Crisp,2.0,0.0,1.8328652886031147,0.0,False
United_States_of_America.regions.Georgia:Franklin,0.0,0.0,7.293915212745076,0.0,False
United_States_of_America.regions.Georgia:Harris,0.0,0.0,8.738747294037273,0.0,False
United_States_of_America.regions.Georgia:Lee,0.0,0.0,8.242531418890062,0.0,False
United_States_of_America.regions.Georgia:McDuffie,0.0,0.0,6.884561686020356,0.0,False
United_States_of_America.regions.Georgia:Pike,0.0,0.0,6.303048572865011,0.0,False
United_States_of_America.regions.Georgia:Thomas,0.0,0.0,9.327085704268205,0.0,False
United_States_of_America.regions.Georgia:Union,0.0,0.0,7.496952972496747,0.0,False
United_States_of_America.regions.Georgia:Upson,1.0,0.0,3.977969683683672,0.0,False
United_States_of_America.regions.Idaho:Madison,0.0,0.0,9.070927832656631,0.0,False
United_States_of_America.regions.Illinois:Clinton,0.0,0.0,8.914488823103662,0.0,False
United_States_of_America.regions.Illinois:Stephenson,0.0,0.0,9.329461865088362,0.0,False
United_States_of_America.regions.Illinois:Vermilion,0.0,0.0,10.256761270171154,0.0,False
United_States_of_America.regions.Illinois:Whiteside,0.0,0.0,9.76433883516769,0.0,False
United_States_of_America.regions.Indiana:Clinton,0.0,0.0,8.490238862316996,0.0,False
United_States_of_America.regions.Indiana:Daviess,1.0,0.0,5.579932193705337,0.0,False
United_States_of_America.regions.Indiana:Harrison,0.0,0.0,9.108532231908711,0.0,False
United_States_of_America.regions.Indiana:Jackson,0.0,0.0,9.315896108774822,0.0,False
United_States_of_America.regions.Indiana:Montgomery,0.0,0.0,8.968375767721652,0.0,False
United_States_of_America.regions.Indiana:Putnam,0.0,0.0,8.915480725136117,0.0,False
United_States_of_America.regions.Indiana:Wabash,0.0,0.0,8.350531139794688,0.0,False
United_States_of_America.regions.Indiana:Wells,0.0,0.0,8.042685458647945,0.0,False
United_States_of_America.regions.Iowa:Cerro Gordo,1.0,0.0,6.865328672087696,0.0,False
United_States_of_America.regions.Iowa:Wapello,0.0,0.0,8.717078165438377,0.0,False
United_States_of_America.regions.Kansas:Geary,1.0,0.0,5.261629154499254,0.0,False
United_States_of_America.regions.Kentucky:Carroll,0.0,0.0,2.1703010515734746,0.0,False
United_States_of_America.regions.Kentucky:Gallatin,0.0,0.0,0.30152555483900123,0.0,False
United_States_of_America.regions.Kentucky:Hopkins,0.0,0.0,9.338916524231436,0.0,False
United_States_of_America.regions.Kentucky:Johnson,0.0,0.0,7.06981318955201,0.0,False
United_States_of_America.regions.Kentucky:Knox,0.0,0.0,8.365965629697538,0.0,False
United_States_of_America.regions.Kentucky:Mercer,0.0,0.0,7.017414070616688,0.0,False
United_States_of_America.regions.Kentucky:Perry,1.0,0.0,3.812175883026587,0.0,False
United_States_of_America.regions.Kentucky:Rowan,0.0,0.0,7.488446437493006,0.0,False
United_States_of_America.regions.Kentucky:Simpson,0.0,0.0,6.192304168972832,0.0,False
United_States_of_America.regions.Kentucky:Whitley,0.0,0.0,8.819198175587355,0.0,False
United_States_of_America.regions.Louisiana:St. James,0.0,1.0,6.836518762550812,4.740235115661736,False
United_States_of_America.regions.Maine:Lincoln,0.0,0.0,8.6894177345387,0.0,False
United_States_of_America.regions.Maryland:Somerset,0.0,0.0,7.672943759536721,0.0,False
United_States_of_America.regions.Michigan:Branch,1.0,0.0,6.980848829610853,0.0,False
United_States_of_America.regions.Michigan:Hillsdale,0.0,0.0,9.38401185431166,0.0,False
United_States_of_America.regions.Michigan:Mecosta,0.0,1.0,9.275416801370904,2.301337076841645,False
United_States_of_America.regions.Minnesota:Nicollet,0.0,0.0,8.659090343171409,0.0,False
United_States_of_America.regions.Minnesota:Steele,1.0,0.0,6.1195790576171705,0.0,False
United_States_of_America.regions.Minnesota:Winona,1.0,0.0,7.615102661985625,0.0,False
United_States_of_America.regions.Mississippi:Lafayette,0.0,0.0,9.725553374686012,0.0,False
United_States_of_America.regions.Mississippi:Warren,0.0,0.0,9.373188509445884,0.0,False
United_States_of_America.regions.Missouri:Warren,0.0,0.0,8.771626104642461,0.0,False
United_States_of_America.regions.New Hampshire:Sullivan,0.0,0.0,9.259041923454285,0.0,False
United_States_of_America.regions.North Carolina:Chowan,0.0,0.0,4.404696214868935,0.0,False
United_States_of_America.regions.North Carolina:Greene,2.0,0.0,2.662175354309168,0.0,False
United_States_of_America.regions.North Carolina:Polk,1.0,0.0,1.9261072848907954,0.0,False
United_States_of_America.regions.Ohio:Darke,0.0,0.0,9.62030444264821,0.0,False
United_States_of_America.regions.Ohio:Guernsey,0.0,0.0,9.004406611331518,0.0,False
United_States_of_America.regions.Ohio:Highland,0.0,0.0,9.2598474117266,0.0,False
United_States_of_America.regions.Ohio:Jackson,1.0,0.0,5.406390135269902,0.0,False
United_States_of_America.regions.Ohio:Morrow,0.0,0.0,8.746137936183562,0.0,False
United_States_of_America.regions.Ohio:Perry,0.0,0.0,8.809277263389944,0.0,False
United_States_of_America.regions.Ohio:Williams,0.0,0.0,8.851364147481053,0.0,False
United_States_of_America.regions.Oklahoma:Muskogee,0.0,0.0,10.106100761163267,0.0,False
United_States_of_America.regions.Oregon:Columbia,0.0,0.0,9.666680149366615,0.0,False
United_States_of_America.regions.Pennsylvania:Crawford,0.0,0.0,10.39512583108922,0.0,False
United_States_of_America.regions.Pennsylvania:Perry,0.0,0.0,9.415619715003697,0.0,False
United_States_of_America.regions.South Carolina:Dillon,0.0,0.0,8.295806340563676,0.0,False
United_States_of_America.regions.Tennessee:Campbell,0.0,0.0,9.066839717276853,0.0,False
United_States_of_America.regions.Tennessee:Cocke,0.0,0.0,8.799284708120336,0.0,False
United_States_of_America.regions.Tennessee:Franklin,0.0,0.0,9.207534772829682,0.0,False
United_States_of_America.regions.Tennessee:Gibson,0.0,0.0,9.54146191558051,0.0,False
United_States_of_America.regions.Tennessee:Grainger,2.0,0.0,1.2877401183569201,0.0,False
United_States_of_America.regions.Tennessee:Macon,0.0,0.0,7.512043692048821,0.0,False
United_States_of_America.regions.Tennessee:Union,0.0,0.0,6.569744064473313,0.0,False
United_States_of_America.regions.Texas:Caldwell,0.0,0.0,9.286537681803607,0.0,False
United_States_of_America.regions.Texas:Titus,0.0,0.0,8.523318763708732,0.0,False
United_States_of_America.regions.Vermont:Franklin,1.0,0.0,7.5283347858681084,0.0,False
United_States_of_America.regions.Vermont:Grand Isle,0.0,0.0,2.244946190895954,0.0,False
United_States_of_America.regions.Vermont:Washington,0.0,0.0,9.864688956710724,0.0,False
United_States_of_America.regions.Virginia:Clarke,0.0,0.0,4.736340717257626,0.0,False
United_States_of_America.regions.Virginia:Franklin,0.0,0.0,9.792377874501046,0.0,False
United_States_of_America.regions.Virginia:Goochland,0.0,0.0,7.366759351205434,0.0,False
United_States_of_America.regions.Virginia:Lancaster,0.0,0.0,2.1454608479380965,0.0,False
United_States_of_America.regions.Virginia:Louisa,0.0,0.0,8.91654265744162,0.0,False
United_States_of_America.regions.Virginia:Middlesex,1.0,0.0,7.3232650218063515,0.0,False
United_States_of_America.regions.Virginia:Page,0.0,0.0,7.393003564431274,0.0,False
United_States_of_America.regions.Virginia:Shenandoah,2.0,0.0,4.698544046957963,0.0,False
United_States_of_America.regions.Virginia:Tazewell,0.0,0.0,9.113396321863243,0.0,False
United_States_of_America.regions.Virginia:Westmoreland,0.0,0.0,6.025824097474274,0.0,False
United_States_of_America.regions.West Virginia:Mineral,1.0,0.0,4.132954563042086,0.0,False
United_States_of_America.regions.West Virginia:Morgan,0.0,0.0,5.985163629945942,0.0,False
United_States_of_America.regions.West Virginia:Wayne,5.0,0.0,3.6508995403956437,0.0,False
United_States_of_America.regions.Wisconsin:Pierce,0.0,0.0,9.237791441949273,0.0,False
Brazil.regions.AC,2.0,0.0,11.236592755227294,0.0,False
Brazil.regions.AP,0.0,0.0,11.458512971825057,0.0,False
Brazil.regions.PA:Altamira,0.0,0.0,10.704107840898203,0.0,False
Suriname,0.0,0.0,11.403140054385439,0.0,False
Brazil.regions.CE:Maracanaú,0.0,0.0,11.13793797903489,0.0,False
Brazil.regions.MG:Ribeirão das Neves,1.0,0.0,10.979485782482417,0.0,False
Brazil.regions.PR:Pinhais,0.0,0.0,10.820078106214092,0.0,False
Brazil.regions.SP:Praia Grande,0.0,0.0,11.269130667426047,0.0,False
Zimbabwe,0.0,0.0,11.569828199471791,0.0,False
United_States_of_America.regions.Idaho,0.0,0.0,11.520796204596872,0.0,False
United_States_of_America.regions.Kansas,0.0,0.0,11.542428707633613,0.0,False
United_States_of_America.regions.Nebraska,9.0,0.0,11.059799854035642,0.0,False
United_States_of_America.regions.Utah,0.0,0.0,11.545561953677042,0.0,False
Brazil.regions.AL:Dois Riachos,0.0,0.0,2.5474085057520526,0.0,False
Brazil.regions.AL:Igaci,0.0,0.0,7.675228381743429,0.0,False
Brazil.regions.AL:Joaquim Gomes,0.0,0.0,7.408871579208673,0.0,False
Brazil.regions.AL:Maribondo,0.0,0.0,4.0375500181401724,0.0,False
Brazil.regions.AL:Piaçabuçu,1.0,0.0,0.3578163116001054,0.0,False
Brazil.regions.AP:Santana,1.0,0.0,9.928818740939551,0.0,False
Brazil.regions.BA:Barrocas,1.0,0.0,0.9404572871398109,0.0,False
Brazil.regions.BA:Eunápolis,1.0,0.0,9.812774340375187,0.0,False
Brazil.regions.BA:Itajuípe,2.0,0.0,3.0638200322847435,0.0,False
Brazil.regions.BA:Mata de São João,0.0,0.0,9.430047998385144,0.0,False
Brazil.regions.BA:Mutuípe,0.0,0.0,7.076506364599299,0.0,False
Brazil.regions.BA:Paulo Afonso,0.0,0.0,10.727727711226082,0.0,False
Brazil.regions.CE:Acaraú,0.0,0.0,9.980355353284786,0.0,False
Brazil.regions.CE:Brejo Santo,1.0,0.0,7.534471605641454,0.0,False
Brazil.regions.CE:Capistrano,0.0,1.0,5.939139716525775,5.637614161686773,False
Brazil.regions.CE:Cruz,2.0,0.0,0.5068647627831435,0.0,False
Brazil.regions.CE:Frecheirinha,0.0,0.0,4.470443474574117,0.0,False
Brazil.regions.CE:Itapipoca,0.0,0.0,10.803705438997348,0.0,False
Brazil.regions.CE:Limoeiro do Norte,0.0,0.0,9.897210713953227,0.0,False
Brazil.regions.CE:Mucambo,0.0,0.0,4.697755460382184,0.0,False
Brazil.regions.CE:Mulungu,0.0,0.0,2.3371715073357127,0.0,False
Brazil.regions.CE:Tururu,0.0,0.0,5.430850123065355,0.0,False
Brazil.regions.ES:Fundão,0.0,0.0,6.927537271210828,0.0,False
Brazil.regions.ES:Jerônimo Monteiro,0.0,0.0,3.3746541406797395,0.0,False
Brazil.regions.GO:Nova Veneza,0.0,0.0,1.4275607390671095,0.0,False
Brazil.regions.GO:Santo Antônio do Descoberto,0.0,0.0,10.238853846102947,0.0,False
Brazil.regions.MA:Axixá,0.0,0.0,3.3327307949479152,0.0,False
Brazil.regions.MA:Bela Vista do Maranhão,0.0,0.0,2.6553514337482778,0.0,False
Brazil.regions.MA:Olinda Nova do Maranhão,0.0,0.0,4.774495528440424,0.0,False
Brazil.regions.MA:Trizidela do Vale,0.0,0.0,7.030886072048351,0.0,False
Brazil.regions.MG:Arcos,0.0,0.0,9.082490683560248,0.0,False
Brazil.regions.MG:Belo Oriente,0.0,0.0,7.831435526152623,0.0,False
Brazil.regions.MG:Caetanópolis,0.0,0.0,2.973863306980615,0.0,False
Brazil.regions.MG:Caratinga,0.0,0.0,10.490529377332706,0.0,False
Brazil.regions.MG:Esmeraldas,0.0,0.0,10.159359615824522,0.0,False
Brazil.regions.MG:Espera Feliz,1.0,0.0,3.561043085057964,0.0,False
Brazil.regions.MG:Jacutinga,0.0,1.0,7.727491012051418,3.8492628661611303,False
Brazil.regions.MG:Perdões,0.0,0.0,6.901672064280804,0.0,False
Brazil.regions.MG:Piraúba,0.0,0.0,2.3063357823564257,0.0,False
Brazil.regions.MG:São João do Manhuaçu,0.0,0.0,2.925486467536885,0.0,False
Brazil.regions.PA:Santa Bárbara do Pará,0.0,0.0,6.832695810941805,0.0,False
Brazil.regions.PB:Araçagi,0.0,0.0,5.689899224653945,0.0,False
Brazil.regions.PB:Maturéia,0.0,0.0,3.646263323796889,0.0,False
Brazil.regions.PB:São Miguel de Taipu,0.0,0.0,1.995450247737507,0.0,False
Brazil.regions.PE:Cedro,0.0,0.0,3.1072019175112686,0.0,False
Brazil.regions.PE:Tabira,0.0,0.0,8.072162863983909,0.0,False
Brazil.regions.PE:Triunfo,0.0,0.0,5.021096345762044,0.0,False
Brazil.regions.PR:Campina Grande do Sul,0.0,0.0,9.266644841065995,0.0,False
Brazil.regions.PR:Cornélio Procópio,0.0,0.0,9.486671319951498,0.0,False
Brazil.regions.PR:Ivaiporã,0.0,0.0,8.450190596571728,0.0,False
Brazil.regions.PR:Jataizinho,0.0,0.0,3.6326801572084166,0.0,False
Brazil.regions.PR:Mandaguaçu,0.0,0.0,7.194440893419174,0.0,False
Brazil.regions.PR:Marialva,0.0,0.0,8.759535036652936,0.0,False
Brazil.regions.PR:Paranavaí,0.0,0.0,10.445199348599767,0.0,False
Brazil.regions.PR:Siqueira Campos,0.0,1.0,6.818474472045818,4.75827940616673,False
Brazil.regions.PR:União da Vitória,0.0,0.0,9.83813746915088,0.0,False
Brazil.regions.RJ:Comendador Levy Gasparian,1.0,0.0,11.785002925899123,0.0,False
Brazil.regions.RJ:Paraíba do Sul,1.0,0.0,7.060552003988771,0.0,False
Brazil.regions.RJ:São João da Barra,0.0,0.0,8.8068242344255,0.0,False
Brazil.regions.RN:Alto do Rodrigues,0.0,0.0,4.693967726378285,0.0,False
Brazil.regions.RN:Pedro Velho,0.0,0.0,4.822735237121099,0.0,False
Brazil.regions.RN:Santo Antônio,0.0,0.0,7.43356528026757,0.0,False
Brazil.regions.RN:Várzea,0.0,0.0,6.605064303605632,0.0,False
Brazil.regions.RS:Ametista do Sul,0.0,0.0,1.9203442456908135,0.0,False
Brazil.regions.RS:Cruzeiro do Sul,0.0,0.0,3.4782763919799606,0.0,False
Brazil.regions.RS:Eldorado do Sul,0.0,0.0,9.154566643139276,0.0,False
Brazil.regions.RS:Rio Grande,0.0,0.0,11.102831459312522,0.0,False
Brazil.regions.RS:Salvador do Sul,0.0,0.0,1.2454028085421651,0.0,False
Brazil.regions.RS:Santa Clara do Sul,0.0,0.0,3.567877350017044,0.0,False
Brazil.regions.RS:Taquari,0.0,0.0,7.854022882754281,0.0,False
Brazil.regions.RS:Terra de Areia,1.0,0.0,6.274013704793523,0.0,False
Brazil.regions.SC:Balneário Gaivota,0.0,1.0,2.4684562190450468,9.108297659167501,False
Brazil.regions.SC:Canelinha,0.0,0.0,3.406819237689673,0.0,False
Brazil.regions.SC:Caçador,0.0,0.0,10.304408309155992,0.0,False
Brazil.regions.SC:Ibirama,0.0,0.0,6.299709023331282,0.0,False
Brazil.regions.SC:Ituporanga,0.0,0.0,7.590466706084668,0.0,False
Brazil.regions.SC:Nova Erechim,0.0,0.0,8.347533828501936,0.0,False
Brazil.regions.SE:Capela,0.0,0.0,8.653888300800453,0.0,False
Brazil.regions.SE:Cristinápolis,0.0,0.0,5.9820352925574065,0.0,False
Brazil.regions.SE:Nossa Senhora de Lourdes,0.0,1.0,3.8482037031541036,15.424957581366652,False
Brazil.regions.SE:Salgado,0.0,0.0,6.576253828207547,0.0,False
Brazil.regions.SP:Aguaí,0.0,0.0,8.82231234123417,0.0,False
Brazil.regions.SP:Avaré,0.0,0.0,10.473670760899658,0.0,False
Brazil.regions.SP:Bariri,0.0,0.0,8.741000702168991,0.0,False
Brazil.regions.SP:Barretos,0.0,0.0,10.757739643745152,0.0,False
Brazil.regions.SP:Batatais,0.0,0.0,9.976958652001503,0.0,False
Brazil.regions.SP:Garça,0.0,0.0,9.323994247665127,0.0,False
Brazil.regions.SP:Ibiúna,0.0,0.0,10.308973254971594,0.0,False
Brazil.regions.SP:Macatuba,0.0,0.0,5.750266667351976,0.0,False
Brazil.regions.SP:Mococa,0.0,0.0,10.125059024470804,0.0,False
Brazil.regions.SP:Piedade,0.0,0.0,9.770003860145048,0.0,False
Brazil.regions.SP:Piquete,0.0,0.0,4.254501553397435,0.0,False
Brazil.regions.SP:Regente Feijó,0.0,0.0,6.6411633348040295,0.0,False
Brazil.regions.SP:Registro,0.0,1.0,9.801248747002719,1.7755051312098293,False
Brazil.regions.SP:Vargem,0.0,0.0,2.086386600998919,0.0,False
United_States_of_America.regions.Alabama:Calhoun,0.0,0.0,10.69651093115916,0.0,False
United_States_of_America.regions.Alabama:Etowah,2.0,0.0,8.643284953426692,0.0,False
United_States_of_America.regions.Alabama:Morgan,1.0,0.0,9.905616920183153,0.0,False
United_States_of_America.regions.Arkansas:Faulkner,0.0,0.0,10.78314717382311,0.0,False
United_States_of_America.regions.Connecticut:Litchfield,0.0,0.0,11.022224202556956,0.0,False
United_States_of_America.regions.Georgia:Floyd,0.0,0.0,10.561504837622891,0.0,False
United_States_of_America.regions.Georgia:Glynn,1.0,0.0,9.231868074151206,0.0,False
United_States_of_America.regions.Illinois:Boone,2.0,0.0,5.973885209454144,0.0,False
United_States_of_America.regions.Illinois:Champaign,1.0,0.0,10.622960403113712,0.0,False
United_States_of_America.regions.Illinois:Tazewell,1.0,0.0,10.059337734422193,0.0,False
United_States_of_America.regions.Indiana:Bartholomew,0.0,0.0,10.383137339461786,0.0,False
United_States_of_America.regions.Kentucky:Madison,0.0,0.0,10.501334733600936,0.0,False
United_States_of_America.regions.Kentucky:Scott,0.0,0.0,9.822491019465794,0.0,False
United_States_of_America.regions.Louisiana:Calcasieu,0.0,0.0,11.085198794549873,0.0,False
United_States_of_America.regions.Louisiana:St. Charles,0.0,0.0,9.693514706837783,0.0,False
United_States_of_America.regions.Louisiana:St. John the Baptist,0.0,0.0,9.242323362536847,0.0,False
United_States_of_America.regions.Maine:York,0.0,0.0,11.095153423581719,0.0,False
United_States_of_America.regions.Michigan:Calhoun,0.0,0.0,10.831369669922385,0.0,False
United_States_of_America.regions.Michigan:Eaton,1.0,0.0,9.76299104584051,0.0,False
United_States_of_America.regions.Michigan:Grand Traverse,0.0,0.0,10.502501557827536,0.0,False
United_States_of_America.regions.Minnesota:Wright,0.0,0.0,10.854090429807105,0.0,False
United_States_of_America.regions.Mississippi:Jackson,0.0,0.0,10.88045747876123,0.0,False
United_States_of_America.regions.Mississippi:Lee,0.0,0.0,10.406287096059826,0.0,False
United_States_of_America.regions.Mississippi:Rankin,2.0,0.0,9.644648076098825,0.0,False
United_States_of_America.regions.Missouri:Cole,0.0,0.0,10.273737395054036,0.0,False
United_States_of_America.regions.Missouri:Jasper,0.0,0.0,10.75254182493548,0.0,False
United_States_of_America.regions.New York:Chemung,0.0,0.0,10.37851768189353,0.0,False
United_States_of_America.regions.New York:Oneida,1.0,0.0,10.702134884111853,0.0,False
United_States_of_America.regions.North Carolina:Cleveland,0.0,0.0,10.555793562940003,0.0,False
United_States_of_America.regions.Ohio:Columbiana,0.0,0.0,10.59523586244937,0.0,False
United_States_of_America.regions.Ohio:Wayne,0.0,0.0,10.712524338846892,0.0,False
United_States_of_America.regions.Ohio:Wood,0.0,0.0,10.812327236415229,0.0,False
United_States_of_America.regions.Pennsylvania:Adams,0.0,0.0,10.605964918024604,0.0,False
United_States_of_America.regions.Pennsylvania:Cambria,0.0,0.0,10.808657528206403,0.0,False
United_States_of_America.regions.Pennsylvania:Franklin,0.0,0.0,10.931704951251438,0.0,False
United_States_of_America.regions.Pennsylvania:Northumberland,0.0,0.0,10.475953596407676,0.0,False
United_States_of_America.regions.South Carolina:Berkeley,0.0,0.0,11.137978412781473,0.0,False
United_States_of_America.regions.Tennessee:Jefferson,0.0,0.0,9.741723141447707,0.0,False
United_States_of_America.regions.Tennessee:Putnam,4.0,0.0,5.345836064018518,0.0,False
United_States_of_America.regions.Texas:Ellis,1.0,0.0,10.494655039304602,0.0,False
United_States_of_America.regions.Texas:Midland,0.0,0.0,11.011245372964629,0.0,False
United_States_of_America.regions.Texas:Wichita,0.0,0.0,10.820495842970924,0.0,False
United_States_of_America.regions.West Virginia:Kanawha,0.0,0.0,11.015347217683928,0.0,False
United_States_of_America.regions.Wisconsin:Walworth,1.0,0.0,9.651233024821707,0.0,False
United_Republic_of_Tanzania,0.0,0.0,11.574978257947551,0.0,False
United_States_of_America.regions.New Jersey:Hudson,0.0,0.0,11.428030888166578,0.0,False
Finland,0.0,0.0,11.558631534268583,0.0,False
Oman,1.0,0.0,11.535341577972543,0.0,False
Brazil.regions.PB:Cabedelo,0.0,0.0,10.100434048284592,0.0,False
Brazil.regions.RS:São Leopoldo,0.0,0.0,11.154518988943648,0.0,False
Brazil.regions.AL:Batalha,0.0,0.0,6.091892096729441,0.0,False
Brazil.regions.AL:Campo Grande,0.0,0.0,1.114314037241634,0.0,False
Brazil.regions.AL:Jaramataia,0.0,0.0,5.754268652116741,0.0,False
Brazil.regions.AL:Poço das Trincheiras,0.0,0.0,4.625551320170007,0.0,False
Brazil.regions.AL:Roteiro,1.0,0.0,18.435250923708217,0.0,False
Brazil.regions.BA:Camacan,0.0,0.0,8.450581563594566,0.0,False
Brazil.regions.BA:Itamari,0.0,0.0,0.8687968374066166,0.0,False
Brazil.regions.BA:Jequié,0.0,0.0,10.935588496013864,0.0,False
Brazil.regions.BA:Laje,0.0,0.0,7.382123005729327,0.0,False
Brazil.regions.BA:Ouriçangas,0.0,0.0,0.10003267012934813,0.0,False
Brazil.regions.BA:Rio Real,0.0,0.0,9.121681699090482,0.0,False
Brazil.regions.CE:Camocim,0.0,0.0,10.005933438696989,0.0,False
Brazil.regions.CE:Chaval,0.0,0.0,3.925059027803183,0.0,False
Brazil.regions.CE:Graça,0.0,0.0,4.6318271471895605,0.0,False
Brazil.regions.CE:Missão Velha,0.0,0.0,8.751336422783508,0.0,False
Brazil.regions.CE:Morrinhos,2.0,0.0,1.7364617071251658,0.0,False
Brazil.regions.CE:Nova Olinda,1.0,0.0,1.2725875930370503,0.0,False
Brazil.regions.ES:Atilio Vivacqua,0.0,0.0,3.198737792421664,0.0,False
Brazil.regions.ES:Castelo,0.0,0.0,8.912502799190861,0.0,False
Brazil.regions.ES:Rio Novo do Sul,1.0,0.0,5.631988162744259,0.0,False
Brazil.regions.ES:Santa Maria de Jetibá,0.0,0.0,9.103404220771475,0.0,False
Brazil.regions.ES:Sooretama,1.0,0.0,4.925606555299345,0.0,False
Brazil.regions.ES:São Mateus,0.0,0.0,10.811121580779712,0.0,False
Brazil.regions.ES:Vargem Alta,0.0,0.0,6.904293360503923,0.0,False
Brazil.regions.GO:Caldas Novas,0.0,0.0,10.479805588354932,0.0,False
Brazil.regions.GO:São Simão,0.0,0.0,6.732966036120032,0.0,False
Brazil.regions.MA:Apicum-Açu,0.0,0.0,5.775953367742103,0.0,False
Brazil.regions.MA:Coelho Neto,0.0,0.0,9.553895579436377,0.0,False
Brazil.regions.MA:Matinha,2.0,0.0,1.2602165967553596,0.0,False
Brazil.regions.MA:Pinheiro,3.0,0.0,6.779843088760955,0.0,False
Brazil.regions.MA:Santa Rita,1.0,0.0,6.293435954556492,0.0,False
Brazil.regions.MA:São Mateus do Maranhão,0.0,0.0,9.168797991964384,0.0,False
Brazil.regions.MA:São Vicente Ferrer,0.0,0.0,7.081765789930983,0.0,False
Brazil.regions.MG:Alfredo Vasconcelos,0.0,0.0,2.9013118522058665,0.0,False
Brazil.regions.MG:Alto Jequitibá,0.0,0.0,0.4468123115193272,0.0,False
Brazil.regions.MG:Cambuquira,0.0,0.0,3.772789464290275,0.0,False
Brazil.regions.MG:Carandaí,0.0,0.0,7.65533903173594,0.0,False
Brazil.regions.MG:Elói Mendes,0.0,0.0,8.01499294360648,0.0,False
Brazil.regions.MG:Ervália,0.0,0.0,6.284348479959042,0.0,False
Brazil.regions.MG:Itapeva,0.0,0.0,1.3549405285243132,0.0,False
Brazil.regions.MG:Leopoldina,0.0,0.0,9.675143213979943,0.0,False
Brazil.regions.MG:Mariana,0.0,0.0,9.92995854193694,0.0,False
Brazil.regions.MG:Muzambinho,0.0,0.0,6.715068818170737,0.0,False
Brazil.regions.MG:Naque,0.0,0.0,2.717128340197972,0.0,False
Brazil.regions.MG:Paraguaçu,0.0,0.0,6.92840171905297,0.0,False
Brazil.regions.MG:Pirapetinga,0.0,0.0,2.276158640117311,0.0,False
Brazil.regions.MG:Vargem Alegre,0.0,0.0,3.85534488721955,0.0,False
Brazil.regions.PA:Santa Maria do Pará,0.0,0.0,7.5543895324501085,0.0,False
Brazil.regions.PA:Terra Alta,0.0,0.0,3.044330670021422,0.0,False
Brazil.regions.PA:Tucuruí,0.0,0.0,10.69692913930054,0.0,False
Brazil.regions.PB:Aroeiras,0.0,0.0,6.355639692445306,0.0,False
Brazil.regions.PB:Bom Jesus,0.0,0.0,27.47049329086203,0.0,False
Brazil.regions.PB:Cachoeira dos Índios,0.0,0.0,1.814942085943903,0.0,False
Brazil.regions.PB:Caiçara,0.0,0.0,2.3102062662118357,0.0,False
Brazil.regions.PB:Catolé do Rocha,1.0,0.0,5.029251750274356,0.0,False
Brazil.regions.PB:Itaporanga,0.0,0.0,7.5268591754748195,0.0,False
Brazil.regions.PB:Jacaraú,1.0,0.0,2.282299548438411,0.0,False
Brazil.regions.PB:Mulungu,2.0,0.0,18.720155836996504,0.0,False
Brazil.regions.PB:Natuba,0.0,0.0,2.011037406048782,0.0,False
Brazil.regions.PB:Rio Tinto,3.0,0.0,4.96858033753861,0.0,False
Brazil.regions.PB:Uiraúna,0.0,0.0,5.015935088027533,0.0,False
Brazil.regions.PB:Umbuzeiro,0.0,0.0,1.482880859135129,0.0,False
Brazil.regions.PE:Altinho,0.0,0.0,7.223628334071855,0.0,False
Brazil.regions.PE:Correntes,0.0,0.0,6.084360842566918,0.0,False
Brazil.regions.PE:Jatobá,0.0,0.0,4.81817047729338,0.0,False
Brazil.regions.PE:Maraial,0.0,0.0,2.7622981708524765,0.0,False
Brazil.regions.PE:Poção,0.0,0.0,2.728762372284395,0.0,False
Brazil.regions.PE:Sairé,0.0,0.0,1.5082883123647832,0.0,False
Brazil.regions.PE:Venturosa,1.0,0.0,0.7554141963599346,0.0,False
Brazil.regions.PR:Goioerê,0.0,0.0,8.114629518705554,0.0,False
Brazil.regions.PR:Guarapuava,0.0,0.0,11.025801833078557,0.0,False
Brazil.regions.PR:Japurá,0.0,0.0,0.966674302615731,0.0,False
Brazil.regions.PR:Piên,0.0,0.0,3.7311552590379042,0.0,False
Brazil.regions.PR:Rio Negro,0.0,0.0,8.650210126383458,0.0,False
Brazil.regions.PR:Terra Boa,0.0,0.0,5.726748028206698,0.0,False
Brazil.regions.RJ:Carapebus,0.0,0.0,5.442160908456091,0.0,False
Brazil.regions.RJ:Italva,0.0,0.0,5.0008348935344396,0.0,False
Brazil.regions.RJ:Itaocara,1.0,0.0,2.968679504449959,0.0,False
Brazil.regions.RJ:Quatis,1.0,0.0,2.407304295469455,0.0,False
Brazil.regions.RJ:Varre-Sai,0.0,0.0,2.485844787303458,0.0,False
Brazil.regions.RN:Caicó,0.0,0.0,10.105126847367245,0.0,False
Brazil.regions.RN:Campo Redondo,0.0,0.0,2.6617142062860086,0.0,False
Brazil.regions.RN:Currais Novos,0.0,0.0,9.343913258375991,0.0,False
Brazil.regions.RN:Martins,1.0,0.0,11.345882224939315,0.0,False
Brazil.regions.RN:Paraná,0.0,0.0,11.930533380837756,0.0,False
Brazil.regions.RS:Fazenda Vilanova,0.0,0.0,10.483691742788997,0.0,False
Brazil.regions.RS:Getúlio Vargas,0.0,0.0,5.408483461237468,0.0,False
Brazil.regions.RS:Roca Sales,0.0,0.0,2.7994344715593407,0.0,False
Brazil.regions.SC:Catanduvas,0.0,0.0,2.369498561022601,0.0,False
Brazil.regions.SC:Cordilheira Alta,0.0,0.0,10.880016838158438,0.0,False
Brazil.regions.SC:Cunha Porã,0.0,0.0,2.5563678056886445,0.0,False
Brazil.regions.SC:Ilhota,0.0,0.0,4.526556472685193,0.0,False
Brazil.regions.SC:Imbuia,0.0,0.0,4.56008652843583,0.0,False
Brazil.regions.SC:Lauro Muller,0.0,0.0,5.016795861943852,0.0,False
Brazil.regions.SC:Nova Veneza,1.0,0.0,1.6106389742205263,0.0,False
Brazil.regions.SC:Santa Rosa do Sul,0.0,0.0,0.38783095069388906,0.0,False
Brazil.regions.SC:Seara,0.0,0.0,5.875824626744559,0.0,False
Brazil.regions.SC:Siderópolis,1.0,0.0,2.701821120002629,0.0,False
Brazil.regions.SC:Turvo,0.0,0.0,3.824214921704292,0.0,False
Brazil.regions.SE:Arauá,0.0,0.0,1.6324420245928177,0.0,False
Brazil.regions.SE:Divina Pastora,0.0,0.0,7.886072124122991,0.0,False
Brazil.regions.SE:Indiaroba,0.0,0.0,6.007894937409518,0.0,False
Brazil.regions.SE:Japaratuba,0.0,0.0,6.241428690142335,0.0,False
Brazil.regions.SE:Macambira,0.0,0.0,2.876201751213671,0.0,False
Brazil.regions.SE:Nossa Senhora das Dores,0.0,0.0,7.821449510793569,0.0,False
Brazil.regions.SE:Poço Verde,1.0,0.0,3.1478934601410717,0.0,False
Brazil.regions.SE:Santo Amaro das Brotas,2.0,0.0,13.212537148064099,0.0,False
Brazil.regions.SE:Siriri,0.0,0.0,0.3319545978797027,0.0,False
Brazil.regions.SE:Tobias Barreto,0.0,0.0,9.66071471437204,0.0,False
Brazil.regions.SP:Bilac,0.0,0.0,0.8703459475280546,0.0,False
Brazil.regions.SP:Buritama,0.0,0.0,5.743809407843906,0.0,False
Brazil.regions.SP:Catiguá,0.0,0.0,1.237187690213899,0.0,False
Brazil.regions.SP:Cândido Mota,1.0,0.0,5.182891985629428,0.0,False
Brazil.regions.SP:Ilha Comprida,0.0,0.0,2.620995325463131,0.0,False
Brazil.regions.SP:Itapeva,0.0,0.0,10.516915397596994,0.0,False
Brazil.regions.SP:Itararé,0.0,0.0,9.596673486948664,0.0,False
Brazil.regions.SP:Itobi,0.0,0.0,1.1767214438127045,0.0,False
Brazil.regions.SP:Monte Aprazível,0.0,0.0,7.590625604604703,0.0,False
Brazil.regions.SP:Nazaré Paulista,0.0,0.0,6.178351805226152,0.0,False
Brazil.regions.SP:Pariquera-Açu,0.0,0.0,6.487177330981278,0.0,False
Brazil.regions.SP:Pirangi,1.0,0.0,5.940982830204726,0.0,False
Brazil.regions.SP:Potirendaba,0.0,0.0,5.816717013976617,0.0,False
Brazil.regions.SP:Promissão,0.0,0.0,9.10346539384373,0.0,False
Brazil.regions.SP:Santa Branca,1.0,0.0,1.9477254293341115,0.0,False
Brazil.regions.SP:Santa Lúcia,0.0,0.0,0.23502766748327453,0.0,False
Brazil.regions.SP:Santo Antônio do Jardim,0.0,0.0,5.218677764380667,0.0,False
Brazil.regions.SP:Santo Antônio do Pinhal,0.0,0.0,3.1053779673314246,0.0,False
Brazil.regions.SP:Serra Azul,0.0,0.0,4.756401948052952,0.0,False
Brazil.regions.SP:Taquarituba,0.0,0.0,7.26975069103019,0.0,False
Brazil.regions.SP:Tuiuti,0.0,0.0,2.9286131075721933,0.0,False
Brazil.regions.SP:Águas da Prata,0.0,0.0,0.6481849970930735,0.0,False
Sweden.regions.Blekinge,0.0,0.0,10.95051706049756,0.0,False
United_States_of_America.regions.Alabama:Elmore,0.0,0.0,10.345363268797335,0.0,False
United_States_of_America.regions.Alabama:Lauderdale,0.0,0.0,10.498342593716867,0.0,False
United_States_of_America.regions.Alabama:St. Clair,0.0,0.0,10.459585230433479,0.0,False
United_States_of_America.regions.Arkansas:Garland,1.0,0.0,9.56439801320138,0.0,False
United_States_of_America.regions.Florida:Nassau,0.0,0.0,10.448404089778133,0.0,False
United_States_of_America.regions.Georgia:Butts,1.0,0.0,3.5562213148503403,0.0,False
United_States_of_America.regions.Georgia:Effingham,0.0,0.0,10.02144717173003,0.0,False
United_States_of_America.regions.Georgia:Pickens,1.0,0.0,5.440090382155354,0.0,False
United_States_of_America.regions.Georgia:Polk,0.0,0.0,9.230052167467,0.0,False
United_States_of_America.regions.Georgia:Stephens,1.0,0.0,3.862192643882751,0.0,False
United_States_of_America.regions.Hawaii:Maui,0.0,0.0,10.97944297191271,0.0,False
United_States_of_America.regions.Idaho:Kootenai,2.0,0.0,9.76622019323334,0.0,False
United_States_of_America.regions.Illinois:McLean,3.0,0.0,9.24462353544769,0.0,False
United_States_of_America.regions.Kentucky:Clark,0.0,0.0,8.81912213235589,0.0,False
United_States_of_America.regions.Kentucky:Laurel,0.0,0.0,9.93236863163698,0.0,False
United_States_of_America.regions.Kentucky:Montgomery,0.0,0.0,8.025239157184028,0.0,False
United_States_of_America.regions.Kentucky:Shelby,0.0,0.0,9.536936645836569,0.0,False
United_States_of_America.regions.Kentucky:Woodford,2.0,0.0,0.35508858308275215,0.0,False
United_States_of_America.regions.Louisiana:West Baton Rouge,1.0,0.0,4.01960292412224,0.0,False
United_States_of_America.regions.Maine:Kennebec,0.0,0.0,10.759105761256162,0.0,False
United_States_of_America.regions.Maine:Sagadahoc,0.0,0.0,8.78782036638747,0.0,False
United_States_of_America.regions.Maryland:Queen Anne's,0.0,0.0,9.591878627622048,0.0,False
United_States_of_America.regions.Maryland:Talbot,0.0,0.0,8.887208142487312,0.0,False
United_States_of_America.regions.Massachusetts:Berkshire,0.0,0.0,10.776395317577384,0.0,False
United_States_of_America.regions.Michigan:Allegan,0.0,0.0,10.729877581433218,0.0,False
United_States_of_America.regions.Michigan:Clinton,0.0,0.0,10.320393554071584,0.0,False
United_States_of_America.regions.Michigan:Lapeer,0.0,0.0,10.435292579457883,0.0,False
United_States_of_America.regions.Michigan:Lenawee,0.0,0.0,10.561020162963338,0.0,False
United_States_of_America.regions.Minnesota:Chisago,0.0,0.0,9.809313661877866,0.0,False
United_States_of_America.regions.Minnesota:Rice,0.0,0.0,10.083592557063412,0.0,False
United_States_of_America.regions.Missouri:Cape Girardeau,0.0,0.0,10.308860736246553,0.0,False
United_States_of_America.regions.North Carolina:Alexander,0.0,0.0,8.909873861144515,0.0,False
United_States_of_America.regions.North Carolina:Carteret,0.0,0.0,10.137345762829593,0.0,False
United_States_of_America.regions.North Carolina:Craven,0.0,0.0,10.597695927772461,0.0,False
United_States_of_America.regions.North Carolina:Franklin,3.0,0.0,5.836637640858742,0.0,False
United_States_of_America.regions.North Carolina:Hoke,0.0,0.0,9.766274825455188,0.0,False
United_States_of_America.regions.North Carolina:Lenoir,0.0,0.0,9.789411834565655,0.0,False
United_States_of_America.regions.North Carolina:Moore,0.0,0.0,10.585477113739907,0.0,False
United_States_of_America.regions.North Carolina:Robeson,0.0,0.0,10.811203638978098,0.0,False
United_States_of_America.regions.North Carolina:Surry,0.0,0.0,10.183666378386684,0.0,False
United_States_of_America.regions.Ohio:Ashtabula,0.0,0.0,10.548381072503023,0.0,False
United_States_of_America.regions.Ohio:Hancock,0.0,0.0,10.257196721594308,0.0,False
United_States_of_America.regions.Ohio:Lawrence,0.0,0.0,9.895035835059662,0.0,False
United_States_of_America.regions.Ohio:Muskingum,0.0,0.0,10.416862907963752,0.0,False
United_States_of_America.regions.Ohio:Sandusky,0.0,0.0,9.86787797678051,0.0,False
United_States_of_America.regions.Ohio:Union,0.0,0.0,9.881493825320435,0.0,False
United_States_of_America.regions.Oklahoma:Rogers,0.0,0.0,10.495193402758563,0.0,False
United_States_of_America.regions.Oklahoma:Wagoner,0.0,0.0,10.346575133240904,0.0,False
United_States_of_America.regions.Oregon:Benton,0.0,0.0,10.502097499589613,0.0,False
United_States_of_America.regions.Pennsylvania:Centre,0.0,0.0,10.960933451448993,0.0,False
United_States_of_America.regions.Pennsylvania:Columbia,0.0,0.0,10.03743979656733,0.0,False
United_States_of_America.regions.Pennsylvania:Montour,0.0,0.0,6.091290356544967,0.0,False
United_States_of_America.regions.Pennsylvania:Union,3.0,0.0,2.672629042382349,0.0,False
United_States_of_America.regions.South Carolina:Cherokee,0.0,0.0,9.83155318013227,0.0,False
United_States_of_America.regions.Tennessee:Cheatham,0.0,0.0,9.117757640476793,0.0,False
United_States_of_America.regions.Tennessee:Coffee,0.0,0.0,9.807468669436894,0.0,False
United_States_of_America.regions.Tennessee:Roane,0.0,0.0,9.703463255905403,0.0,False
United_States_of_America.regions.Tennessee:Tipton,0.0,0.0,9.953350900891488,0.0,False
United_States_of_America.regions.Texas:Grayson,0.0,0.0,10.842604170404131,0.0,False
United_States_of_America.regions.Texas:Hood,1.0,0.0,8.332265452925006,0.0,False
United_States_of_America.regions.Texas:Potter,1.0,0.0,9.873394000854459,0.0,False
United_States_of_America.regions.Virginia:Culpeper,1.0,0.0,7.774833908627908,0.0,False
United_States_of_America.regions.Virginia:Henry,0.0,0.0,9.598788413489562,0.0,False
United_States_of_America.regions.Virginia:Prince George,1.0,0.0,6.362037949862745,0.0,False
United_States_of_America.regions.West Virginia:Mercer,0.0,0.0,9.874857966166529,0.0,False
United_States_of_America.regions.Wisconsin:Fond du Lac,1.0,0.0,9.642574018827425,0.0,False
United_States_of_America.regions.Wisconsin:Manitowoc,0.0,0.0,10.310626581774164,0.0,False
Kenya,0.0,0.0,11.574808088308435,0.0,False
Costa_Rica,0.0,0.0,11.556751641962535,0.0,False
Denmark,0.0,0.0,11.559504903405365,0.0,False
Slovakia,0.0,0.0,11.558395185711285,0.0,False
Spain,0.0,0.0,11.574613638995014,0.0,False
Uzbekistan,5.0,0.0,11.558547453772244,0.0,False
Brazil.regions.ES:Serra,0.0,0.0,11.383520897207351,0.0,False
United_States_of_America.regions.Indiana:Marion,0.0,0.0,11.473082028644548,0.0,False
United_States_of_America.regions.Ohio:Franklin,0.0,0.0,11.50080966379469,0.0,False
United_States_of_America.regions.Texas:Tarrant,0.0,0.0,11.529191791854068,0.0,False
Brazil.regions.ES:Cariacica,0.0,0.0,11.314482873583465,0.0,False
Brazil.regions.PA:Belém,0.0,0.0,11.509763199965427,0.0,False
Brazil.regions.SP:Rio Grande da Serra,0.0,0.0,9.610030832151894,0.0,False
United_States_of_America.regions.Florida:Pinellas,1.0,0.0,11.37162483152928,0.0,False
United_States_of_America.regions.Minnesota:Ramsey,0.0,0.0,11.395041750199988,0.0,False
Brazil.regions.GO:Aparecida de Goiânia,0.0,0.0,11.403797060341265,0.0,False
Brazil.regions.GO:Goiânia,1.0,0.0,11.444837589650943,0.0,False
Brazil.regions.RN:Parnamirim,0.0,0.0,11.194299361615935,0.0,False
United_States_of_America.regions.New Jersey:Union,0.0,0.0,11.39700800293102,0.0,False
Brazil.regions.AC:Feijó,0.0,0.0,8.701538237039461,0.0,False
Brazil.regions.AC:Sena Madureira,1.0,0.0,7.214513431519126,0.0,False
Brazil.regions.AM:Boca do Acre,0.0,0.0,8.661981813388017,0.0,False
Brazil.regions.AM:Canutama,0.0,0.0,5.178391858889494,0.0,False
Brazil.regions.AM:Humaitá,1.0,0.0,7.945671815757937,0.0,False
Brazil.regions.AM:Itamarati,1.0,0.0,13.89770797378083,0.0,False
Brazil.regions.AM:Presidente Figueiredo,1.0,0.0,6.063922763793738,0.0,False
Brazil.regions.AM:Tefé,0.0,0.0,9.905882184449911,0.0,False
Brazil.regions.AM:Urucará,2.0,0.0,6.8779705312362704,0.0,False
Brazil.regions.AP:Laranjal do Jari,0.0,0.0,9.593020491979658,0.0,False
Brazil.regions.AP:Oiapoque,0.0,0.0,7.909720508208881,0.0,False
Brazil.regions.MT:Aripuanã,0.0,0.0,7.103281569006143,0.0,False
Brazil.regions.MT:Cáceres,1.0,0.0,9.457571035116846,0.0,False
Brazil.regions.PA:Alenquer,0.0,0.0,9.815849477712451,0.0,False
Brazil.regions.PA:Portel,0.0,0.0,9.964968503553038,0.0,False
Brazil.regions.PA:Óbidos,0.0,0.0,9.65873020980048,0.0,False
Brazil.regions.RR:Alto Alegre,0.0,0.0,5.129300622248653,0.0,False
Brazil.regions.RR:Amajari,1.0,0.0,4.053130460643343,0.0,False
Brazil.regions.RR:Rorainópolis,0.0,0.0,8.261433784057457,0.0,False
Sweden.regions.Dalarna,0.0,0.0,11.228553551600642,0.0,False
United_States_of_America.regions.Arizona:Apache,2.0,0.0,7.403537580411833,0.0,False
United_States_of_America.regions.Arizona:Mohave,1.0,0.0,10.634162411493097,0.0,False
United_States_of_America.regions.Arizona:Navajo,0.0,0.0,10.675235721636875,0.0,False
United_States_of_America.regions.California:Inyo,0.0,0.0,6.03320933583215,0.0,False
United_States_of_America.regions.Idaho:Idaho,0.0,0.0,5.576873875812597,0.0,False
United_States_of_America.regions.Nevada:Humboldt,0.0,0.0,5.63533625596788,0.0,False
United_States_of_America.regions.Nevada:Lincoln,0.0,0.0,7.717091385148441,0.0,False
United_States_of_America.regions.Nevada:White Pine,0.0,0.0,1.1383405170434457,0.0,False
United_States_of_America.regions.Oregon:Harney,0.0,0.0,1.949554792151309,0.0,False
United_States_of_America.regions.Oregon:Malheur,0.0,0.0,8.305679984653292,0.0,False
United_States_of_America.regions.Wyoming:Fremont,0.0,0.0,9.029697002432512,0.0,False
United_States_of_America.regions.Wyoming:Sweetwater,0.0,0.0,9.215088431739694,0.0,False
United_States_of_America.regions.Illinois:Cook,0.0,0.0,11.557337280944036,0.0,False
Brazil.regions.AL:Anadia,0.0,1.0,5.877124354131613,5.699629524080935,False
Brazil.regions.AL:Colônia Leopoldina,0.0,0.0,6.968034180544561,0.0,False
Brazil.regions.AL:Junqueiro,0.0,0.0,7.532591626423007,0.0,False
Brazil.regions.AL:Limoeiro de Anadia,0.0,0.0,8.08452408949245,0.0,False
Brazil.regions.AL:Maragogi,0.0,0.0,8.519023936920963,0.0,False
Brazil.regions.AL:Matriz de Camaragibe,0.0,1.0,7.518641711992274,4.058112166220274,False
Brazil.regions.AL:Penedo,0.0,0.0,10.006476096072888,0.0,False
Brazil.regions.AL:São José da Laje,0.0,0.0,7.39737493392367,0.0,False
Brazil.regions.AL:São Miguel dos Milagres,0.0,1.0,1.000280457091188,12.577034335303736,False
Brazil.regions.BA:Ibicaraí,0.0,0.0,6.966121760549216,0.0,False
Brazil.regions.BA:Ilhéus,0.0,0.0,10.960713416675034,0.0,False
Brazil.regions.BA:Maragogipe,4.0,0.0,0.38531309212574705,0.0,False
Brazil.regions.BA:Nazaré,0.0,0.0,8.071057120982049,0.0,False
Brazil.regions.BA:Senhor do Bonfim,0.0,0.0,10.311171393874131,0.0,False
Brazil.regions.BA:São Felipe,0.0,0.0,6.831570239605734,0.0,False
Brazil.regions.CE:Aratuba,1.0,0.0,5.305157154116314,0.0,False
Brazil.regions.CE:Guaiúba,0.0,0.0,7.740044240397938,0.0,False
Brazil.regions.CE:Jijoca de Jericoacoara,12.0,0.0,54.02679880648669,0.0,False
Brazil.regions.CE:Meruoca,0.0,0.0,4.935324642641054,0.0,False
Brazil.regions.CE:Sobral,0.0,0.0,11.09813612628013,0.0,False
Brazil.regions.CE:Varjota,3.0,0.0,10.138772723307541,0.0,False
Brazil.regions.GO:Ceres,0.0,0.0,7.070422482601715,0.0,False
Brazil.regions.MA:São Bento,0.0,0.0,9.364902780028478,0.0,False
Brazil.regions.MA:Timon,1.0,0.0,10.394070724942726,0.0,False
Brazil.regions.MG:Alfenas,0.0,0.0,10.326691375087393,0.0,False
Brazil.regions.MG:Bela Vista de Minas,0.0,0.0,1.8254130688512618,0.0,False
Brazil.regions.MG:Bicas,0.0,0.0,4.677347227184537,0.0,False
Brazil.regions.MG:Campo Belo,0.0,0.0,9.725896005588586,0.0,False
Brazil.regions.MG:Carangola,0.0,0.0,8.546450847909519,0.0,False
Brazil.regions.MG:Itabira,0.0,0.0,10.743837003316663,0.0,False
Brazil.regions.MG:Itabirito,0.0,0.0,9.649043034839053,0.0,False
Brazil.regions.MG:Lambari,0.0,0.0,6.772295340689727,0.0,False
Brazil.regions.MG:Mateus Leme,0.0,0.0,8.35987168043863,0.0,False
Brazil.regions.MG:Matias Barbosa,0.0,0.0,4.664948514651586,0.0,False
Brazil.regions.MG:Pirapora,0.0,0.0,9.804584033454626,0.0,False
Brazil.regions.MG:Três Corações,0.0,0.0,10.318607379634253,0.0,False
Brazil.regions.PA:Abaetetuba,0.0,0.0,10.942630427059077,0.0,False
Brazil.regions.PA:Barcarena,0.0,0.0,10.774700621876327,0.0,False
Brazil.regions.PA:Santa Izabel do Pará,1.0,0.0,8.751935019721849,0.0,False
Brazil.regions.PB:Cacimba de Dentro,1.0,0.0,0.059948280395703435,0.0,False
Brazil.regions.PB:Marizópolis,0.0,1.0,3.5358349082465725,15.11258878645912,False
Brazil.regions.PB:Pilões,0.0,0.0,3.4948361745380154,0.0,False
Brazil.regions.PB:Serraria,0.0,0.0,4.819376634986339,0.0,False
Brazil.regions.PB:Sousa,0.0,0.0,10.136744662153566,0.0,False
Brazil.regions.PB:Teixeira,0.0,0.0,4.98088289344901,0.0,False
Brazil.regions.PE:Afogados da Ingazeira,1.0,0.0,6.208923286946009,0.0,False
Brazil.regions.PE:Amaraji,0.0,1.0,7.196360518888881,4.3803933593236675,False
Brazil.regions.PE:Bonito,0.0,1.0,8.95442210079607,2.6223317774164787,False
Brazil.regions.PE:Caetés,0.0,0.0,8.097161686417426,0.0,False
Brazil.regions.PE:Itaquitinga,0.0,1.0,5.67878867620724,5.897965202005308,False
Brazil.regions.PE:Jucati,0.0,0.0,2.823252477652323,0.0,False
Brazil.regions.PE:Jurema,0.0,0.0,5.07395767584553,0.0,False
Brazil.regions.PE:Rio Formoso,0.0,0.0,7.327763013542907,0.0,False
Brazil.regions.PE:Sanharó,0.0,0.0,7.797750023628616,0.0,False
Brazil.regions.PE:São Benedito do Sul,0.0,0.0,5.285467310109372,0.0,False
Brazil.regions.PE:São Caitano,0.0,0.0,8.891829727319811,0.0,False
Brazil.regions.PE:São Joaquim do Monte,0.0,0.0,6.894229060831016,0.0,False
Brazil.regions.PE:Tracunhaém,0.0,0.0,4.3140623247228245,0.0,False
Brazil.regions.PE:Trindade,0.0,0.0,8.300321258049381,0.0,False
Brazil.regions.PE:Vertente do Lério,0.0,0.0,1.5500510574661082,0.0,False
Brazil.regions.PR:Cianorte,0.0,0.0,10.366393190727678,0.0,False
Brazil.regions.PR:Dois Vizinhos,0.0,0.0,9.116184502459,0.0,False
Brazil.regions.PR:Mandaguari,0.0,0.0,8.669777134026502,0.0,False
Brazil.regions.RJ:Casimiro de Abreu,2.0,0.0,4.7869657196030975,0.0,False
Brazil.regions.RJ:Engenheiro Paulo de Frontin,0.0,0.0,4.434916997766897,0.0,False
Brazil.regions.RJ:Itaperuna,0.0,0.0,10.607986924790863,0.0,False
Brazil.regions.RJ:São José do Vale do Rio Preto,0.0,0.0,6.988545573555517,0.0,False
Brazil.regions.RN:Ceará-Mirim,0.0,0.0,10.216154125841703,0.0,False
Brazil.regions.RN:Lagoa Salgada,0.0,0.0,0.551808887099762,0.0,False
Brazil.regions.RN:Maxaranguape,0.0,0.0,3.4933329744860906,0.0,False
Brazil.regions.RS:Carazinho,0.0,0.0,9.966707186858498,0.0,False
Brazil.regions.RS:Harmonia,1.0,0.0,29.52476687805543,0.0,False
Brazil.regions.RS:Tapejara,1.0,0.0,3.281784776972451,0.0,False
Brazil.regions.RS:Venâncio Aires,0.0,0.0,10.179207968829425,0.0,False
Brazil.regions.SC:Araquari,0.0,0.0,8.954078224510642,0.0,False
Brazil.regions.SC:Balneário Barra do Sul,0.0,0.0,2.313205939351965,0.0,False
Brazil.regions.SC:Concórdia,0.0,0.0,10.237007626152689,0.0,False
Brazil.regions.SC:Herval d'Oeste,0.0,0.0,7.153149525385865,0.0,False
Brazil.regions.SC:Passo de Torres,0.0,0.0,0.2427405040767674,0.0,False
Brazil.regions.SC:Pescaria Brava,0.0,0.0,1.6669332459659927,0.0,False
Brazil.regions.SC:Xaxim,0.0,0.0,8.09316159785304,0.0,False
Brazil.regions.SE:Muribeca,0.0,0.0,1.538000220148108,0.0,False
Brazil.regions.SP:Biritiba-Mirim,0.0,0.0,8.509081014846698,0.0,False
Brazil.regions.SP:Botucatu,6.0,0.0,6.79849903340344,0.0,False
Brazil.regions.SP:Canas,0.0,0.0,7.886072124122991,0.0,False
Brazil.regions.SP:Cesário Lange,0.0,0.0,6.066504814954889,0.0,False
Brazil.regions.SP:Charqueada,0.0,0.0,5.75941821794495,0.0,False
Brazil.regions.SP:Dracena,0.0,0.0,9.439682093971316,0.0,False
Brazil.regions.SP:Ilhabela,0.0,0.0,8.717159940551696,0.0,False
Brazil.regions.SP:Itapetininga,0.0,0.0,10.966629473846497,0.0,False
Brazil.regions.SP:Itapuí,0.0,0.0,4.429812769007288,0.0,False
Brazil.regions.SP:Morungaba,0.0,0.0,4.235687955440562,0.0,False
Brazil.regions.SP:Pindorama,0.0,0.0,5.711307224449864,0.0,False
Brazil.regions.SP:Pinhalzinho,0.0,0.0,5.0008348935344396,0.0,False
Brazil.regions.SP:Pitangueiras,0.0,1.0,9.05906712879791,2.5176867494146378,False
Brazil.regions.SP:Porto Feliz,0.0,0.0,9.69344377237052,0.0,False
Brazil.regions.SP:Taguaí,0.0,0.0,4.361226062352818,0.0,False
Brazil.regions.SP:Taquaritinga,0.0,0.0,9.827798878824682,0.0,False
Brazil.regions.SP:Vista Alegre do Alto,0.0,0.0,0.22601608025568076,0.0,False
Dominica,0.0,0.0,10.180593319748326,0.0,False
United_States_of_America.regions.Arkansas:Sebastian,0.0,0.0,10.794446540952032,0.0,False
United_States_of_America.regions.Arkansas:Washington,0.0,0.0,11.158670955645686,0.0,False
United_States_of_America.regions.Delaware:Sussex,0.0,0.0,11.149813970004628,0.0,False
United_States_of_America.regions.Florida:Citrus,0.0,0.0,10.908559273215788,0.0,False
United_States_of_America.regions.Florida:Sumter,0.0,0.0,10.821580943610524,0.0,False
United_States_of_America.regions.Georgia:Carroll,13.0,0.0,0.09069061808720491,0.0,False
United_States_of_America.regions.Georgia:Dougherty,5.0,0.0,4.755161263723485,0.0,False
United_States_of_America.regions.Indiana:Hancock,0.0,0.0,10.29745800266245,0.0,False
United_States_of_America.regions.Indiana:Vigo,0.0,0.0,10.642506227845388,0.0,False
United_States_of_America.regions.Iowa:Johnson,2.0,0.0,9.59183922954244,0.0,False
United_States_of_America.regions.Kansas:Douglas,0.0,0.0,10.758818184316802,0.0,False
United_States_of_America.regions.Kentucky:Franklin,0.0,0.0,9.615623482652547,0.0,False
United_States_of_America.regions.Kentucky:McCracken,1.0,0.0,8.519491351079342,0.0,False
United_States_of_America.regions.Kentucky:Warren,0.0,0.0,10.824285782859791,0.0,False
United_States_of_America.regions.Louisiana:Ouachita,1.0,0.0,10.271943695473881,0.0,False
United_States_of_America.regions.Massachusetts:Nantucket,0.0,0.0,2.8040545186196013,0.0,False
United_States_of_America.regions.Michigan:Saginaw,0.0,0.0,11.051926939895457,0.0,False
United_States_of_America.regions.Minnesota:Olmsted,0.0,0.0,10.945014003423392,0.0,False
United_States_of_America.regions.Mississippi:Hinds,1.0,0.0,10.714089972070381,0.0,False
United_States_of_America.regions.Missouri:Boone,0.0,0.0,11.022623668695916,0.0,False
United_States_of_America.regions.Missouri:Platte,1.0,0.0,9.661375303637284,0.0,False
United_States_of_America.regions.New York:Rensselaer,0.0,0.0,10.946689737683043,0.0,False
United_States_of_America.regions.North Carolina:Johnston,0.0,0.0,11.099059803052162,0.0,False
United_States_of_America.regions.North Carolina:Lee,0.0,0.0,9.958080866347675,0.0,False
United_States_of_America.regions.North Carolina:Onslow,0.0,0.0,11.07154517649787,0.0,False
United_States_of_America.regions.Ohio:Allen,1.0,0.0,9.622693829947265,0.0,False
United_States_of_America.regions.Ohio:Licking,0.0,0.0,11.011341296651784,0.0,False
United_States_of_America.regions.Ohio:Miami,0.0,0.0,10.642060878128426,0.0,False
United_States_of_America.regions.Ohio:Richland,0.0,0.0,10.751358100937345,0.0,False
United_States_of_America.regions.Pennsylvania:Butler,0.0,0.0,11.04442274695566,0.0,False
United_States_of_America.regions.Pennsylvania:Lawrence,0.0,0.0,10.40732736497464,0.0,False
United_States_of_America.regions.Pennsylvania:Washington,0.0,0.0,11.093346825303646,0.0,False
United_States_of_America.regions.South Carolina:Pickens,0.0,0.0,10.788632444462035,0.0,False
United_States_of_America.regions.South Dakota:Minnehaha,0.0,0.0,11.05897865479254,0.0,False
United_States_of_America.regions.Tennessee:Wilson,1.0,0.0,10.194173014514282,0.0,False
United_States_of_America.regions.Texas:Guadalupe,3.0,0.0,9.179347871511798,0.0,False
United_States_of_America.regions.Texas:Johnson,1.0,0.0,10.439207452099032,0.0,False
United_States_of_America.regions.Texas:McLennan,4.0,0.0,9.628370451941326,0.0,False
United_States_of_America.regions.Texas:Orange,0.0,0.0,10.377655600117675,0.0,False
United_States_of_America.regions.Texas:Smith,2.0,0.0,10.287822788765027,0.0,False
United_States_of_America.regions.Virginia:Montgomery,0.0,0.0,10.561886064745252,0.0,False
United_States_of_America.regions.West Virginia:Brooke,0.0,0.0,7.01866098427937,0.0,False
United_States_of_America.regions.Wisconsin:La Crosse,0.0,0.0,10.729411145023828,0.0,False
Brazil.regions.AL:Boca da Mata,0.0,0.0,7.911199096496335,0.0,False
Brazil.regions.AL:Coqueiro Seco,0.0,0.0,5.531885984918334,0.0,False
Brazil.regions.AL:Paripueira,0.0,1.0,3.9871971083279085,7.58955676988464,False
Brazil.regions.AL:Pilar,0.0,0.0,8.72864359938255,0.0,False
Brazil.regions.AL:Teotônio Vilela,0.0,0.0,9.312722544018882,0.0,False
Brazil.regions.BA:Amélia Rodrigues,0.0,0.0,7.59300756317789,0.0,False
Brazil.regions.BA:Conceição da Feira,0.0,0.0,7.1482520403842855,0.0,False
Brazil.regions.BA:Gandu,0.0,0.0,8.49061987827427,0.0,False
Brazil.regions.BA:Santo Estêvão,0.0,0.0,9.684606290700723,0.0,False
Brazil.regions.BA:Serrinha,1.0,0.0,9.103373633100565,0.0,False
Brazil.regions.BA:São Francisco do Conde,0.0,0.0,9.064317317235712,0.0,False
Brazil.regions.BA:Teixeira de Freitas,0.0,0.0,10.95365044927438,0.0,False
Brazil.regions.BA:Vera Cruz,0.0,0.0,9.26317083214911,0.0,False
Brazil.regions.CE:São Benedito,0.0,0.0,9.489201950358343,0.0,False
Brazil.regions.ES:Venda Nova do Imigrante,0.0,0.0,7.620588193993693,0.0,False
Brazil.regions.GO:Nerópolis,0.0,0.0,8.226670126118746,0.0,False
Brazil.regions.MG:Extrema,0.0,0.0,8.816229378557614,0.0,False
Brazil.regions.MG:Manhuaçu,0.0,0.0,10.468462752299594,0.0,False
Brazil.regions.PB:Arara,0.0,0.0,4.152848904196215,0.0,False
Brazil.regions.PB:Caaporã,0.0,0.0,6.995482117171683,0.0,False
Brazil.regions.PB:Conde,0.0,0.0,7.52324759527781,0.0,False
Brazil.regions.PB:Duas Estradas,0.0,0.0,16.231922428795237,0.0,False
Brazil.regions.PB:Juripiranga,1.0,0.0,7.017519085714563,0.0,False
Brazil.regions.PB:Lucena,0.0,0.0,3.9314939393746284,0.0,False
Brazil.regions.PB:Mari,0.0,1.0,6.997370263247123,4.579383614965425,False
Brazil.regions.PB:Pitimbu,0.0,0.0,6.331540135752543,0.0,False
Brazil.regions.PB:São Bento,0.0,0.0,8.638256625707479,0.0,False
Brazil.regions.PE:Aliança,0.0,0.0,8.971637429507291,0.0,False
Brazil.regions.PE:Buenos Aires,0.0,0.0,3.9750815102916057,0.0,False
Brazil.regions.PE:Jupi,0.0,0.0,4.8363925948477595,0.0,False
Brazil.regions.PE:Vicência,0.0,0.0,8.51330995455357,0.0,False
Brazil.regions.PI:Picos,0.0,0.0,10.298341155449132,0.0,False
Brazil.regions.PR:Medianeira,0.0,0.0,9.412158008261468,0.0,False
Brazil.regions.PR:Pontal do Paraná,0.0,0.0,7.911602140930625,0.0,False
Brazil.regions.PR:Rolândia,0.0,0.0,10.074801339912758,0.0,False
Brazil.regions.RN:Canguaretama,2.0,0.0,2.824274008916248,0.0,False
Brazil.regions.RN:Goianinha,0.0,0.0,7.778516260467182,0.0,False
Brazil.regions.RN:Montanhas,0.0,0.0,2.6886550425534956,0.0,False
Brazil.regions.RN:Mossoró,0.0,0.0,11.240481524507835,0.0,False
Brazil.regions.RN:São Miguel,0.0,0.0,7.324872420667584,0.0,False
Brazil.regions.RN:Tibau do Sul,0.0,0.0,4.524567700497457,0.0,False
Brazil.regions.RS:Feliz,1.0,0.0,3.1866623763087496,0.0,False
Brazil.regions.SC:Balneário Arroio do Silva,0.0,0.0,3.9262298173143764,0.0,False
Brazil.regions.SC:Forquilhinha,0.0,0.0,7.844435735414056,0.0,False
Brazil.regions.SC:Guabiruba,0.0,0.0,7.380714938971192,0.0,False
Brazil.regions.SC:Laguna,0.0,0.0,9.39401497743986,0.0,False
Brazil.regions.SC:Tijucas,0.0,0.0,8.973061842906484,0.0,False
Brazil.regions.SC:Videira,0.0,0.0,9.692272581689416,0.0,False
Brazil.regions.SP:Guariba,0.0,0.0,9.083299196751383,0.0,False
Brazil.regions.SP:Itapira,0.0,0.0,10.239372737961387,0.0,False
Brazil.regions.SP:Jarinu,0.0,1.0,8.248302273898876,3.328451604313673,False
Brazil.regions.SP:Lins,0.0,1.0,10.29491623576834,1.2818376424442082,False
Brazil.regions.SP:Monte Alto,0.0,0.0,9.596477431620604,0.0,False
Brazil.regions.SP:Pontal,1.0,0.0,7.573631442712858,0.0,False
Brazil.regions.SP:Serra Negra,0.0,0.0,8.155494170388128,0.0,False
Brazil.regions.TO:Palmas,0.0,0.0,11.242447713941186,0.0,False
Cape_Verde,1.0,0.0,11.208949285436598,0.0,False
Isle_of_Man,0.0,0.0,10.38736795816307,0.0,False
United_States_of_America.regions.California:Stanislaus,1.0,0.0,11.213553355203794,0.0,False
United_States_of_America.regions.Colorado:El Paso,0.0,0.0,11.437942685033175,0.0,False
United_States_of_America.regions.Connecticut:Tolland,3.0,0.0,8.922843673264332,0.0,False
United_States_of_America.regions.Florida:Clay,0.0,0.0,11.120657696649781,0.0,False
United_States_of_America.regions.Georgia:Whitfield,0.0,0.0,10.620986779539153,0.0,False
United_States_of_America.regions.Illinois:Madison,0.0,0.0,11.196476580006696,0.0,False
United_States_of_America.regions.Indiana:Monroe,0.0,0.0,10.903040166117366,0.0,False
United_States_of_America.regions.Iowa:Scott,0.0,0.0,10.998528682627876,0.0,False
United_States_of_America.regions.Kentucky:Oldham,0.0,0.0,10.079725479583827,0.0,False
United_States_of_America.regions.Maine:Cumberland,0.0,0.0,11.237774274615296,0.0,False
United_States_of_America.regions.Maryland:Carroll,0.0,0.0,10.983095338731287,0.0,False
United_States_of_America.regions.Maryland:Charles,0.0,0.0,10.964222715689655,0.0,False
United_States_of_America.regions.Michigan:Muskegon,0.0,0.0,11.000604171472748,0.0,False
United_States_of_America.regions.Mississippi:Harrison,0.0,0.0,11.096169487593555,0.0,False
United_States_of_America.regions.Nebraska:Lancaster,0.0,0.0,11.263362671969796,0.0,False
United_States_of_America.regions.New Hampshire:Strafford,0.0,0.0,10.811250521480329,0.0,False
United_States_of_America.regions.New Jersey:Cape May,0.0,0.0,10.49025793627489,0.0,False
United_States_of_America.regions.New York:Dutchess,0.0,0.0,11.236869846644119,0.0,False
United_States_of_America.regions.North Carolina:Orange,2.0,0.0,9.556225307938565,0.0,False
United_States_of_America.regions.North Carolina:Union,8.0,0.0,7.824549458115741,0.0,False
United_States_of_America.regions.Pennsylvania:Beaver,0.0,0.0,10.966733686544204,0.0,False
United_States_of_America.regions.Pennsylvania:Luzerne,0.0,0.0,11.261710890596888,0.0,False
United_States_of_America.regions.Rhode Island:Washington,8.0,0.0,4.409836369433075,0.0,False
United_States_of_America.regions.Tennessee:Sullivan,0.0,0.0,10.945233429580421,0.0,False
United_States_of_America.regions.Tennessee:Sumner,1.0,0.0,10.531182656514854,0.0,False
United_States_of_America.regions.Texas:Lubbock,1.0,0.0,10.932774601465674,0.0,False
United_States_of_America.regions.Virginia:Roanoke,0.0,0.0,10.515024958840243,0.0,False
United_States_of_America.regions.West Virginia:Berkeley,1.0,0.0,9.898493227550894,0.0,False
Guatemala,0.0,0.0,11.570956039681539,0.0,False
Malawi,2.0,0.0,11.560218862422985,0.0,False
Chile,0.0,0.0,11.571414610461085,0.0,False
Zambia,1.0,0.0,11.565227711104564,0.0,False
Brazil.regions.RO,0.0,0.0,11.520486382538111,0.0,False
Gabon,0.0,0.0,11.52956793018787,0.0,False
United_States_of_America.regions.Wyoming,0.0,0.0,11.403970388020603,0.0,False
Brazil.regions.BA:Candeias,0.0,0.0,10.428331810134088,0.0,False
Brazil.regions.MG:Conselheiro Lafaiete,0.0,0.0,10.799082382205892,0.0,False
Brazil.regions.MG:Nova Serrana,0.0,0.0,10.602977671460383,0.0,False
Brazil.regions.MG:Varginha,2.0,0.0,9.363679032021249,0.0,False
Brazil.regions.PB:Guarabira,2.0,0.0,6.477574846036728,0.0,False
Brazil.regions.PE:Itapissuma,0.0,0.0,7.824549458115741,0.0,False
Brazil.regions.PI:Parnaíba,0.0,0.0,10.923492142365463,0.0,False
Brazil.regions.PR:Londrina,0.0,0.0,11.401233064076804,0.0,False
Brazil.regions.PR:São José dos Pinhais,0.0,0.0,11.267481904438812,0.0,False
Brazil.regions.RS:Tramandaí,0.0,0.0,9.643078928971516,0.0,False
Brazil.regions.SC:Chapecó,0.0,0.0,11.12296542531352,0.0,False
Brazil.regions.SC:Timbó,0.0,0.0,9.316253855607549,0.0,False
Brazil.regions.SC:Tubarão,1.0,0.0,9.684355641927704,0.0,False
Brazil.regions.SE:Carmópolis,1.0,0.0,0.4468123115193272,0.0,False
Brazil.regions.SP:Serrana,0.0,0.0,9.35980307235093,0.0,False
Curaçao,0.0,0.0,10.95116347727166,0.0,False
United_States_of_America.regions.Georgia:Muscogee,0.0,0.0,11.065947775101229,0.0,False
United_States_of_America.regions.Louisiana:Lafayette,2.0,0.0,10.349207742936963,0.0,False
United_States_of_America.regions.New Jersey:Gloucester,1.0,0.0,10.890967486957695,0.0,False
United_States_of_America.regions.New York:Erie,2.0,0.0,11.250206205517811,0.0,False
United_States_of_America.regions.Texas:Galveston,0.0,0.0,11.284475009097948,0.0,False
United_States_of_America.regions.Virginia:Danville city,0.0,0.0,9.079500856536391,0.0,False
Liberia,0.0,0.0,11.556002585977703,0.0,False
United_States_of_America.regions.Kentucky,0.0,0.0,11.554370861371343,0.0,False
United_States_of_America.regions.Louisiana,0.0,0.0,11.555242922898117,0.0,False
Mexico,1.0,0.0,11.575168976468373,0.0,False
United_States_of_America.regions.Pennsylvania:Philadelphia,0.0,0.0,11.513625115738305,0.0,False
United_States_of_America.regions.California:San Francisco,1.0,0.0,11.349880499648226,0.0,False
Brazil.regions.AL:Feira Grande,1.0,0.0,2.5539261239943762,0.0,False
Brazil.regions.AL:Palestina,0.0,0.0,8.379342709294937,0.0,False
Brazil.regions.AL:Taquarana,1.0,0.0,1.566743868202538,0.0,False
Brazil.regions.BA:Catu,0.0,0.0,9.748733989356158,0.0,False
Brazil.regions.BA:Pojuca,0.0,0.0,9.046325476684169,0.0,False
Brazil.regions.BA:São Gonçalo dos Campos,0.0,0.0,8.913638032673267,0.0,False
Brazil.regions.CE:Redenção,1.0,0.0,4.692783203927621,0.0,False
Brazil.regions.MG:Manhumirim,0.0,0.0,7.172825574165338,0.0,False
Brazil.regions.MG:Muriaé,0.0,0.0,10.657323557239422,0.0,False
Brazil.regions.MG:Ponte Nova,0.0,0.0,9.90288959512862,0.0,False
Brazil.regions.MG:Santana do Paraíso,0.0,0.0,8.691833357772886,0.0,False
Brazil.regions.PA:Vigia,0.0,0.0,9.714070869606953,0.0,False
Brazil.regions.PB:Itapororoca,0.0,0.0,6.2188456056021755,0.0,False
Brazil.regions.PB:Mamanguape,0.0,0.0,9.348689175213574,0.0,False
Brazil.regions.PB:Pirpirituba,0.0,0.0,2.1240645881095137,0.0,False
Brazil.regions.PB:Serra Redonda,0.0,0.0,2.6257741717803516,0.0,False
Brazil.regions.PB:Sobrado,0.0,0.0,1.2717621181898675,0.0,False
Brazil.regions.PE:Agrestina,0.0,1.0,7.558268847069289,4.018485031143259,False
Brazil.regions.PE:Casinhas,0.0,0.0,4.603739444072669,0.0,False
Brazil.regions.PE:Cortês,0.0,0.0,3.6263643091236633,0.0,False
Brazil.regions.PE:Ferreiros,0.0,0.0,3.3279705737499565,0.0,False
Brazil.regions.PE:Glória do Goitá,0.0,0.0,8.309207152294366,0.0,False
Brazil.regions.PE:Jaqueira,0.0,0.0,2.997481400518657,0.0,False
Brazil.regions.PE:Joaquim Nabuco,0.0,0.0,5.335725356712205,0.0,False
Brazil.regions.PE:Primavera,0.0,0.0,4.89494177076901,0.0,False
Brazil.regions.PE:Salgadinho,0.0,0.0,2.418406044161811,0.0,False
Brazil.regions.PE:Xexéu,0.0,0.0,4.785582401132752,0.0,False
Brazil.regions.PR:Campo Mourão,0.0,0.0,10.522557650126652,0.0,False
Brazil.regions.PR:Quatro Barras,0.0,0.0,7.332091541101465,0.0,False
Brazil.regions.RJ:Aperibé,0.0,0.0,3.0726293778298626,0.0,False
Brazil.regions.RJ:Itatiaia,0.0,0.0,8.432594154898604,0.0,False
Brazil.regions.RJ:Mangaratiba,0.0,0.0,9.327945746522344,0.0,False
Brazil.regions.RN:Arês,0.0,0.0,4.586679783427143,0.0,False
Brazil.regions.RN:Nova Cruz,1.0,0.0,6.22099777934529,0.0,False
Brazil.regions.RS:Arroio do Meio,0.0,0.0,6.770216988041915,0.0,False
Brazil.regions.RS:Carlos Barbosa,0.0,0.0,8.22476111851691,0.0,False
Brazil.regions.RS:Taquara,0.0,0.0,9.836594479611636,0.0,False
Brazil.regions.SC:Joaçaba,0.0,0.0,8.256480287668687,0.0,False
Brazil.regions.SC:Schroeder,0.0,0.0,6.896201573040538,0.0,False
Brazil.regions.SC:São Ludgero,0.0,0.0,4.119632327131265,0.0,False
Brazil.regions.SC:Xanxerê,0.0,0.0,9.615277278628382,0.0,False
Brazil.regions.SE:Areia Branca,0.0,0.0,6.183592406958098,0.0,False
Brazil.regions.SE:Boquim,0.0,0.0,7.847636933105149,0.0,False
Brazil.regions.SE:Malhador,0.0,0.0,3.651567636335864,0.0,False
Brazil.regions.SE:Riachuelo,2.0,0.0,17.797572960130744,0.0,False
Brazil.regions.SP:Araçoiaba da Serra,0.0,0.0,8.648153163633975,0.0,False
Brazil.regions.SP:Areiópolis,0.0,0.0,2.591220586811705,0.0,False
Brazil.regions.SP:Bertioga,0.0,1.0,9.995701213348282,1.5810526648642667,False
Brazil.regions.SP:Fernandópolis,3.0,0.0,5.7893819238170385,0.0,False
Brazil.regions.SP:Jales,0.0,0.0,9.540384317864737,0.0,False
Brazil.regions.SP:Osvaldo Cruz,0.0,0.0,8.535298846125198,0.0,False
Brazil.regions.SP:Pradópolis,0.0,0.0,6.924725593880579,0.0,False
Brazil.regions.SP:Severínia,1.0,0.0,0.14556960752210557,0.0,False
Brazil.regions.SP:São Joaquim da Barra,0.0,0.0,9.649526002788559,0.0,False
Brazil.regions.SP:São José do Rio Pardo,0.0,0.0,9.756785181674129,0.0,False
Brazil.regions.SP:Ubatuba,0.0,0.0,10.475420163083527,0.0,False
United_States_of_America.regions.Alabama:Mobile,0.0,0.0,11.33474618236782,0.0,False
United_States_of_America.regions.Arkansas:Benton,0.0,0.0,11.21851198612217,0.0,False
United_States_of_America.regions.Georgia:Coweta,1.0,0.0,10.23003415078862,0.0,False
United_States_of_America.regions.Georgia:Spalding,1.0,0.0,8.57838798762292,0.0,False
United_States_of_America.regions.Illinois:Rock Island,0.0,0.0,10.87192793497923,0.0,False
United_States_of_America.regions.Kansas:Shawnee,2.0,0.0,9.880640804007601,0.0,False
United_States_of_America.regions.Maryland:Washington,0.0,0.0,10.91471705572448,0.0,False
United_States_of_America.regions.Michigan:Livingston,2.0,0.0,10.014213187048716,0.0,False
United_States_of_America.regions.Missouri:Jefferson,3.0,0.0,9.799615870117684,0.0,False
United_States_of_America.regions.Ohio:Clark,0.0,0.0,10.830947176393526,0.0,False
United_States_of_America.regions.Ohio:Portage,0.0,0.0,10.961240478485836,0.0,False
United_States_of_America.regions.Pennsylvania:Erie,0.0,0.0,11.206010017730877,0.0,False
United_States_of_America.regions.Pennsylvania:Westmoreland,1.0,0.0,11.003522083337813,0.0,False
United_States_of_America.regions.South Carolina:Beaufort,2.0,0.0,10.015246086288666,0.0,False
United_States_of_America.regions.Tennessee:Bradley,0.0,0.0,10.651770065429272,0.0,False
United_States_of_America.regions.Texas:Bell,0.0,0.0,11.30121409577876,0.0,False
United_States_of_America.regions.Texas:Hays,0.0,0.0,11.142332028531197,0.0,False
United_States_of_America.regions.Virginia:Spotsylvania,0.0,0.0,10.842620339321824,0.0,False
United_States_of_America.regions.West Virginia:Cabell,0.0,0.0,10.48914715680301,0.0,False
United_States_of_America.regions.West Virginia:Hancock,0.0,0.0,8.105736870229208,0.0,False
Brazil.regions.AC:Bujari,0.0,0.0,1.8358616124810077,0.0,False
Brazil.regions.AM:Silves,1.0,0.0,10.231118763811223,0.0,False
Brazil.regions.AP:Cutias,0.0,0.0,5.1372691871392835,0.0,False
Brazil.regions.AP:Itaubal,0.0,0.0,6.59515235475129,0.0,False
Brazil.regions.BA:Mucugê,0.0,0.0,0.5416622869523398,0.0,False
Brazil.regions.BA:Rodelas,0.0,0.0,0.8597889226879527,0.0,False
Brazil.regions.GO:Alto Paraíso de Goiás,0.0,0.0,1.5397204134978413,0.0,False
Brazil.regions.GO:Aporé,0.0,0.0,12.244113201349146,0.0,False
Brazil.regions.GO:Campo Alegre de Goiás,0.0,0.0,1.600212784061796,0.0,False
Brazil.regions.GO:Chapadão do Céu,0.0,0.0,1.7410107878220682,0.0,False
Brazil.regions.GO:Colinas do Sul,0.0,1.0,17.991548901207914,29.568302779420463,False
Brazil.regions.GO:Doverlândia,0.0,0.0,2.0807167582255826,0.0,False
Brazil.regions.GO:Faina,0.0,0.0,3.513030337873161,0.0,False
Brazil.regions.GO:Itajá,0.0,0.0,10.454530545669362,0.0,False
Brazil.regions.GO:Ivolândia,0.0,0.0,30.61733894879167,0.0,False
Brazil.regions.GO:Paraúna,0.0,1.0,2.4759166011830622,9.100837277029486,False
Brazil.regions.MA:Sambaíba,0.0,0.0,6.056820447303233,0.0,False
Brazil.regions.MG:Olhos-d'Água,2.0,0.0,37.6358445469843,0.0,False
Brazil.regions.MG:São Romão,0.0,0.0,3.4710555723034933,0.0,False
Brazil.regions.MS:Bodoquena,0.0,0.0,1.1216588202001496,0.0,False
Brazil.regions.MS:Jateí,0.0,0.0,13.255627547166148,0.0,False
Brazil.regions.MS:Selvíria,0.0,0.0,3.739527328710409,0.0,False
Brazil.regions.MT:Alto Garças,0.0,0.0,3.2642019247628387,0.0,False
Brazil.regions.MT:Conquista D'Oeste,0.0,0.0,13.187981139122764,0.0,False
Brazil.regions.MT:Ipiranga do Norte,0.0,0.0,1.4661572995623295,0.0,False
Brazil.regions.MT:Juscimeira,0.0,0.0,2.6648921903059435,0.0,False
Brazil.regions.MT:Lambari D'Oeste,0.0,0.0,4.760445925741054,0.0,False
Brazil.regions.MT:Pontal do Araguaia,0.0,0.0,3.324155077233735,0.0,False
Brazil.regions.MT:Porto Alegre do Norte,0.0,0.0,3.5876191015088645,0.0,False
Brazil.regions.PA:Bannach,1.0,0.0,49.28751879372902,0.0,False
Brazil.regions.PA:Pau D'Arco,1.0,0.0,24.89962766473839,0.0,False
Brazil.regions.PA:Piçarra,0.0,0.0,3.8731871268066467,0.0,False
Brazil.regions.PA:Vitória do Xingu,1.0,0.0,1.6385229818376708,0.0,False
Brazil.regions.PI:Alvorada do Gurguéia,0.0,0.0,6.8768353448913455,0.0,False
Brazil.regions.PI:Curimatá,1.0,0.0,5.985592451257068,0.0,False
Brazil.regions.PI:Currais,0.0,0.0,8.608954640156446,0.0,False
Brazil.regions.PI:Dom Inocêncio,0.0,0.0,1.1121243260986926,0.0,False
Brazil.regions.PI:Itaueira,0.0,0.0,2.501520190945101,0.0,False
Brazil.regions.PI:Manoel Emídio,0.0,0.0,7.11832931490766,0.0,False
Brazil.regions.PI:Morro Cabeça no Tempo,0.0,0.0,10.488559449236702,0.0,False
Brazil.regions.PI:Redenção do Gurguéia,0.0,0.0,0.1846372229379991,0.0,False
Brazil.regions.PI:São José do Peixe,0.0,0.0,15.12551581471135,0.0,False
Brazil.regions.RO:Alto Alegre dos Parecis,1.0,0.0,3.5278454722896786,0.0,False
Brazil.regions.RO:Alvorada D'Oeste,0.0,0.0,4.6376101685463205,0.0,False
Brazil.regions.RO:Cacaulândia,0.0,0.0,4.474610487758559,0.0,False
Brazil.regions.RO:Campo Novo de Rondônia,0.0,1.0,4.504117906785997,7.072635971426551,False
Brazil.regions.RO:Rio Crespo,1.0,0.0,41.55820892731348,0.0,False
Brazil.regions.RO:Theobroma,1.0,0.0,7.57299717502376,0.0,False
Brazil.regions.RO:Vale do Anari,0.0,0.0,2.6513700867095125,0.0,False
Brazil.regions.RS:Bom Jesus,0.0,0.0,2.765404860677963,0.0,False
Brazil.regions.RS:Lavras do Sul,7.0,0.0,95.37511777954147,0.0,False
Brazil.regions.TO:Abreulândia,0.0,0.0,27.197965005075545,0.0,False
Brazil.regions.TO:Aliança do Tocantins,0.0,0.0,6.976121817520289,0.0,False
Brazil.regions.TO:Bandeirantes do Tocantins,0.0,0.0,16.56847550540693,0.0,False
Brazil.regions.TO:Caseara,0.0,0.0,7.048688476043365,0.0,False
Brazil.regions.TO:Couto Magalhães,0.0,0.0,6.318736458222668,0.0,False
Brazil.regions.TO:Darcinópolis,1.0,0.0,21.22626399943219,0.0,False
Brazil.regions.TO:Dueré,2.0,0.0,52.443732677485265,0.0,False
Brazil.regions.TO:Figueirópolis,0.0,0.0,7.423816138887966,0.0,False
Brazil.regions.TO:Marianópolis do Tocantins,0.0,0.0,7.7469176193719935,0.0,False
Brazil.regions.TO:Novo Acordo,0.0,0.0,11.454107476002099,0.0,False
United_States_of_America.regions.Alabama:Wilcox,0.0,0.0,1.9363412685528552,0.0,False
United_States_of_America.regions.Arkansas:Newton,0.0,0.0,1.321479063874385,0.0,False
United_States_of_America.regions.Arkansas:Scott,0.0,0.0,1.8500735941934838,0.0,False
United_States_of_America.regions.California:Alpine,0.0,0.0,76.9972053777662,0.0,False
United_States_of_America.regions.Colorado:Archuleta,0.0,0.0,4.448662068390037,0.0,False
United_States_of_America.regions.Colorado:Conejos,0.0,0.0,0.6109365544504612,0.0,False
United_States_of_America.regions.Colorado:Costilla,0.0,0.0,14.150027701411842,0.0,False
United_States_of_America.regions.Colorado:Crowley,0.0,1.0,4.922173691495422,16.49892756970797,False
United_States_of_America.regions.Colorado:Custer,0.0,0.0,8.15489568769116,0.0,False
United_States_of_America.regions.Colorado:Hinsdale,0.0,0.0,110.37446563398258,0.0,False
United_States_of_America.regions.Colorado:Mineral,0.0,0.0,118.46225782529851,0.0,False
United_States_of_America.regions.Colorado:Phillips,0.0,0.0,11.86990497290117,0.0,False
United_States_of_America.regions.Colorado:Rio Grande,1.0,0.0,6.174200235571069,0.0,False
United_States_of_America.regions.Colorado:San Juan,0.0,0.0,125.78588348442483,0.0,False
United_States_of_America.regions.Colorado:San Miguel,0.0,0.0,0.6496796711211097,0.0,False
United_States_of_America.regions.Georgia:Clinch,0.0,0.0,3.5335513499530613,0.0,False
United_States_of_America.regions.Idaho:Adams,0.0,0.0,11.71155539053454,0.0,False
United_States_of_America.regions.Idaho:Camas,0.0,0.0,78.83915932251078,0.0,False
United_States_of_America.regions.Idaho:Lincoln,0.0,0.0,7.0591015075496575,0.0,False
United_States_of_America.regions.Idaho:Power,1.0,0.0,14.461522387898635,0.0,False
United_States_of_America.regions.Idaho:Washington,0.0,0.0,1.7670619025405845,0.0,False
United_States_of_America.regions.Kansas:Barber,0.0,0.0,11.01190661422025,0.0,False
United_States_of_America.regions.Kansas:Chase,0.0,0.0,26.187596574959656,0.0,False
United_States_of_America.regions.Kansas:Chautauqua,0.0,0.0,19.192476891018224,0.0,False
United_States_of_America.regions.Kansas:Cheyenne,0.0,0.0,26.05967818802757,0.0,False
United_States_of_America.regions.Kansas:Clark,0.0,0.0,38.573697475849634,0.0,False
United_States_of_America.regions.Kansas:Edwards,0.0,0.0,24.163060274753853,0.0,False
United_States_of_America.regions.Kansas:Ellsworth,0.0,0.0,4.81131560720207,0.0,False
United_States_of_America.regions.Kansas:Gove,0.0,0.0,26.35951319310763,0.0,False
United_States_of_America.regions.Kansas:Gray,0.0,0.0,5.123312922054653,0.0,False
United_States_of_America.regions.Kansas:Greenwood,0.0,0.0,5.14006323980818,0.0,False
United_States_of_America.regions.Kansas:Hamilton,0.0,0.0,27.808830997722858,0.0,False
United_States_of_America.regions.Kansas:Harper,0.0,0.0,6.819125444819091,0.0,False
United_States_of_America.regions.Kansas:Haskell,0.0,0.0,13.624859025013256,0.0,False
United_States_of_America.regions.Kansas:Jewell,0.0,0.0,23.157528858848927,0.0,False
United_States_of_America.regions.Kansas:Kearny,0.0,0.0,14.478483224445084,0.0,False
United_States_of_America.regions.Kansas:Kiowa,0.0,0.0,28.82728652582785,0.0,False
United_States_of_America.regions.Kansas:Marion,0.0,0.0,3.162078684675018,0.0,False
United_States_of_America.regions.Kansas:Meade,0.0,0.0,13.218683761261788,0.0,False
United_States_of_America.regions.Kansas:Mitchell,0.0,0.0,5.148451005547278,0.0,False
United_States_of_America.regions.Kansas:Morris,1.0,0.0,24.010434733887095,0.0,False
United_States_of_America.regions.Kansas:Morton,0.0,0.0,27.078058645946705,0.0,False
United_States_of_America.regions.Kansas:Ness,0.0,0.0,24.78688248542381,0.0,False
United_States_of_America.regions.Kansas:Norton,0.0,0.0,7.076482458291837,0.0,False
United_States_of_America.regions.Kansas:Osborne,0.0,0.0,17.654465063617323,0.0,False
United_States_of_America.regions.Kansas:Ottawa,0.0,0.0,5.954802924031492,0.0,False
United_States_of_America.regions.Kansas:Phillips,0.0,0.0,7.529092510782485,0.0,False
United_States_of_America.regions.Kansas:Republic,0.0,0.0,9.993565362512216,0.0,False
United_States_of_America.regions.Kansas:Rooks,0.0,0.0,8.748449373819971,0.0,False
United_States_of_America.regions.Kansas:Scott,0.0,0.0,9.157229119921395,0.0,False
United_States_of_America.regions.Kansas:Sheridan,0.0,0.0,28.090045011117084,0.0,False
United_States_of_America.regions.Kansas:Sherman,0.0,0.0,5.323702434107885,0.0,False
United_States_of_America.regions.Kansas:Smith,0.0,0.0,16.33281910532081,0.0,False
United_States_of_America.regions.Kansas:Stafford,0.0,0.0,12.484843811874073,0.0,False
United_States_of_America.regions.Kansas:Stanton,0.0,0.0,38.273694775825334,0.0,False
United_States_of_America.regions.Kansas:Stevens,0.0,0.0,6.6547866869652115,0.0,False
United_States_of_America.regions.Kansas:Wabaunsee,0.0,0.0,2.8511785990634593,0.0,False
United_States_of_America.regions.Kansas:Wichita,0.0,0.0,35.615317853736485,0.0,False
United_States_of_America.regions.Kansas:Woodson,0.0,0.0,20.29067760680976,0.0,False
United_States_of_America.regions.Louisiana:Cameron,0.0,0.0,2.764275807718903,0.0,False
United_States_of_America.regions.Louisiana:Tensas,0.0,0.0,11.496619448967886,0.0,False
United_States_of_America.regions.Michigan:Baraga,0.0,0.0,0.6049978576870743,0.0,False
United_States_of_America.regions.Michigan:Gogebic,0.0,1.0,4.4211188156007415,7.155635062611807,False
United_States_of_America.regions.Michigan:Luce,0.0,0.0,4.477187364362505,0.0,False
United_States_of_America.regions.Michigan:Mackinac,0.0,0.0,2.316637200742411,0.0,False
United_States_of_America.regions.Michigan:Schoolcraft,0.0,0.0,0.7780768606063297,0.0,False
United_States_of_America.regions.Minnesota:Clearwater,0.0,0.0,0.23631386914019537,0.0,False
United_States_of_America.regions.Minnesota:Kittson,0.0,0.0,11.689881766273261,0.0,False
United_States_of_America.regions.Minnesota:Lac qui Parle,0.0,0.0,3.5221439022494785,0.0,False
United_States_of_America.regions.Minnesota:Norman,0.0,0.0,4.109520631591375,0.0,False
United_States_of_America.regions.Minnesota:Traverse,1.0,0.0,49.791764072078955,0.0,False
United_States_of_America.regions.Minnesota:Wilkin,0.0,0.0,4.534088718855278,0.0,False
United_States_of_America.regions.Missouri:Reynolds,1.0,0.0,20.321172756556194,0.0,False
United_States_of_America.regions.Missouri:Sullivan,0.0,0.0,4.8463040951821,0.0,False
United_States_of_America.regions.Montana:Broadwater,0.0,0.0,4.4565954884701515,0.0,False
United_States_of_America.regions.Montana:Golden Valley,0.0,0.0,110.22592578073994,0.0,False
United_States_of_America.regions.Nebraska:Antelope,0.0,0.0,4.301302647668685,0.0,False
United_States_of_America.regions.Nebraska:Boone,0.0,0.0,7.683646738120272,0.0,False
United_States_of_America.regions.Nebraska:Box Butte,0.0,0.0,2.3028968810874435,0.0,False
United_States_of_America.regions.Nebraska:Cheyenne,0.0,0.0,0.35340932153465765,0.0,False
United_States_of_America.regions.Nebraska:Dawes,0.0,0.0,0.06604505064994903,0.0,False
United_States_of_America.regions.Nebraska:Franklin,1.0,0.0,55.55986914964915,0.0,False
United_States_of_America.regions.Nebraska:Frontier,0.0,0.0,26.489481371121293,0.0,False
United_States_of_America.regions.Nebraska:Furnas,0.0,0.0,9.809045950701053,0.0,False
United_States_of_America.regions.Nebraska:Gosper,0.0,0.0,38.67450240319449,0.0,False
United_States_of_America.regions.Nebraska:Greeley,0.0,0.0,30.868067853536175,0.0,False
United_States_of_America.regions.Nebraska:Hitchcock,0.0,0.0,24.628894202888098,0.0,False
United_States_of_America.regions.Nebraska:Keith,0.0,0.0,0.8703459475280546,0.0,False
United_States_of_America.regions.Nebraska:Kimball,0.0,0.0,15.956285769364547,0.0,False
United_States_of_America.regions.Nebraska:Knox,0.0,0.0,0.4251664290366115,0.0,False
United_States_of_America.regions.Nebraska:Morrill,0.0,0.0,9.965684725837429,0.0,False
United_States_of_America.regions.Nebraska:Nuckolls,0.0,0.0,12.53124997906807,0.0,False
United_States_of_America.regions.Nebraska:Sherman,0.0,0.0,21.74547204647922,0.0,False
United_States_of_America.regions.Nebraska:Thomas,0.0,0.0,126.9274012464412,0.0,False
United_States_of_America.regions.Nebraska:Valley,0.0,0.0,12.473270171811501,0.0,False
United_States_of_America.regions.Nebraska:Webster,0.0,0.0,17.101192780806663,0.0,False
United_States_of_America.regions.North Carolina:Hyde,0.0,0.0,8.678461839834851,0.0,False
United_States_of_America.regions.North Dakota:Barnes,1.0,0.0,7.626318613386106,0.0,False
United_States_of_America.regions.North Dakota:Benson,1.0,0.0,17.6972508056282,0.0,False
United_States_of_America.regions.North Dakota:Bowman,0.0,0.0,21.49202919057052,0.0,False
United_States_of_America.regions.North Dakota:Burke,1.0,0.0,82.98589387592457,0.0,False
United_States_of_America.regions.North Dakota:Divide,0.0,0.0,32.592857429207946,0.0,False
United_States_of_America.regions.North Dakota:Eddy,0.0,0.0,32.1486505817787,0.0,False
United_States_of_America.regions.North Dakota:Foster,0.0,0.0,19.575894096865333,0.0,False
United_States_of_America.regions.North Dakota:McIntosh,0.0,0.0,28.471303790990497,0.0,False
United_States_of_America.regions.North Dakota:Mercer,2.0,0.0,25.06670526433051,0.0,False
United_States_of_America.regions.North Dakota:Nelson,0.0,0.0,23.157528858848927,0.0,False
United_States_of_America.regions.North Dakota:Oliver,0.0,0.0,39.46969839335458,0.0,False
United_States_of_America.regions.North Dakota:Pembina,0.0,0.0,3.126966162957869,0.0,False
United_States_of_America.regions.North Dakota:Pierce,0.0,0.0,13.580478826189966,0.0,False
United_States_of_America.regions.North Dakota:Ramsey,0.0,0.0,2.8954447367940226,0.0,False
United_States_of_America.regions.North Dakota:Ransom,0.0,0.0,7.587676938192205,0.0,False
United_States_of_America.regions.North Dakota:Renville,0.0,0.0,31.39703211233322,0.0,False
United_States_of_America.regions.North Dakota:Sargent,0.0,0.0,14.077427753393403,0.0,False
United_States_of_America.regions.North Dakota:Sioux,0.0,0.0,12.063908060321731,0.0,False
United_States_of_America.regions.North Dakota:Slope,0.0,0.0,121.7565794551208,0.0,False
United_States_of_America.regions.North Dakota:Steele,0.0,0.0,41.33329903184036,0.0,False
United_States_of_America.regions.North Dakota:Traill,0.0,0.0,0.8672481128277703,0.0,False
United_States_of_America.regions.North Dakota:Walsh,0.0,0.0,2.1791408719161485,0.0,False
United_States_of_America.regions.North Dakota:Wells,0.0,0.0,14.505666570405081,0.0,False
United_States_of_America.regions.Oklahoma:Alfalfa,0.0,0.0,5.960952189833749,0.0,False
United_States_of_America.regions.Oklahoma:Blaine,0.0,0.0,0.9711753439035018,0.0,False
United_States_of_America.regions.Oklahoma:Cotton,0.0,0.0,6.072381314163026,0.0,False
United_States_of_America.regions.Oklahoma:Dewey,0.0,0.0,8.868962744155064,0.0,False
United_States_of_America.regions.Oklahoma:Grant,0.0,0.0,11.50194448319987,0.0,False
United_States_of_America.regions.Oklahoma:Harper,0.0,0.0,15.538213583826499,0.0,False
United_States_of_America.regions.Oklahoma:Jefferson,0.0,0.0,5.084359084133338,0.0,False
United_States_of_America.regions.Oklahoma:Kiowa,0.0,0.0,0.0930607224936697,0.0,False
United_States_of_America.regions.Oklahoma:Major,0.0,0.0,1.5311239563660344,0.0,False
United_States_of_America.regions.Oklahoma:Pushmataha,0.0,0.0,2.5644972091426137,0.0,False
United_States_of_America.regions.Oklahoma:Tillman,0.0,0.0,2.216349570063315,0.0,False
United_States_of_America.regions.Oklahoma:Washita,0.0,0.0,2.4158890925767835,0.0,False
United_States_of_America.regions.Oklahoma:Woods,0.0,0.0,0.2040710623362827,0.0,False
United_States_of_America.regions.Oregon:Sherman,0.0,0.0,44.60302140268633,0.0,False
United_States_of_America.regions.South Dakota:Aurora,0.0,0.0,24.773664151594794,0.0,False
United_States_of_America.regions.South Dakota:Buffalo,0.0,0.0,39.39164571404026,0.0,False
United_States_of_America.regions.South Dakota:Charles Mix,0.0,0.0,0.8148081184191778,0.0,False
United_States_of_America.regions.South Dakota:Clark,0.0,0.0,15.189841410866682,0.0,False
United_States_of_America.regions.South Dakota:Day,0.0,0.0,6.859824292878896,0.0,False
United_States_of_America.regions.South Dakota:Deuel,0.0,0.0,11.406468369546586,0.0,False
United_States_of_America.regions.South Dakota:Douglas,0.0,0.0,22.65809720018526,0.0,False
United_States_of_America.regions.South Dakota:Faulk,0.0,0.0,31.920418805563003,0.0,False
United_States_of_America.regions.South Dakota:Hutchinson,1.0,0.0,15.854325534762351,0.0,False
United_States_of_America.regions.South Dakota:Hyde,0.0,0.0,65.28719692885895,0.0,False
United_States_of_America.regions.South Dakota:Jerauld,0.0,0.0,38.10034497921418,0.0,False
United_States_of_America.regions.South Dakota:Marshall,0.0,0.0,8.686670640531117,0.0,False
United_States_of_America.regions.South Dakota:McPherson,0.0,0.0,30.457714385763914,0.0,False
United_States_of_America.regions.South Dakota:Miner,0.0,0.0,33.54959991240117,0.0,False
United_States_of_America.regions.South Dakota:Roberts,0.0,0.0,1.9558187233154918,0.0,False
United_States_of_America.regions.South Dakota:Sanborn,0.0,0.0,31.08536216274308,0.0,False
United_States_of_America.regions.South Dakota:Sully,0.0,0.0,60.31397221812103,0.0,False
United_States_of_America.regions.South Dakota:Todd,0.0,0.0,1.75067546610682,0.0,False
United_States_of_America.regions.South Dakota:Walworth,0.0,0.0,6.822510151226274,0.0,False
United_States_of_America.regions.Texas:Archer,0.0,0.0,0.11505016715165084,0.0,False
United_States_of_America.regions.Texas:Armstrong,0.0,0.0,41.41741676301692,0.0,False
United_States_of_America.regions.Texas:Bailey,0.0,0.0,2.7089604075017384,0.0,False
United_States_of_America.regions.Texas:Briscoe,0.0,0.0,53.10629916189095,0.0,False
United_States_of_America.regions.Texas:Brooks,0.0,0.0,2.5216530018100105,0.0,False
United_States_of_America.regions.Texas:Carson,0.0,0.0,5.298035186924137,0.0,False
United_States_of_America.regions.Texas:Castro,0.0,0.0,1.7034586051871852,0.0,False
United_States_of_America.regions.Texas:Clay,0.0,0.0,2.0265676495810894,0.0,False
United_States_of_America.regions.Texas:Cochran,0.0,0.0,23.474069816144272,0.0,False
United_States_of_America.regions.Texas:Coke,0.0,0.0,17.9478992071137,0.0,False
United_States_of_America.regions.Texas:Coleman,0.0,0.0,0.6556620239281248,0.0,False
United_States_of_America.regions.Texas:Collingsworth,0.0,0.0,22.669821464253204,0.0,False
United_States_of_America.regions.Texas:Concho,0.0,0.0,25.107031888478573,0.0,False
United_States_of_America.regions.Texas:Cottle,0.0,0.0,59.95400434782464,0.0,False
United_States_of_America.regions.Texas:Crane,0.0,0.0,9.269608431564395,0.0,False
United_States_of_America.regions.Texas:Crosby,0.0,0.0,5.853959037945723,0.0,False
United_States_of_America.regions.Texas:Dickens,0.0,0.0,33.65164955914611,0.0,False
United_States_of_America.regions.Texas:Dimmit,0.0,0.0,1.6992351109268906,0.0,False
United_States_of_America.regions.Texas:Donley,0.0,0.0,18.929652467119972,0.0,False
United_States_of_America.regions.Texas:Fisher,0.0,0.0,14.532906696199985,0.0,False
United_States_of_America.regions.Texas:Floyd,0.0,0.0,5.930248922907902,0.0,False
United_States_of_America.regions.Texas:Garza,0.0,0.0,4.477187364362505,0.0,False
United_States_of_America.regions.Texas:Glasscock,0.0,0.0,59.395566916677446,0.0,False
United_States_of_America.regions.Texas:Goliad,0.0,0.0,1.4814858710692498,0.0,False
United_States_of_America.regions.Texas:Hansford,0.0,0.0,6.945194630770596,0.0,False
United_States_of_America.regions.Texas:Haskell,0.0,0.0,6.097335906163556,0.0,False
United_States_of_America.regions.Texas:Hemphill,0.0,0.0,14.60811126973194,0.0,False
United_States_of_America.regions.Texas:Jack,0.0,0.0,0.38481207630991676,0.0,False
United_States_of_America.regions.Texas:Jim Hogg,0.0,0.0,7.654015352556682,0.0,False
United_States_of_America.regions.Texas:Kimble,0.0,0.0,11.480659080053536,0.0,False
United_States_of_America.regions.Texas:Knox,0.0,0.0,15.715822541001424,0.0,False
United_States_of_America.regions.Texas:Lamb,0.0,0.0,3.820607131916108,0.0,False
United_States_of_America.regions.Texas:Lipscomb,0.0,0.0,19.35426993867579,0.0,False
United_States_of_America.regions.Texas:Live Oak,0.0,0.0,3.3847329066388614,0.0,False
United_States_of_America.regions.Texas:Lynn,0.0,0.0,5.227144626240486,0.0,False
United_States_of_America.regions.Texas:Martin,0.0,0.0,5.75126552916919,0.0,False
United_States_of_America.regions.Texas:Mason,0.0,0.0,11.820532036621332,0.0,False
United_States_of_America.regions.Texas:McCulloch,0.0,0.0,0.9482962219878512,0.0,False
United_States_of_America.regions.Texas:Mills,0.0,0.0,8.944485604652217,0.0,False
United_States_of_America.regions.Texas:Mitchell,0.0,0.0,0.1259962680718285,0.0,False
United_States_of_America.regions.Texas:Motley,0.0,0.0,71.7565794551208,0.0,False
United_States_of_America.regions.Texas:Ochiltree,0.0,0.0,1.4100194333162488,0.0,False
United_States_of_America.regions.Texas:Parmer,0.0,0.0,1.1655097345373786,0.0,False
United_States_of_America.regions.Texas:Red River,0.0,0.0,3.2593622122389974,0.0,False
United_States_of_America.regions.Texas:Refugio,0.0,0.0,2.8158770947293075,0.0,False
United_States_of_America.regions.Texas:Roberts,1.0,0.0,222.61528359251346,0.0,False
United_States_of_America.regions.Texas:Runnels,0.0,0.0,1.8339635430605608,0.0,False
United_States_of_America.regions.Texas:San Saba,0.0,0.0,4.938522752671018,0.0,False
United_States_of_America.regions.Texas:Shackelford,0.0,0.0,19.051117484727726,0.0,False
United_States_of_America.regions.Texas:Sherman,3.0,0.0,120.78591984779672,0.0,False
United_States_of_America.regions.Texas:Stephens,0.0,0.0,0.8998373716996291,0.0,False
United_States_of_America.regions.Texas:Swisher,0.0,0.0,1.9422403086199527,0.0,False
United_States_of_America.regions.Texas:Wheeler,0.0,0.0,8.201727134445678,0.0,False
United_States_of_America.regions.Texas:Wilbarger,0.0,0.0,3.7452870444745896,0.0,False
United_States_of_America.regions.Texas:Winkler,0.0,0.0,0.9076406286538692,0.0,False
United_States_of_America.regions.Texas:Zavala,0.0,0.0,3.1308079322666025,0.0,False
United_States_of_America.regions.Utah:Piute,0.0,0.0,56.03649831921815,0.0,False
United_States_of_America.regions.Vermont:Essex,2.0,0.0,37.10083820356581,0.0,False
United_States_of_America.regions.Virginia:Highland,0.0,0.0,34.085346578408455,0.0,False
United_States_of_America.regions.Washington:Columbia,0.0,0.0,13.517349007609281,0.0,False
United_States_of_America.regions.Washington:Pend Oreille,0.0,0.0,4.290248486198557,0.0,False
United_States_of_America.regions.West Virginia:Pocahontas,0.0,0.0,0.5488675598861548,0.0,False
United_States_of_America.regions.Wisconsin:Forest,0.0,0.0,0.4705788448940229,0.0,False
United_States_of_America.regions.Wisconsin:Iron,0.0,1.0,6.0072095471435265,17.583963425356075,False
United_States_of_America.regions.Wisconsin:Price,0.0,0.0,4.086678228448485,0.0,False
United_States_of_America.regions.Wisconsin:Sawyer,0.0,0.0,5.537377141891737,0.0,False
El_Salvador,0.0,0.0,11.561179359122548,0.0,False
United_States_of_America.regions.Massachusetts,0.0,0.0,11.562245360769756,0.0,False
Brazil.regions.PE,1.0,0.0,11.55582696451692,0.0,False
Honduras,1.0,0.0,11.555893430643302,0.0,False
United_States_of_America.regions.Virginia,0.0,0.0,11.565038129000344,0.0,False
United_States_of_America.regions.California:Santa Clara,0.0,0.0,11.524882676481296,0.0,False
United_States_of_America.regions.Florida:Hillsborough,0.0,0.0,11.508817618728646,0.0,False
United_States_of_America.regions.Michigan:Oakland,0.0,0.0,11.497236327098665,0.0,False
Brazil.regions.AL:Atalaia,0.0,0.0,9.457436298473224,0.0,False
Brazil.regions.AL:Carneiros,2.0,0.0,21.459255371870036,0.0,False
Brazil.regions.AL:Craíbas,0.0,0.0,7.447764241976535,0.0,False
Brazil.regions.AL:Delmiro Gouveia,0.0,0.0,9.654268489101504,0.0,False
Brazil.regions.AL:Monteirópolis,0.0,0.0,2.3916774669473906,0.0,False
Brazil.regions.AL:Porto Calvo,0.0,0.0,7.8955464421735275,0.0,False
Brazil.regions.AL:Porto Real do Colégio,0.0,0.0,6.593199607306539,0.0,False
Brazil.regions.AL:São Luís do Quitunde,1.0,0.0,5.788879475087096,0.0,False
Brazil.regions.BA:Acajutiba,0.0,0.0,4.98001266837021,0.0,False
Brazil.regions.BA:Amargosa,0.0,0.0,8.891541343640437,0.0,False
Brazil.regions.BA:Buerarema,0.0,0.0,6.126865600922232,0.0,False
Brazil.regions.BA:Cabaceiras do Paraguaçu,0.0,0.0,6.259584739062232,0.0,False
Brazil.regions.BA:Cachoeira,0.0,0.0,8.58900365413128,0.0,False
Brazil.regions.BA:São Sebastião do Passé,3.0,0.0,2.5474085057520526,0.0,False
Brazil.regions.BA:Valença,0.0,0.0,10.54114981035977,0.0,False
Brazil.regions.BA:Vitória da Conquista,0.0,0.0,11.281315447581491,0.0,False
Brazil.regions.CE:Alcântaras,0.0,0.0,3.0399602978813203,0.0,False
Brazil.regions.CE:Barreira,0.0,0.0,7.117445071077654,0.0,False
Brazil.regions.CE:Cascavel,0.0,0.0,10.182889668463861,0.0,False
Brazil.regions.CE:Guaramiranga,3.0,0.0,65.45001292325097,0.0,False
Brazil.regions.CE:Pacujá,0.0,0.0,3.7301495352269143,0.0,False
Brazil.regions.CE:Tianguá,0.0,1.0,10.26002883673571,1.3167250414768388,False
Brazil.regions.CE:Ubajara,0.0,1.0,8.702529918681622,2.874223959530927,False
Brazil.regions.ES:Colatina,0.0,0.0,10.760420683655857,0.0,False
Brazil.regions.ES:São Gabriel da Palha,0.0,0.0,8.941499444396964,0.0,False
Brazil.regions.GO:Inhumas,0.0,0.0,9.685178952929757,0.0,False
Brazil.regions.MA:Miranda do Norte,1.0,0.0,4.529785836212619,0.0,False
Brazil.regions.MG:Andradas,0.0,0.0,9.142301508273166,0.0,False
Brazil.regions.MG:Araxá,0.0,0.0,10.635391350089343,0.0,False
Brazil.regions.MG:Astolfo Dutra,0.0,0.0,4.5240703321232605,0.0,False
Brazil.regions.MG:Caeté,0.0,0.0,9.340517910593245,0.0,False
Brazil.regions.MG:Fronteira,0.0,0.0,6.052807570970654,0.0,False
Brazil.regions.MG:Monte Sião,2.0,0.0,1.026699468004315,0.0,False
Brazil.regions.MG:Passos,0.0,0.0,10.704754645571873,0.0,False
Brazil.regions.MG:São Sebastião do Paraíso,0.0,0.0,10.167429790045233,0.0,False
Brazil.regions.MG:Três Pontas,0.0,1.0,9.814515130106955,1.7622387481055934,False
Brazil.regions.PB:Alagoa Grande,0.0,0.0,8.06748942004298,0.0,False
Brazil.regions.PB:Areia,0.0,0.0,7.194440893419174,0.0,False
Brazil.regions.PB:Bananeiras,0.0,0.0,6.885882314275968,0.0,False
Brazil.regions.PB:Baía da Traição,2.0,0.0,21.782525561351555,0.0,False
Brazil.regions.PB:Capim,0.0,0.0,3.7536155836914844,0.0,False
Brazil.regions.PB:Cruz do Espírito Santo,0.0,0.0,5.802748450647447,0.0,False
Brazil.regions.PB:Lagoa de Dentro,0.0,0.0,1.3782921122007181,0.0,False
Brazil.regions.PE:Calçado,0.0,0.0,2.5294364078425122,0.0,False
Brazil.regions.PE:Passira,0.0,0.0,8.120492861380557,0.0,False
Brazil.regions.PE:São Bento do Una,0.0,0.0,9.896194588080792,0.0,False
Brazil.regions.PE:São João,0.0,0.0,7.189441984210003,0.0,False
Brazil.regions.PR:Andirá,0.0,0.0,6.584491884303108,0.0,False
Brazil.regions.PR:Itaperuçu,0.0,0.0,8.084402128544323,0.0,False
Brazil.regions.PR:Santa Terezinha de Itaipu,0.0,0.0,7.315087566684741,0.0,False
Brazil.regions.PR:Umuarama,0.0,0.0,10.680351142391398,0.0,False
Brazil.regions.RJ:Miguel Pereira,0.0,1.0,7.661020461343568,3.9157334168689792,False
Brazil.regions.RJ:Miracema,0.0,0.0,7.896765654174866,0.0,False
Brazil.regions.RJ:Paty do Alferes,1.0,0.0,4.374477959022085,0.0,False
Brazil.regions.RN:Areia Branca,0.0,0.0,7.976264211617892,0.0,False
Brazil.regions.RN:Bom Jesus,0.0,0.0,1.7824345834035373,0.0,False
Brazil.regions.RN:Grossos,0.0,0.0,1.945626073146574,0.0,False
Brazil.regions.RN:Lagoa Nova,0.0,0.0,5.172245104035528,0.0,False
Brazil.regions.RN:Nísia Floresta,0.0,0.0,7.953828003275949,0.0,False
Brazil.regions.RN:Tenente Laurentino Cruz,0.0,0.0,5.224321390604656,0.0,False
Brazil.regions.RS:Arroio do Sal,0.0,0.0,1.6413341067272036,0.0,False
Brazil.regions.RS:Guaporé,0.0,0.0,7.689786878562375,0.0,False
Brazil.regions.RS:Horizontina,0.0,0.0,6.4031804910740515,0.0,False
Brazil.regions.RS:São Marcos,0.0,0.0,6.9376742716064985,0.0,False
Brazil.regions.RS:Três Passos,10.0,0.0,34.43679920469551,0.0,False
Brazil.regions.RS:Tupandi,0.0,0.0,9.020568469882202,0.0,False
Brazil.regions.RS:Vera Cruz,0.0,0.0,7.854161464855887,0.0,False
Brazil.regions.RS:Veranópolis,0.0,0.0,7.765923498272759,0.0,False
Brazil.regions.SC:Rodeio,0.0,0.0,2.9194947664473325,0.0,False
Brazil.regions.SC:Urussanga,0.0,0.0,6.874854310787308,0.0,False
Brazil.regions.SE:Campo do Brito,0.0,0.0,6.054637803332654,0.0,False
Brazil.regions.SE:Itabaianinha,0.0,0.0,9.191712855506957,0.0,False
Brazil.regions.SP:Adamantina,0.0,0.0,8.725151277550976,0.0,False
Brazil.regions.SP:Brodowski,0.0,0.0,7.566970005563284,0.0,False
Brazil.regions.SP:Dumont,0.0,0.0,1.4429881708757026,0.0,False
Brazil.regions.SP:Elias Fausto,0.0,0.0,5.949925158878765,0.0,False
Brazil.regions.SP:Ibitinga,0.0,0.0,9.911003374323021,0.0,False
Brazil.regions.SP:Jardinópolis,1.0,0.0,7.070219403223814,0.0,False
Brazil.regions.SP:Lençóis Paulista,0.0,0.0,10.115449225418534,0.0,False
Brazil.regions.SP:Penápolis,0.0,0.0,9.999640941155125,0.0,False
Brazil.regions.SP:Roseira,0.0,0.0,2.2414290089070956,0.0,False
Brazil.regions.SP:Saltinho,0.0,0.0,0.4917954821543358,0.0,False
Brazil.regions.SP:Socorro,0.0,0.0,9.138026893698465,0.0,False
Brazil.regions.SP:São Lourenço da Serra,0.0,0.0,5.257638554357888,0.0,False
Brazil.regions.SP:Valentim Gentil,0.0,0.0,4.0726266082140485,0.0,False
Brazil.regions.SP:Viradouro,0.0,1.0,6.285188633213077,5.291565244999471,False
Brunei_Darussalam,0.0,0.0,11.343632995710136,0.0,False
United_States_of_America.regions.California:Yolo,0.0,0.0,11.123239138983523,0.0,False
United_States_of_America.regions.Connecticut:Windham,0.0,0.0,10.720457531172764,0.0,False
United_States_of_America.regions.Florida:Bay,0.0,0.0,11.004360414945898,0.0,False
United_States_of_America.regions.Florida:Flagler,0.0,0.0,10.707800706098993,0.0,False
United_States_of_America.regions.Florida:Marion,1.0,0.0,11.02967650232389,0.0,False
United_States_of_America.regions.Florida:Okaloosa,0.0,0.0,11.102231010955576,0.0,False
United_States_of_America.regions.Georgia:Bartow,2.0,0.0,8.792221030006715,0.0,False
United_States_of_America.regions.Georgia:Jackson,0.0,0.0,10.206459127811737,0.0,False
United_States_of_America.regions.Georgia:Lowndes,0.0,0.0,10.72500865224454,0.0,False
United_States_of_America.regions.Georgia:Oconee,0.0,0.0,9.094132229751773,0.0,False
United_States_of_America.regions.Illinois:Sangamon,1.0,0.0,10.549384765037566,0.0,False
United_States_of_America.regions.Iowa:Black Hawk,0.0,0.0,10.814721385147044,0.0,False
United_States_of_America.regions.Kentucky:Daviess,0.0,0.0,10.59163896455787,0.0,False
United_States_of_America.regions.Louisiana:Livingston,0.0,0.0,10.866471114644371,0.0,False
United_States_of_America.regions.Maine:Androscoggin,0.0,0.0,10.653196705405765,0.0,False
United_States_of_America.regions.Michigan:Bay,0.0,0.0,10.607066311546529,0.0,False
United_States_of_America.regions.Michigan:Jackson,0.0,0.0,10.945878854554735,0.0,False
United_States_of_America.regions.Michigan:St. Clair,0.0,0.0,10.948328962421487,0.0,False
United_States_of_America.regions.Minnesota:Sherburne,0.0,0.0,10.548349345005366,0.0,False
United_States_of_America.regions.Missouri:Buchanan,1.0,0.0,9.287481409003263,0.0,False
United_States_of_America.regions.New York:Tompkins,0.0,0.0,10.598088777410043,0.0,False
United_States_of_America.regions.North Carolina:Harnett,1.0,0.0,10.105906081542548,0.0,False
United_States_of_America.regions.North Carolina:Wayne,0.0,0.0,10.764610713615493,0.0,False
United_States_of_America.regions.North Carolina:Wilson,0.0,0.0,10.354274935412338,0.0,False
United_States_of_America.regions.Ohio:Geauga,0.0,0.0,10.508936816631538,0.0,False
United_States_of_America.regions.Oregon:Clackamas,0.0,0.0,11.33762640653122,0.0,False
United_States_of_America.regions.Pennsylvania:Blair,0.0,0.0,10.755931249774328,0.0,False
United_States_of_America.regions.Tennessee:Anderson,0.0,0.0,10.277681415950603,0.0,False
United_States_of_America.regions.Tennessee:Blount,0.0,0.0,10.825371334331807,0.0,False
United_States_of_America.regions.Tennessee:Loudon,0.0,0.0,9.727231055100912,0.0,False
United_States_of_America.regions.Virginia:Frederick,1.0,0.0,9.337438213079812,0.0,False
United_States_of_America.regions.Virginia:Hanover,0.0,0.0,10.648817423300981,0.0,False
United_States_of_America.regions.Virginia:Suffolk city,0.0,0.0,10.491071852764161,0.0,False
United_States_of_America.regions.West Virginia:Wood,0.0,0.0,10.37940719845489,0.0,False
United_States_of_America.regions.Wisconsin:Rock,0.0,0.0,10.964586438174349,0.0,False
United_States_of_America.regions.Wisconsin:Sheboygan,2.0,0.0,8.975748155999959,0.0,False
United_States_of_America.regions.Texas,0.0,0.0,11.573305112506826,0.0,False
Bahamas,0.0,0.0,11.317444677922122,0.0,False
Brazil.regions.AC:Rio Branco,2.0,0.0,10.840230416257668,0.0,False
Sweden.regions.Jönköping,1.0,0.0,11.022468559844919,0.0,False
Sweden.regions.Uppsala,1.0,0.0,11.045339305762143,0.0,False
Sweden.regions.Örebro,0.0,0.0,11.245904123703067,0.0,False
Sweden.regions.Östergötland,0.0,0.0,11.360108117861754,0.0,False
United_States_of_America.regions.Arizona:Pinal,0.0,0.0,11.36067268354284,0.0,False
United_States_of_America.regions.California:San Luis Obispo,0.0,0.0,11.223535529225755,0.0,False
United_States_of_America.regions.California:Tulare,0.0,0.0,11.362251363170559,0.0,False
United_States_of_America.regions.Colorado:Weld,0.0,0.0,11.268579870841027,0.0,False
United_States_of_America.regions.Nevada:Washoe,0.0,0.0,11.364673346993234,0.0,False
United_States_of_America.regions.Texas:Webb,0.0,0.0,11.215288933082928,0.0,False
Guyana,0.0,1.0,11.448384832610728,0.12836904560181978,False
United_States_of_America.regions.North Dakota,0.0,0.0,11.44553095934243,0.0,False
Brazil.regions.BA:Governador Mangabeira,0.0,0.0,6.75096486170835,0.0,False
Brazil.regions.MA:Imperatriz,0.0,0.0,11.190178855597908,0.0,False
Brazil.regions.MT:Cuiabá,0.0,0.0,11.413501099242119,0.0,False
Brazil.regions.PA:Castanhal,0.0,0.0,11.078728548644285,0.0,False
Brazil.regions.PB:Areial,0.0,0.0,2.7130432066688464,0.0,False
Brazil.regions.PB:Borborema,0.0,0.0,7.423816138887966,0.0,False
Brazil.regions.PE:Escada,0.0,0.0,10.124848252078246,0.0,False
Brazil.regions.RJ:Arraial do Cabo,0.0,1.0,8.281752395461881,3.295001482750667,False
Brazil.regions.RJ:Cordeiro,0.0,0.0,7.0159584754943145,0.0,False
Brazil.regions.RJ:Mendes,0.0,0.0,6.2044534591731155,0.0,False
Brazil.regions.RJ:Nova Friburgo,0.0,0.0,11.052180225448831,0.0,False
Brazil.regions.RN:Extremoz,4.0,0.0,5.916161491062896,0.0,False
Brazil.regions.RS:Farroupilha,0.0,0.0,10.194220801108678,0.0,False
Brazil.regions.SC:Balneário Rincão,1.0,0.0,4.097227313010023,0.0,False
Brazil.regions.SC:Garopaba,0.0,0.0,7.24362275766484,0.0,False
Brazil.regions.SP:Marília,0.0,0.0,11.158137155311701,0.0,False
British_Virgin_Islands,1.0,0.0,4.865794882172014,0.0,False
Saint_Kitts_and_Nevis,1.0,0.0,7.762944072907539,0.0,False
United_States_of_America.regions.Arkansas:Pulaski,4.0,0.0,10.300954015488614,0.0,False
United_States_of_America.regions.California:Marin,0.0,0.0,11.190393929830238,0.0,False
United_States_of_America.regions.Delaware,0.0,0.0,11.474059590890363,0.0,False
United_States_of_America.regions.Florida:Escambia,0.0,0.0,11.26260064683241,0.0,False
United_States_of_America.regions.Florida:Volusia,0.0,0.0,11.396014872566262,0.0,False
United_States_of_America.regions.Georgia:Barrow,0.0,1.0,10.375408371244744,1.2013455069678038,False
United_States_of_America.regions.Georgia:Hall,0.0,0.0,11.0876152025066,0.0,False
United_States_of_America.regions.Illinois:McHenry,0.0,0.0,11.251840142809298,0.0,False
United_States_of_America.regions.Kansas:Sedgwick,0.0,0.0,11.382971201608706,0.0,False
United_States_of_America.regions.Michigan:Ingham,0.0,0.0,11.234763631774376,0.0,False
United_States_of_America.regions.Michigan:Ottawa,0.0,0.0,11.234088627895582,0.0,False
United_States_of_America.regions.Michigan:Washtenaw,1.0,0.0,11.032685717353356,0.0,False
United_States_of_America.regions.North Carolina:Cumberland,1.0,0.0,10.980644682930157,0.0,False
United_States_of_America.regions.Oklahoma:Cleveland,0.0,0.0,11.224658558967722,0.0,False
United_States_of_America.regions.Pennsylvania:Berks,0.0,0.0,11.339316680351383,0.0,False
United_States_of_America.regions.Pennsylvania:Dauphin,0.0,0.0,11.217428117070755,0.0,False
United_States_of_America.regions.Pennsylvania:York,1.0,0.0,11.131377111736947,0.0,False
United_States_of_America.regions.Tennessee:Rutherford,0.0,0.0,11.275807401543423,0.0,False
United_States_of_America.regions.Texas:Williamson,3.0,0.0,10.899420337163596,0.0,False
United_States_of_America.regions.Wisconsin:Brown,0.0,0.0,11.198742069123632,0.0,False
Brazil.regions.GO:Valparaíso de Goiás,1.0,0.0,10.389584801592656,0.0,False
Brazil.regions.PA:Ananindeua,1.0,0.0,11.199820682082898,0.0,False
Sweden,0.0,0.0,11.566933758259783,0.0,False
Peru,0.0,0.0,11.573627828641404,0.0,False
Brazil.regions.AM:Tabatinga,0.0,0.0,10.058012610974835,0.0,False
Brazil.regions.BA:Abaíra,0.0,0.0,0.1337970181599104,0.0,False
Brazil.regions.BA:Caetité,0.0,0.0,9.615007924313577,0.0,False
Brazil.regions.BA:Capela do Alto Alegre,0.0,0.0,2.983473823215556,0.0,False
Brazil.regions.BA:Caém,1.0,0.0,10.131701565182654,0.0,False
Brazil.regions.BA:Dom Basílio,1.0,0.0,4.81803257969384,0.0,False
Brazil.regions.BA:Ipirá,1.0,0.0,8.220767637756135,0.0,False
Brazil.regions.BA:Itagibá,0.0,0.0,4.717572864425594,0.0,False
Brazil.regions.BA:Itapé,0.0,0.0,0.1625317574500773,0.0,False
Brazil.regions.BA:Jussari,0.0,0.0,5.5670829124612045,0.0,False
Brazil.regions.BA:Medeiros Neto,0.0,0.0,7.169137517140616,0.0,False
Brazil.regions.BA:Miguel Calmon,0.0,0.0,7.733999391796685,0.0,False
Brazil.regions.BA:Mundo Novo,0.0,1.0,7.842066098110965,3.7346877801015834,False
Brazil.regions.BA:Paramirim,0.0,0.0,6.94862410545372,0.0,False
Brazil.regions.BA:Prado,0.0,0.0,8.02738211701428,0.0,False
Brazil.regions.BA:Rafael Jambeiro,0.0,0.0,7.156082820345964,0.0,False
Brazil.regions.BA:Rio do Pires,0.0,0.0,2.996745298203969,0.0,False
Brazil.regions.BA:Santa Cruz Cabrália,1.0,0.0,4.376811477751751,0.0,False
Brazil.regions.BA:Santa Maria da Vitória,0.0,0.0,9.067028693120315,0.0,False
Brazil.regions.BA:Seabra,0.0,0.0,9.308717317463188,0.0,False
Brazil.regions.BA:Sobradinho,0.0,0.0,7.264736285180769,0.0,False
Brazil.regions.BA:Sátiro Dias,0.0,0.0,5.787371605301067,0.0,False
Brazil.regions.BA:Urandi,0.0,0.0,5.573632254968461,0.0,False
Brazil.regions.CE:Araripe,0.0,0.0,6.947124248582918,0.0,False
Brazil.regions.CE:Boa Viagem,0.0,0.0,9.740880920621214,0.0,False
Brazil.regions.CE:Ererê,0.0,0.0,2.3159941073389927,0.0,False
Brazil.regions.CE:Granja,0.0,0.0,9.750203136632948,0.0,False
Brazil.regions.CE:Hidrolândia,0.0,0.0,6.5712478215502195,0.0,False
Brazil.regions.CE:Iracema,1.0,0.0,2.412194852290355,0.0,False
Brazil.regions.CE:Irauçuba,0.0,0.0,7.436995640093654,0.0,False
Brazil.regions.CE:Jaguaribara,0.0,0.0,2.8055934536883846,0.0,False
Brazil.regions.CE:Jaguaribe,0.0,0.0,8.69341381708574,0.0,False
Brazil.regions.CE:Madalena,0.0,0.0,6.498291636579315,0.0,False
Brazil.regions.CE:Miraíma,0.0,1.0,4.33981655008981,7.236937328122738,False
Brazil.regions.CE:Mombaça,0.0,0.0,9.293492467613648,0.0,False
Brazil.regions.CE:Monsenhor Tabosa,2.0,0.0,5.830696510553844,0.0,False
Brazil.regions.CE:Quiterianópolis,0.0,0.0,6.833820848426929,0.0,False
Brazil.regions.CE:Salitre,0.0,1.0,5.535917826502991,6.040836051709557,False
Brazil.regions.CE:Santana do Cariri,2.0,0.0,5.372398664160334,0.0,False
Brazil.regions.CE:Senador Sá,0.0,0.0,1.5414410581642066,0.0,False
Brazil.regions.CE:Tarrafas,1.0,0.0,11.700713533333074,0.0,False
Brazil.regions.CE:Uruoca,0.0,0.0,4.351320352200987,0.0,False
Brazil.regions.ES:Montanha,0.0,0.0,6.266925385672858,0.0,False
Brazil.regions.ES:Presidente Kennedy,0.0,0.0,2.9366985818586517,0.0,False
Brazil.regions.ES:Santa Leopoldina,0.0,0.0,3.396125605961238,0.0,False
Brazil.regions.GO:Aloândia,0.0,0.0,38.54855940499547,0.0,False
Brazil.regions.GO:Bom Jesus de Goiás,0.0,0.0,7.611017837603411,0.0,False
Brazil.regions.GO:Itapuranga,2.0,0.0,0.06559321896224368,0.0,False
Brazil.regions.GO:Leopoldo de Bulhões,3.0,0.0,40.73134079943881,0.0,False
Brazil.regions.GO:Nova Glória,0.0,0.0,0.6721437210035219,0.0,False
Brazil.regions.GO:Palmeiras de Goiás,3.0,0.0,2.2842205482896354,0.0,False
Brazil.regions.GO:Uruaçu,0.0,0.0,9.109567457606607,0.0,False
Brazil.regions.MA:Afonso Cunha,0.0,0.0,3.751265741652565,0.0,False
Brazil.regions.MA:Alcântara,0.0,0.0,7.05125267895473,0.0,False
Brazil.regions.MA:Alto Alegre do Pindaré,0.0,0.0,8.443823648568763,0.0,False
Brazil.regions.MA:Araguanã,1.0,0.0,1.3883699387199027,0.0,False
Brazil.regions.MA:Bacuri,0.0,0.0,6.1952018386043255,0.0,False
Brazil.regions.MA:Barreirinhas,0.0,0.0,9.977470357229949,0.0,False
Brazil.regions.MA:Buriti,0.0,0.0,8.089760364020485,0.0,False
Brazil.regions.MA:Buritirana,0.0,0.0,5.095872478342165,0.0,False
Brazil.regions.MA:Capinzal do Norte,1.0,0.0,6.714813709129688,0.0,False
Brazil.regions.MA:Carutapera,9.0,0.0,30.427698593749483,0.0,False
Brazil.regions.MA:Colinas,0.0,0.0,9.148272650372439,0.0,False
Brazil.regions.MA:Gonçalves Dias,0.0,0.0,6.000752986052405,0.0,False
Brazil.regions.MA:Governador Eugênio Barros,0.0,0.0,5.634277053872164,0.0,False
Brazil.regions.MA:Humberto de Campos,1.0,0.0,4.61223808617299,0.0,False
Brazil.regions.MA:João Lisboa,0.0,0.0,7.3452034381313025,0.0,False
Brazil.regions.MA:Matões do Norte,0.0,0.0,5.604821958236436,0.0,False
Brazil.regions.MA:Paulo Ramos,0.0,0.0,6.823902167185932,0.0,False
Brazil.regions.MA:Porto Franco,0.0,0.0,7.390025806200826,0.0,False
Brazil.regions.MA:Poção de Pedras,5.0,0.0,21.99343579335909,0.0,False
Brazil.regions.MA:Presidente Médici,0.0,0.0,2.678413620005557,0.0,False
Brazil.regions.MA:Santa Helena,3.0,0.0,2.0823318511534463,0.0,False
Brazil.regions.MA:Santa Quitéria do Maranhão,6.0,0.0,15.72220876120715,0.0,False
Brazil.regions.MA:Santo Antônio dos Lopes,15.0,0.0,98.55540471209584,0.0,False
Brazil.regions.MA:Senador La Rocque,0.0,0.0,4.580322058440632,0.0,False
Brazil.regions.MA:São Benedito do Rio Preto,0.0,0.0,6.218558518409729,0.0,False
Brazil.regions.MA:São João do Carú,0.0,0.0,5.250842947038459,0.0,False
Brazil.regions.MA:São João dos Patos,0.0,0.0,7.720068313786616,0.0,False
Brazil.regions.MA:São Luís Gonzaga do Maranhão,0.0,0.0,6.273402159926592,0.0,False
Brazil.regions.MA:São Pedro da Água Branca,0.0,0.0,3.6965332320344544,0.0,False
Brazil.regions.MA:Timbiras,2.0,0.0,1.275971018715227,0.0,False
Brazil.regions.MA:Turilândia,15.0,0.0,50.87689380514745,0.0,False
Brazil.regions.MA:Urbano Santos,0.0,0.0,8.557612522014251,0.0,False
Brazil.regions.MG:Aimorés,0.0,0.0,7.603296573011292,0.0,False
Brazil.regions.MG:Almenara,0.0,0.0,9.189891170555493,0.0,False
Brazil.regions.MG:Caldas,0.0,0.0,4.670676530146249,0.0,False
Brazil.regions.MG:Candeias,1.0,0.0,1.858688819624346,0.0,False
Brazil.regions.MG:Capitólio,0.0,0.0,0.00804686321469994,0.0,False
Brazil.regions.MG:Delfim Moreira,1.0,0.0,13.345364501849756,0.0,False
Brazil.regions.MG:Espinosa,0.0,0.0,8.413898452334065,0.0,False
Brazil.regions.MG:Espírito Santo do Dourado,0.0,0.0,9.736119097064519,0.0,False
Brazil.regions.MG:Estrela Dalva,0.0,0.0,31.103570492252665,0.0,False
Brazil.regions.MG:Faria Lemos,0.0,0.0,19.277920604971655,0.0,False
Brazil.regions.MG:Icaraí de Minas,0.0,0.0,3.23647030857118,0.0,False
Brazil.regions.MG:Itapecerica,0.0,0.0,6.981587992724082,0.0,False
Brazil.regions.MG:Jaboticatubas,0.0,0.0,6.612250080367143,0.0,False
Brazil.regions.MG:Ladainha,0.0,0.0,6.055247611302935,0.0,False
Brazil.regions.MG:Lima Duarte,0.0,0.0,5.588012711605769,0.0,False
Brazil.regions.MG:Minas Novas,0.0,0.0,8.400537387296527,0.0,False
Brazil.regions.MG:Monte Azul,0.0,0.0,6.781510759386423,0.0,False
Brazil.regions.MG:Novo Cruzeiro,0.0,0.0,8.385026834709308,0.0,False
Brazil.regions.MG:Piedade dos Gerais,0.0,0.0,8.495506258278821,0.0,False
Brazil.regions.MG:Santa Maria de Itabira,0.0,0.0,2.3576149457888373,0.0,False
Brazil.regions.MG:Santo Antônio do Aventureiro,0.0,0.0,16.185600369427654,0.0,False
Brazil.regions.MG:São Sebastião do Oeste,2.0,0.0,32.7036889262155,0.0,False
Brazil.regions.MG:São Vicente de Minas,1.0,0.0,14.219712005961318,0.0,False
Brazil.regions.MG:Tabuleiro,0.0,0.0,15.08991278845412,0.0,False
Brazil.regions.MG:Várzea da Palma,0.0,0.0,9.044659583020994,0.0,False
Brazil.regions.MS:Glória de Dourados,0.0,0.0,1.5416309479566515,0.0,False
Brazil.regions.MS:Itaporã,0.0,0.0,7.550826908527778,0.0,False
Brazil.regions.MS:Vicentina,0.0,1.0,4.81131560720207,16.38806948541462,False
Brazil.regions.PA:Aurora do Pará,2.0,0.0,2.003711565365526,0.0,False
Brazil.regions.PA:Capitão Poço,0.0,0.0,9.735234993436386,0.0,False
Brazil.regions.PA:Garrafão do Norte,0.0,0.0,7.740338624625499,0.0,False
Brazil.regions.PA:Limoeiro do Ajuru,1.0,0.0,4.664709641129431,0.0,False
Brazil.regions.PA:Peixe-Boi,0.0,0.0,0.8040805900306118,0.0,False
Brazil.regions.PA:São Domingos do Araguaia,0.0,0.0,7.663931559474042,0.0,False
Brazil.regions.PA:São Domingos do Capim,0.0,0.0,8.450679290072875,0.0,False
Brazil.regions.PA:São Sebastião da Boa Vista,2.0,0.0,0.3154926169512873,0.0,False
Brazil.regions.PB:Aguiar,0.0,0.0,6.153742575688161,0.0,False
Brazil.regions.PB:Amparo,0.0,0.0,33.10599857933884,0.0,False
Brazil.regions.PB:Serra Branca,0.0,0.0,4.276950972890992,0.0,False
Brazil.regions.PB:São José do Sabugi,2.0,0.0,60.86951513893306,0.0,False
Brazil.regions.PE:Cabrobó,0.0,0.0,8.654571592481565,0.0,False
Brazil.regions.PE:Inajá,0.0,0.0,7.275123560322068,0.0,False
Brazil.regions.PI:Batalha,2.0,0.0,0.40648169591370653,0.0,False
Brazil.regions.PI:Boa Hora,0.0,0.0,3.170333572016032,0.0,False
Brazil.regions.PI:Bonfim do Piauí,0.0,0.0,6.059930425138424,0.0,False
Brazil.regions.PI:Cabeceiras do Piauí,0.0,0.0,2.130315185599663,0.0,False
Brazil.regions.PI:Campo Grande do Piauí,1.0,0.0,22.076283308393542,0.0,False
Brazil.regions.PI:Capitão de Campos,0.0,0.0,2.817885524003911,0.0,False
Brazil.regions.PI:Cocal dos Alves,0.0,0.0,4.675480804056265,0.0,False
Brazil.regions.PI:Francinópolis,0.0,0.0,7.1218250297904415,0.0,False
Brazil.regions.PI:Francisco Santos,0.0,0.0,0.8459887746606647,0.0,False
Brazil.regions.PI:Hugo Napoleão,2.0,0.0,65.80266319684549,0.0,False
Brazil.regions.PI:Ipiranga do Piauí,0.0,0.0,1.3841129649519228,0.0,False
Brazil.regions.PI:Monsenhor Gil,0.0,0.0,2.1106425567434073,0.0,False
Brazil.regions.PI:Monsenhor Hipólito,0.0,0.0,1.3281370754588924,0.0,False
Brazil.regions.PI:São José do Divino,0.0,1.0,7.128820382917267,18.705574261129815,False
Brazil.regions.PI:São José do Piauí,0.0,0.0,3.3374892239500173,0.0,False
Brazil.regions.PI:Várzea Grande,0.0,0.0,11.19710173554286,0.0,False
Brazil.regions.PR:Amaporã,0.0,0.0,4.405346169733752,0.0,False
Brazil.regions.PR:Campina da Lagoa,0.0,1.0,4.535492084099044,7.041261794113504,False
Brazil.regions.PR:Chopinzinho,0.0,0.0,6.383027899195201,0.0,False
Brazil.regions.PR:Cruzeiro do Sul,0.0,0.0,10.799616674483802,0.0,False
Brazil.regions.PR:Iretama,0.0,0.0,1.7429452441285669,0.0,False
Brazil.regions.PR:Mallet,0.0,0.0,4.239996724874324,0.0,False
Brazil.regions.PR:Paranapoema,0.0,0.0,19.643976686882674,0.0,False
Brazil.regions.PR:Ramilândia,0.0,0.0,10.890107501252741,0.0,False
Brazil.regions.PR:Reserva,2.0,0.0,0.3471076120699319,0.0,False
Brazil.regions.PR:Santa Cruz de Monte Castelo,0.0,0.0,1.243758942300273,0.0,False
Brazil.regions.PR:Santana do Itararé,0.0,0.0,8.455297403838733,0.0,False
Brazil.regions.PR:Santo Inácio,0.0,0.0,6.812359766509777,0.0,False
Brazil.regions.PR:São João do Caiuá,1.0,0.0,22.582084721275066,0.0,False
Brazil.regions.RJ:Rio das Flores,0.0,0.0,0.8055345761875596,0.0,False
Brazil.regions.RJ:Trajano de Moraes,0.0,0.0,2.1658749021161814,0.0,False
Brazil.regions.RN:Acari,0.0,0.0,2.5968688207412836,0.0,False
Brazil.regions.RN:Afonso Bezerra,0.0,0.0,2.5146786629882616,0.0,False
Brazil.regions.RN:Bento Fernandes,0.0,0.0,6.61498707139633,0.0,False
Brazil.regions.RN:Caraúbas,0.0,0.0,6.697038853569987,0.0,False
Brazil.regions.RN:Jucurutu,0.0,0.0,6.110779568291805,0.0,False
Brazil.regions.RN:Lajes,0.0,0.0,2.7091472452427876,0.0,False
Brazil.regions.RN:Ouro Branco,0.0,0.0,9.204626005411724,0.0,False
Brazil.regions.RN:Porto do Mangue,0.0,0.0,3.9584333207931994,0.0,False
Brazil.regions.RN:Serra do Mel,0.0,0.0,3.2001413803067003,0.0,False
Brazil.regions.RN:São Rafael,0.0,1.0,0.6153943783102509,12.192148256522799,False
Brazil.regions.RO:Ouro Preto do Oeste,0.0,0.0,8.80167409466877,0.0,False
Brazil.regions.RS:Alecrim,0.0,0.0,5.229968810863083,0.0,False
Brazil.regions.RS:Alpestre,0.0,0.0,4.402792302675914,0.0,False
Brazil.regions.RS:Barra do Ribeiro,0.0,0.0,4.164404904822881,0.0,False
Brazil.regions.RS:Barros Cassal,0.0,0.0,2.647385184579189,0.0,False
Brazil.regions.RS:Caibaté,0.0,0.0,9.058821854350393,0.0,False
Brazil.regions.RS:Camargo,0.0,0.0,25.013074149595717,0.0,False
Brazil.regions.RS:Campinas do Sul,0.0,0.0,6.758412971805788,0.0,False
Brazil.regions.RS:Ciríaco,0.0,0.0,9.489182502659583,0.0,False
Brazil.regions.RS:Doutor Maurício Cardoso,0.0,0.0,10.406099496155447,0.0,False
Brazil.regions.RS:Doutor Ricardo,0.0,0.0,38.85188959127812,0.0,False
Brazil.regions.RS:Erebango,2.0,0.0,88.72414882991183,0.0,False
Brazil.regions.RS:Esperança do Sul,1.0,0.0,56.77594605343476,0.0,False
Brazil.regions.RS:Espumoso,0.0,0.0,5.1615627055156015,0.0,False
Brazil.regions.RS:Fontoura Xavier,1.0,0.0,7.833184009986207,0.0,False
Brazil.regions.RS:General Câmara,1.0,0.0,12.275362997160142,0.0,False
Brazil.regions.RS:Machadinho,0.0,0.0,6.788719032714907,0.0,False
Brazil.regions.RS:Marcelino Ramos,0.0,0.0,11.14019296413184,0.0,False
Brazil.regions.RS:Minas do Leão,1.0,0.0,13.191047979372593,0.0,False
Brazil.regions.RS:Montauri,0.0,0.0,57.246370691642916,0.0,False
Brazil.regions.RS:Muliterno,0.0,0.0,41.249447917878314,0.0,False
Brazil.regions.RS:Rio Pardo,0.0,0.0,8.964082421648211,0.0,False
Brazil.regions.RS:Santiago,0.0,0.0,9.553486301075472,0.0,False
Brazil.regions.RS:São José do Herval,0.0,0.0,39.158913295810784,0.0,False
Brazil.regions.RS:Sério,0.0,0.0,39.39164571404026,0.0,False
Brazil.regions.RS:Três Arroios,0.0,0.0,25.904505492102288,0.0,False
Brazil.regions.SC:Abelardo Luz,0.0,0.0,5.991409821018625,0.0,False
Brazil.regions.SC:Alto Bela Vista,1.0,0.0,91.6756983675283,0.0,False
Brazil.regions.SC:Botuverá,0.0,0.0,7.485388706613987,0.0,False
Brazil.regions.SC:Campo Erê,0.0,0.0,0.1520755846070614,0.0,False
Brazil.regions.SC:Grão Pará,0.0,0.0,3.646263323796889,0.0,False
Brazil.regions.SC:Paial,0.0,0.0,54.86842884603994,0.0,False
Brazil.regions.SC:Paulo Lopes,0.0,0.0,1.7672546619529168,0.0,False
Brazil.regions.SC:Petrolândia,0.0,0.0,5.2667697869382035,0.0,False
Brazil.regions.SC:Timbé do Sul,0.0,0.0,7.1218250297904415,0.0,False
Brazil.regions.SC:Vidal Ramos,0.0,0.0,4.201094023333681,0.0,False
Brazil.regions.SC:Xavantina,0.0,0.0,13.849129671240794,0.0,False
Brazil.regions.SC:Zortéa,0.0,0.0,18.15860145928373,0.0,False
Brazil.regions.SC:Águas Mornas,0.0,0.0,3.8815858960956913,0.0,False
Brazil.regions.SE:Gararu,0.0,1.0,2.9590358499464333,8.617718028266115,False
Brazil.regions.SP:Adolfo,0.0,0.0,16.497361787143994,0.0,False
Brazil.regions.SP:Altinópolis,0.0,0.0,5.397811713111214,0.0,False
Brazil.regions.SP:Arealva,0.0,0.0,0.10548911244165815,0.0,False
Brazil.regions.SP:Bananal,0.0,0.0,2.440161827047632,0.0,False
Brazil.regions.SP:Caiabu,0.0,1.0,12.283899903701075,23.860653781913623,False
Brazil.regions.SP:Castilho,0.0,0.0,6.816209271909587,0.0,False
Brazil.regions.SP:Cosmorama,0.0,0.0,2.108753169823583,0.0,False
Brazil.regions.SP:Getulina,0.0,0.0,2.811743798450957,0.0,False
Brazil.regions.SP:Guaraci,0.0,0.0,2.6386058624814073,0.0,False
Brazil.regions.SP:Gália,0.0,0.0,3.6950848511704706,0.0,False
Brazil.regions.SP:Itapura,0.0,0.0,8.806450361493935,0.0,False
Brazil.regions.SP:Itatinga,0.0,0.0,6.7451357693078755,0.0,False
Brazil.regions.SP:Itaóca,0.0,0.0,18.471323044864377,0.0,False
Brazil.regions.SP:Meridiano,0.0,0.0,14.492067811047098,0.0,False
Brazil.regions.SP:Miracatu,1.0,0.0,1.4650192101302384,0.0,False
Brazil.regions.SP:Murutinga do Sul,0.0,0.0,10.71481990689668,0.0,False
Brazil.regions.SP:Palestina,0.0,0.0,3.858917959404182,0.0,False
Brazil.regions.SP:Paranapanema,0.0,0.0,6.625523497462932,0.0,False
Brazil.regions.SP:Pedro de Toledo,1.0,0.0,6.07393891147945,0.0,False
Brazil.regions.SP:Planalto,0.0,0.0,7.518147783043895,0.0,False
Brazil.regions.SP:Presidente Bernardes,1.0,0.0,3.6834322960587773,0.0,False
Brazil.regions.SP:Rancharia,0.0,0.0,8.210543894033735,0.0,False
Brazil.regions.SP:Riolândia,0.0,0.0,3.5882573132660713,0.0,False
Brazil.regions.SP:Sagres,0.0,0.0,29.541667174419025,0.0,False
Brazil.regions.SP:São João das Duas Pontes,0.0,1.0,27.364056090634804,38.940809968847354,False
Brazil.regions.SP:São João do Pau d'Alho,0.0,0.0,35.92918436406774,0.0,False
Brazil.regions.SP:São Luiz do Paraitinga,0.0,1.0,2.2195909700063154,9.357162908206233,False
Brazil.regions.SP:Ubirajara,0.0,0.0,9.343748213837658,0.0,False
Sweden.regions.Gotland,1.0,0.0,8.201169480163635,0.0,False
United_States_of_America.regions.Alabama:Cherokee,0.0,0.0,7.759377179479918,0.0,False
United_States_of_America.regions.Alabama:Franklin,0.0,0.0,8.388181720824626,0.0,False
United_States_of_America.regions.Alabama:Geneva,0.0,0.0,7.770275251590037,0.0,False
United_States_of_America.regions.Alabama:Jackson,0.0,0.0,9.639745394115387,0.0,False
United_States_of_America.regions.Alabama:Lawrence,0.0,0.0,8.539455858530857,0.0,False
United_States_of_America.regions.Alabama:Pike,0.0,0.0,8.556883128680628,0.0,False
United_States_of_America.regions.Arkansas:Carroll,0.0,0.0,8.053145703441583,0.0,False
United_States_of_America.regions.Arkansas:Cleburne,0.0,0.0,7.563751751321421,0.0,False
United_States_of_America.regions.Arkansas:Independence,0.0,0.0,8.932999747346718,0.0,False
United_States_of_America.regions.Arkansas:Mississippi,0.0,0.0,9.116789793688183,0.0,False
United_States_of_America.regions.California:Lake,1.0,0.0,8.470488541027446,0.0,False
United_States_of_America.regions.Colorado:Gilpin,0.0,0.0,4.441186214691504,0.0,False
United_States_of_America.regions.Colorado:Summit,1.0,0.0,5.127429444946933,0.0,False
United_States_of_America.regions.Colorado:Teller,2.0,1.0,0.23985239246651346,3.9388687568930205,False
United_States_of_America.regions.Florida:Baker,0.0,0.0,8.153268770372767,0.0,False
United_States_of_America.regions.Florida:Gilchrist,0.0,0.0,6.1952018386043255,0.0,False
United_States_of_America.regions.Florida:Hardee,0.0,0.0,7.864387987430352,0.0,False
United_States_of_America.regions.Florida:Jackson,0.0,0.0,9.422231535815857,0.0,False
United_States_of_America.regions.Florida:Washington,0.0,0.0,7.651028600467484,0.0,False
United_States_of_America.regions.Georgia:Bacon,0.0,0.0,2.6193909258657193,0.0,False
United_States_of_America.regions.Georgia:Candler,0.0,0.0,2.3200659211635806,0.0,False
United_States_of_America.regions.Georgia:Chattahoochee,0.0,0.0,2.408329930289195,0.0,False
United_States_of_America.regions.Georgia:Decatur,0.0,0.0,7.789448924417668,0.0,False
United_States_of_America.regions.Georgia:Elbert,0.0,0.0,6.366792431927251,0.0,False
United_States_of_America.regions.Georgia:Greene,0.0,0.0,6.119430149768977,0.0,False
United_States_of_America.regions.Georgia:Jeff Davis,0.0,0.0,4.960809452145726,0.0,False
United_States_of_America.regions.Georgia:Long,0.0,0.0,6.464018053272622,0.0,False
United_States_of_America.regions.Georgia:Pulaski,0.0,0.0,2.5976751316919415,0.0,False
United_States_of_America.regions.Georgia:Rabun,1.0,0.0,0.09390026195200818,0.0,False
United_States_of_America.regions.Georgia:Tattnall,0.0,0.0,7.621996304851795,0.0,False
United_States_of_America.regions.Georgia:Wayne,0.0,0.0,8.235289648587127,0.0,False
United_States_of_America.regions.Idaho:Nez Perce,0.0,0.0,9.101996404444977,0.0,False
United_States_of_America.regions.Illinois:Christian,0.0,0.0,8.481162001045634,0.0,False
United_States_of_America.regions.Illinois:Douglas,0.0,0.0,6.439327728713447,0.0,False
United_States_of_America.regions.Illinois:Lee,1.0,0.0,5.710963169625031,0.0,False
United_States_of_America.regions.Illinois:Logan,0.0,0.0,8.082449594195497,0.0,False
United_States_of_America.regions.Illinois:Macoupin,0.0,0.0,9.350871315776542,0.0,False
United_States_of_America.regions.Illinois:McDonough,0.0,0.0,8.207708665625795,0.0,False
United_States_of_America.regions.Illinois:Perry,0.0,0.0,6.795725000798129,0.0,False
United_States_of_America.regions.Illinois:Wabash,0.0,0.0,2.8961983226569927,0.0,False
United_States_of_America.regions.Indiana:Brown,0.0,0.0,4.950726844022249,0.0,False
United_States_of_America.regions.Indiana:Carroll,0.0,0.0,6.640188740235553,0.0,False
United_States_of_America.regions.Indiana:Fulton,0.0,0.0,6.570245417213249,0.0,False
United_States_of_America.regions.Indiana:Jay,0.0,0.0,6.683428374200021,0.0,False
United_States_of_America.regions.Indiana:Orange,0.0,0.0,6.486659202451579,0.0,False
United_States_of_America.regions.Indiana:Owen,0.0,0.0,6.768830420353997,0.0,False
United_States_of_America.regions.Indiana:Perry,2.0,0.0,4.073514784732833,0.0,False
United_States_of_America.regions.Indiana:Spencer,0.0,0.0,6.645057867954621,0.0,False
United_States_of_America.regions.Indiana:Sullivan,0.0,0.0,6.738590445051775,0.0,False
United_States_of_America.regions.Indiana:Switzerland,0.0,0.0,2.2752935489408515,0.0,False
United_States_of_America.regions.Indiana:Union,1.0,0.0,16.77595380537123,0.0,False
United_States_of_America.regions.Indiana:White,0.0,0.0,7.427720602965681,0.0,False
United_States_of_America.regions.Iowa:Boone,0.0,0.0,7.764906657049172,0.0,False
United_States_of_America.regions.Iowa:Dickinson,0.0,0.0,5.782339693486624,0.0,False
United_States_of_America.regions.Iowa:Henry,0.0,0.0,6.565227367237305,0.0,False
United_States_of_America.regions.Iowa:Jasper,0.0,0.0,8.887497457612843,0.0,False
United_States_of_America.regions.Iowa:Sioux,0.0,0.0,8.707725044472769,0.0,False
United_States_of_America.regions.Iowa:Webster,0.0,0.0,8.791548887125204,0.0,False
United_States_of_America.regions.Kansas:Franklin,0.0,0.0,7.661940223342519,0.0,False
United_States_of_America.regions.Kansas:Montgomery,2.0,0.0,2.1513870743544317,0.0,False
United_States_of_America.regions.Kansas:Reno,0.0,0.0,9.963798621591367,0.0,False
United_States_of_America.regions.Kentucky:Adair,2.0,0.0,4.046618687145228,0.0,False
United_States_of_America.regions.Kentucky:Bath,0.0,0.0,3.576753878212548,0.0,False
United_States_of_America.regions.Kentucky:Clinton,0.0,0.0,1.7901028701874946,0.0,False
United_States_of_America.regions.Kentucky:Grayson,1.0,0.0,4.008736320411814,0.0,False
United_States_of_America.regions.Kentucky:Hancock,0.0,0.0,0.1114936168046139,0.0,False
United_States_of_America.regions.Kentucky:Hart,0.0,0.0,6.3232734474271535,0.0,False
United_States_of_America.regions.Kentucky:Logan,0.0,0.0,7.886989285193582,0.0,False
United_States_of_America.regions.Kentucky:Martin,0.0,0.0,2.6441947000079917,0.0,False
United_States_of_America.regions.Kentucky:Pendleton,0.0,0.0,4.722744282599115,0.0,False
United_States_of_America.regions.Kentucky:Rockcastle,0.0,0.0,5.58693656764052,0.0,False
United_States_of_America.regions.Kentucky:Wayne,0.0,0.0,6.658640466517275,0.0,False
United_States_of_America.regions.Louisiana:Avoyelles,0.0,0.0,9.085721594434151,0.0,False
United_States_of_America.regions.Louisiana:Evangeline,1.0,0.0,5.587833381132147,0.0,False
United_States_of_America.regions.Louisiana:Iberville,0.0,0.0,8.500871869046419,0.0,False
United_States_of_America.regions.Louisiana:Jefferson Davis,0.0,0.0,8.388791623685641,0.0,False
United_States_of_America.regions.Louisiana:Vermilion,0.0,0.0,9.896392264393254,0.0,False
United_States_of_America.regions.Maryland:Garrett,2.0,0.0,1.2369179369428167,0.0,False
United_States_of_America.regions.Michigan:Alpena,0.0,0.0,8.056246925211315,0.0,False
United_States_of_America.regions.Michigan:Antrim,1.0,0.0,3.0018953633780434,0.0,False
United_States_of_America.regions.Michigan:Gladwin,0.0,0.0,7.6473263957967355,0.0,False
United_States_of_America.regions.Michigan:Iosco,0.0,0.0,7.5969711743481785,0.0,False
United_States_of_America.regions.Michigan:Manistee,0.0,0.0,7.504761044919935,0.0,False
United_States_of_America.regions.Michigan:Oceana,0.0,0.0,7.798463932242094,0.0,False
United_States_of_America.regions.Michigan:Otsego,0.0,0.0,7.522918950370809,0.0,False
United_States_of_America.regions.Michigan:Roscommon,0.0,0.0,7.413383213322253,0.0,False
United_States_of_America.regions.Minnesota:Dodge,0.0,0.0,6.799835945662629,0.0,False
United_States_of_America.regions.Minnesota:Freeborn,1.0,0.0,4.971952187383315,0.0,False
United_States_of_America.regions.Minnesota:Kandiyohi,0.0,0.0,9.261885478481073,0.0,False
United_States_of_America.regions.Minnesota:Mille Lacs,0.0,0.0,7.771144409856191,0.0,False
United_States_of_America.regions.Mississippi:Clay,0.0,0.0,6.399698587262041,0.0,False
United_States_of_America.regions.Mississippi:Covington,0.0,0.0,6.210795518049423,0.0,False
United_States_of_America.regions.Mississippi:George,0.0,0.0,7.4951212251513235,0.0,False
United_States_of_America.regions.Mississippi:Grenada,0.0,0.0,6.759334088252051,0.0,False
United_States_of_America.regions.Mississippi:Itawamba,2.0,0.0,1.2492401363235768,0.0,False
United_States_of_America.regions.Mississippi:Leflore,0.0,0.0,8.028515578528342,0.0,False
United_States_of_America.regions.Mississippi:Marion,0.0,0.0,7.507246695532371,0.0,False
United_States_of_America.regions.Mississippi:Marshall,0.0,0.0,8.74341110040329,0.0,False
United_States_of_America.regions.Mississippi:Monroe,0.0,0.0,8.740035394154907,0.0,False
United_States_of_America.regions.Mississippi:Neshoba,0.0,0.0,8.142452071769798,0.0,False
United_States_of_America.regions.Mississippi:Panola,0.0,0.0,8.652093138858312,0.0,False
United_States_of_America.regions.Mississippi:Scott,0.0,0.0,8.021071898408822,0.0,False
United_States_of_America.regions.Mississippi:Simpson,0.0,0.0,7.825534731990026,0.0,False
United_States_of_America.regions.Mississippi:Tippah,2.0,0.0,2.0503185723893136,0.0,False
United_States_of_America.regions.Mississippi:Tishomingo,0.0,0.0,6.417593789474995,0.0,False
United_States_of_America.regions.Missouri:Adair,1.0,0.0,3.685028352426335,0.0,False
United_States_of_America.regions.Missouri:Barry,0.0,0.0,8.782599249695405,0.0,False
United_States_of_America.regions.Missouri:Callaway,0.0,0.0,9.341767399880743,0.0,False
United_States_of_America.regions.Missouri:Clinton,0.0,0.0,6.671667303434503,0.0,False
United_States_of_America.regions.Missouri:Laclede,0.0,0.0,8.777436911552414,0.0,False
United_States_of_America.regions.Missouri:Lafayette,0.0,0.0,8.519397879680078,0.0,False
United_States_of_America.regions.Missouri:Miller,0.0,0.0,7.673400898002548,0.0,False
United_States_of_America.regions.Missouri:Polk,0.0,0.0,8.46623722139585,0.0,False
United_States_of_America.regions.Missouri:Randolph,0.0,0.0,7.536023314126561,0.0,False
United_States_of_America.regions.Montana:Silver Bow,0.0,0.0,8.712655353223289,0.0,False
United_States_of_America.regions.Nebraska:Buffalo,0.0,0.0,9.563020214626894,0.0,False
United_States_of_America.regions.Nebraska:Cass,0.0,0.0,7.766939797139704,0.0,False
United_States_of_America.regions.Nebraska:Platte,0.0,0.0,8.58900365413128,0.0,False
United_States_of_America.regions.Nebraska:Scotts Bluff,0.0,0.0,8.769184671631606,0.0,False
United_States_of_America.regions.Nebraska:Washington,1.0,0.0,1.9284350977600422,0.0,False
United_States_of_America.regions.New Hampshire:Carroll,0.0,0.0,9.532182215975787,0.0,False
United_States_of_America.regions.New York:Chenango,0.0,0.0,9.458423969512568,0.0,False
United_States_of_America.regions.New York:Schoharie,0.0,0.0,8.350843364970185,0.0,False
United_States_of_America.regions.New York:Schuyler,0.0,0.0,5.9609847986371,0.0,False
United_States_of_America.regions.North Carolina:Alleghany,0.0,0.0,2.5976751316919415,0.0,False
United_States_of_America.regions.North Carolina:Anson,0.0,0.0,7.486105101316532,0.0,False
United_States_of_America.regions.North Carolina:Camden,0.0,0.0,2.374582165688393,0.0,False
United_States_of_America.regions.North Carolina:Caswell,0.0,0.0,7.1527581252484715,0.0,False
United_States_of_America.regions.North Carolina:Clay,0.0,0.0,2.6728272465679925,0.0,False
United_States_of_America.regions.North Carolina:Madison,0.0,0.0,6.980109428660721,0.0,False
United_States_of_America.regions.North Carolina:Martin,1.0,0.0,2.6640979067330477,0.0,False
United_States_of_America.regions.North Carolina:Warren,0.0,0.0,6.508587034160041,0.0,False
United_States_of_America.regions.Ohio:Adams,0.0,0.0,7.966384898502822,0.0,False
United_States_of_America.regions.Ohio:Meigs,0.0,0.0,7.211276076667169,0.0,False
United_States_of_America.regions.Ohio:Paulding,0.0,0.0,6.2211411961217165,0.0,False
United_States_of_America.regions.Ohio:Wyandot,0.0,0.0,6.983698577826731,0.0,False
United_States_of_America.regions.Oklahoma:Bryan,0.0,0.0,9.493203508382358,0.0,False
United_States_of_America.regions.Oklahoma:Grady,0.0,0.0,9.785730487447065,0.0,False
United_States_of_America.regions.Oklahoma:Kay,0.0,0.0,9.279909742055628,0.0,False
United_States_of_America.regions.Oklahoma:Marshall,0.0,0.0,5.67042820341484,0.0,False
United_States_of_America.regions.Oklahoma:Pontotoc,0.0,0.0,8.96469662191749,0.0,False
United_States_of_America.regions.Oklahoma:Stephens,0.0,0.0,9.258880758587116,0.0,False
United_States_of_America.regions.Oregon:Clatsop,0.0,0.0,9.090675914807615,0.0,False
United_States_of_America.regions.Oregon:Hood River,0.0,0.0,7.29995976308125,0.0,False
United_States_of_America.regions.Oregon:Lincoln,0.0,0.0,9.57523272213393,0.0,False
United_States_of_America.regions.Pennsylvania:Bedford,1.0,0.0,7.400342251082578,0.0,False
United_States_of_America.regions.Pennsylvania:Bradford,0.0,0.0,9.919011391930367,0.0,False
United_States_of_America.regions.Pennsylvania:Huntingdon,0.0,0.0,9.361620084131385,0.0,False
United_States_of_America.regions.Pennsylvania:Susquehanna,0.0,0.0,9.097087145421435,0.0,False
United_States_of_America.regions.Pennsylvania:Warren,0.0,0.0,9.025147642086907,0.0,False
United_States_of_America.regions.South Carolina:Abbeville,0.0,0.0,7.499614399270974,0.0,False
United_States_of_America.regions.South Carolina:Jasper,0.0,0.0,8.251511966863497,0.0,False
United_States_of_America.regions.South Carolina:Saluda,0.0,0.0,6.692271877528721,0.0,False
United_States_of_America.regions.South Carolina:Union,0.0,0.0,7.9158957730727035,0.0,False
United_States_of_America.regions.South Dakota:Brookings,0.0,0.0,8.72588293714005,0.0,False
United_States_of_America.regions.South Dakota:Yankton,0.0,0.0,7.1934804496160725,0.0,False
United_States_of_America.regions.Tennessee:Carroll,0.0,0.0,7.975356536043787,0.0,False
United_States_of_America.regions.Tennessee:Crockett,2.0,0.0,9.5054667823637,0.0,False
United_States_of_America.regions.Tennessee:Giles,0.0,0.0,8.182781573026558,0.0,False
United_States_of_America.regions.Tennessee:Hardin,0.0,0.0,7.678422364100587,0.0,False
United_States_of_America.regions.Tennessee:Lake,3.0,0.0,45.43578888119452,0.0,False
United_States_of_America.regions.Tennessee:Lewis,0.0,0.0,3.4254659747237977,0.0,False
United_States_of_America.regions.Tennessee:McNairy,0.0,0.0,7.684794665945093,0.0,False
United_States_of_America.regions.Tennessee:Moore,0.0,0.0,3.8363164053879455,0.0,False
United_States_of_America.regions.Tennessee:Overton,0.0,0.0,7.080553167812836,0.0,False
United_States_of_America.regions.Texas:Anderson,0.0,0.0,9.844702263074417,0.0,False
United_States_of_America.regions.Texas:Austin,0.0,0.0,8.2469723118833,0.0,False
United_States_of_America.regions.Texas:Burnet,0.0,0.0,9.500126321364869,0.0,False
United_States_of_America.regions.Texas:Cherokee,0.0,0.0,9.677274335607223,0.0,False
United_States_of_America.regions.Texas:Cooke,0.0,0.0,9.152922770764114,0.0,False
United_States_of_America.regions.Texas:Hopkins,0.0,0.0,8.880173142585324,0.0,False
United_States_of_America.regions.Texas:Jim Wells,0.0,0.0,9.106520194106032,0.0,False
United_States_of_America.regions.Texas:Kerr,0.0,0.0,9.675613193801901,0.0,False
United_States_of_America.regions.Texas:Lamar,0.0,0.0,9.571097928434174,0.0,False
United_States_of_America.regions.Texas:Morris,0.0,0.0,3.5044258188002146,0.0,False
United_States_of_America.regions.Texas:Navarro,0.0,0.0,9.581263686046842,0.0,False
United_States_of_America.regions.Texas:Polk,0.0,0.0,9.629447975928358,0.0,False
United_States_of_America.regions.Texas:San Jacinto,0.0,0.0,8.111630346558645,0.0,False
United_States_of_America.regions.Texas:Starr,1.0,0.0,8.482359373857188,0.0,False
United_States_of_America.regions.Vermont:Addison,0.0,0.0,8.857663142154685,0.0,False
United_States_of_America.regions.Vermont:Bennington,0.0,0.0,8.757469976323627,0.0,False
United_States_of_America.regions.Vermont:Caledonia,0.0,0.0,8.242642585577599,0.0,False
United_States_of_America.regions.Vermont:Orange,0.0,0.0,8.115588157597845,0.0,False
United_States_of_America.regions.Vermont:Windham,1.0,0.0,6.8398868420702525,0.0,False
United_States_of_America.regions.Virginia:Appomattox,0.0,0.0,5.291793787709123,0.0,False
United_States_of_America.regions.Virginia:Giles,0.0,0.0,5.595892634193409,0.0,False
United_States_of_America.regions.Virginia:Lee,1.0,0.0,3.0381379878483763,0.0,False
United_States_of_America.regions.Virginia:Mecklenburg,0.0,0.0,8.307391077022501,0.0,False
United_States_of_America.regions.Virginia:Nottoway,0.0,0.0,5.01162782779238,0.0,False
United_States_of_America.regions.Virginia:Richmond,0.0,0.0,0.4939654486436673,0.0,False
United_States_of_America.regions.Washington:Walla Walla,0.0,0.0,9.930934260042699,0.0,False
United_States_of_America.regions.West Virginia:Barbour,0.0,0.0,5.494398790322517,0.0,False
United_States_of_America.regions.West Virginia:Lincoln,0.0,0.0,6.6769547699759855,0.0,False
United_States_of_America.regions.West Virginia:Preston,0.0,0.0,8.585607670985938,0.0,False
United_States_of_America.regions.Wisconsin:Barron,2.0,0.0,4.94604041344374,0.0,False
United_States_of_America.regions.Wisconsin:Dunn,0.0,0.0,9.372557087523075,0.0,False
United_States_of_America.regions.Wisconsin:Green Lake,0.0,0.0,6.289385401503406,0.0,False
United_States_of_America.regions.Wisconsin:Monroe,0.0,0.0,9.41473195531025,0.0,False
United_States_of_America.regions.Wisconsin:Polk,0.0,0.0,9.292762374660942,0.0,False
United_States_of_America.regions.Wisconsin:Shawano,0.0,0.0,9.13170632203758,0.0,False
Bosnia_and_Herzegovina,1.0,0.0,11.516584121277306,0.0,False
Brazil.regions.ES,0.0,0.0,11.551869899762073,0.0,False
Brazil.regions.PB,0.0,0.0,11.551866660859787,0.0,False
Brazil.regions.RN,0.0,0.0,11.5482382831762,0.0,False
Croatia,0.0,0.0,11.55230041315655,0.0,False
Venezuela,9.0,0.0,11.54211607961091,0.0,False
Maldives,1.0,0.0,11.188928492714115,0.0,False
United_States_of_America.regions.Virginia:Norfolk city,0.0,0.0,11.164793854813219,0.0,False
Brazil.regions.AL:Campo Alegre,0.0,0.0,9.824304830668606,0.0,False
Brazil.regions.BA:Itaparica,0.0,0.0,7.07792357409162,0.0,False
Brazil.regions.GO:Cidade Ocidental,0.0,0.0,10.175722719279573,0.0,False
Brazil.regions.GO:Trindade,0.0,0.0,10.793048676761126,0.0,False
Brazil.regions.MG:Barbacena,0.0,0.0,10.84849071303518,0.0,False
Brazil.regions.MG:Congonhas,0.0,0.0,9.750670097488689,0.0,False
Brazil.regions.MG:Guaxupé,0.0,0.0,9.650602521238916,0.0,False
Brazil.regions.MG:Itaúna,0.0,0.0,10.503953655070102,0.0,False
Brazil.regions.MG:Lavras,0.0,0.0,10.613112083140612,0.0,False
Brazil.regions.PA:Salinópolis,0.0,0.0,9.118241278335475,0.0,False
Brazil.regions.PB:Montadas,0.0,0.0,6.063041500161065,0.0,False
Brazil.regions.PB:Puxinanã,0.0,0.0,4.266812357744712,0.0,False
Brazil.regions.PB:Santa Rita,1.0,0.0,10.112474962364658,0.0,False
Brazil.regions.PE:Barreiros,0.0,0.0,9.232582659946766,0.0,False
Brazil.regions.PE:Bom Jardim,0.0,0.0,9.0246918120631,0.0,False
Brazil.regions.PE:Goiana,0.0,0.0,10.322961155225512,0.0,False
Brazil.regions.PE:Ipojuca,0.0,0.0,10.537296059410835,0.0,False
Brazil.regions.PE:Palmares,0.0,0.0,9.995726210228359,0.0,False
Brazil.regions.PE:Timbaúba,0.0,0.0,9.690744297283876,0.0,False
Brazil.regions.PI:Água Branca,2.0,0.0,5.653732595855571,0.0,False
Brazil.regions.PR:Ibiporã,0.0,0.0,9.743842114584849,0.0,False
Brazil.regions.PR:Paranaguá,0.0,0.0,10.931326088673641,0.0,False
Brazil.regions.RS:Charqueadas,0.0,0.0,9.125112504312723,0.0,False
Brazil.regions.RS:Estrela,0.0,0.0,8.64557789040624,0.0,False
Brazil.regions.RS:Teutônia,0.0,0.0,8.567606068872154,0.0,False
Brazil.regions.SC:Biguaçu,0.0,0.0,10.116494828257085,0.0,False
Brazil.regions.SC:Gaspar,0.0,0.0,10.140776911283098,0.0,False
Brazil.regions.SE:Laranjeiras,1.0,0.0,4.871194969877538,0.0,False
Brazil.regions.SE:Maruim,0.0,0.0,5.767191338271806,0.0,False
Brazil.regions.SP:Cabreúva,0.0,0.0,9.564964794180119,0.0,False
Brazil.regions.SP:Campos do Jordão,0.0,0.0,9.656925894799862,0.0,False
Brazil.regions.SP:Cordeirópolis,0.0,0.0,7.499780623157101,0.0,False
Brazil.regions.SP:Engenheiro Coelho,0.0,0.0,6.762812704573689,0.0,False
Brazil.regions.SP:Mogi Guaçu,0.0,0.0,10.918374019369189,0.0,False
Brazil.regions.SP:Mogi Mirim,0.0,0.0,10.503665852801824,0.0,False
United_States_of_America.regions.Alabama:Madison,0.0,0.0,11.308591940581652,0.0,False
United_States_of_America.regions.Indiana:Johnson,2.0,0.0,9.680024471952077,0.0,False
United_States_of_America.regions.Michigan:Kalamazoo,2.0,0.0,10.44496028718239,0.0,False
United_States_of_America.regions.New Hampshire:Hillsborough,0.0,0.0,11.33696010086107,0.0,False
United_States_of_America.regions.New Jersey:Atlantic,2.0,0.0,10.438968009513037,0.0,False
United_States_of_America.regions.New York:Orange,0.0,0.0,11.31697313316137,0.0,False
United_States_of_America.regions.Ohio:Delaware,0.0,0.0,11.098689846316116,0.0,False
United_States_of_America.regions.Pennsylvania:Cumberland,2.0,0.0,10.39271472598458,0.0,False
United_States_of_America.regions.Texas:Cameron,0.0,0.0,11.340438321323122,0.0,False
Brazil.regions.AL:Cacimbinhas,0.0,1.0,2.366954651835682,9.209799226376866,False
Brazil.regions.AL:Flexeiras,0.0,0.0,3.7581455904877634,0.0,False
Brazil.regions.AL:Mar Vermelho,0.0,0.0,16.880844300501167,0.0,False
Brazil.regions.AL:Senador Rui Palmeira,0.0,0.0,4.3669485429565995,0.0,False
Brazil.regions.BA:Barra do Choça,1.0,0.0,5.248240762369116,0.0,False
Brazil.regions.BA:Cairu,0.0,0.0,6.074993314832266,0.0,False
Brazil.regions.BA:Camamu,0.0,0.0,8.745176123087393,0.0,False
Brazil.regions.BA:Ipecaetá,0.0,0.0,4.674013490278538,0.0,False
Brazil.regions.BA:Itacaré,0.0,0.0,8.042685458647945,0.0,False
Brazil.regions.BA:Itagi,0.0,0.0,3.48024347419668,0.0,False
Brazil.regions.BA:Jitaúna,0.0,0.0,2.620995325463131,0.0,False
Brazil.regions.BA:Santanópolis,0.0,0.0,0.39482387709435507,0.0,False
Brazil.regions.BA:Serrolândia,0.0,0.0,4.112396186191946,0.0,False
Brazil.regions.BA:Uruçuca,0.0,0.0,6.703222029681918,0.0,False
Brazil.regions.CE:Aracoiaba,0.0,0.0,7.798749420167288,0.0,False
Brazil.regions.CE:Barroquinha,0.0,0.0,4.91763421383218,0.0,False
Brazil.regions.CE:Bela Cruz,1.0,0.0,5.440090382155354,0.0,False
Brazil.regions.CE:Caririaçu,0.0,0.0,7.868242845392226,0.0,False
Brazil.regions.CE:Catarina,0.0,0.0,6.745369203364737,0.0,False
Brazil.regions.CE:Farias Brito,0.0,1.0,6.43536570340535,5.141388174807198,False
Brazil.regions.CE:Jaguaruana,0.0,0.0,8.609835023443226,0.0,False
Brazil.regions.CE:Nova Russas,0.0,0.0,8.483460139039076,0.0,False
Brazil.regions.CE:Quixadá,1.0,0.0,9.296980031778114,0.0,False
Brazil.regions.ES:Alegre,0.0,0.0,8.252727817848236,0.0,False
Brazil.regions.ES:Apiacá,0.0,0.0,1.6385229818376708,0.0,False
Brazil.regions.ES:Marilândia,0.0,0.0,3.7843436857400166,0.0,False
Brazil.regions.ES:São José do Calçado,0.0,0.0,2.1034685428582467,0.0,False
Brazil.regions.GO:Itumbiara,1.0,0.0,9.667300172917633,0.0,False
Brazil.regions.GO:Rialma,1.0,0.0,6.741619450235886,0.0,False
Brazil.regions.GO:São Luís de Montes Belos,0.0,0.0,8.619661291643663,0.0,False
Brazil.regions.MA:Davinópolis,0.0,0.0,3.8296203176299635,0.0,False
Brazil.regions.MA:Igarapé do Meio,1.0,0.0,2.530603108455999,0.0,False
Brazil.regions.MA:Lago da Pedra,0.0,1.0,9.58733757295651,1.9894163052560379,False
Brazil.regions.MA:Lago dos Rodrigues,0.0,0.0,0.30660849333708384,0.0,False
Brazil.regions.MA:Paraibano,0.0,0.0,6.90079764516289,0.0,False
Brazil.regions.MA:Pio XII,1.0,0.0,2.2679337711611165,0.0,False
Brazil.regions.MG:Alterosa,0.0,0.0,4.663992921486432,0.0,False
Brazil.regions.MG:Araguari,0.0,0.0,10.723999053752129,0.0,False
Brazil.regions.MG:Bom Despacho,0.0,0.0,9.600664558975318,0.0,False
Brazil.regions.MG:Brazópolis,0.0,0.0,4.660646263578064,0.0,False
Brazil.regions.MG:Camanducaia,1.0,0.0,2.3897993536374447,0.0,False
Brazil.regions.MG:Capelinha,0.0,0.0,8.930130969044647,0.0,False
Brazil.regions.MG:Guarará,0.0,0.0,14.766765615991877,0.0,False
Brazil.regions.MG:Itamogi,1.0,0.0,8.04648003073565,0.0,False
Brazil.regions.MG:Ituiutaba,0.0,0.0,10.621379419193335,0.0,False
Brazil.regions.MG:Mantena,0.0,0.0,7.959332376259141,0.0,False
Brazil.regions.MG:Maripá de Minas,0.0,0.0,22.059303975806962,0.0,False
Brazil.regions.MG:Paraopeba,6.0,0.0,16.948103497500576,0.0,False
Brazil.regions.MG:Piumhi,0.0,0.0,8.694161851462095,0.0,False
Brazil.regions.MG:Porto Firme,0.0,0.0,2.710719655320448,0.0,False
Brazil.regions.MG:Pratápolis,0.0,0.0,0.04709826638817205,0.0,False
Brazil.regions.MG:Rio Novo,0.0,0.0,0.4023209806820969,0.0,False
Brazil.regions.MG:São Gotardo,0.0,0.0,8.757390490465502,0.0,False
Brazil.regions.MG:São João do Manteninha,2.0,0.0,39.62652313151607,0.0,False
Brazil.regions.MG:Teófilo Otoni,0.0,0.0,10.865475853858388,0.0,False
Brazil.regions.MS:Mundo Novo,1.0,0.0,0.687066412242821,0.0,False
Brazil.regions.PA:Augusto Corrêa,0.0,0.0,9.40274631266622,0.0,False
Brazil.regions.PA:Cametá,0.0,1.0,10.851538126526421,0.7252157516861266,False
Brazil.regions.PA:Primavera,0.0,0.0,2.338878589528944,0.0,False
Brazil.regions.PA:São Caetano de Odivelas,0.0,0.0,6.036587673226399,0.0,False
Brazil.regions.PB:Caturité,0.0,0.0,9.033303829949036,0.0,False
Brazil.regions.PB:Coremas,0.0,0.0,5.10216663314942,0.0,False
Brazil.regions.PB:Gado Bravo,0.0,0.0,0.4482581467994766,0.0,False
Brazil.regions.PB:Gurinhém,0.0,0.0,4.49911214843691,0.0,False
Brazil.regions.PB:Jericó,0.0,0.0,1.3448122155980204,0.0,False
Brazil.regions.PB:Juazeirinho,0.0,0.0,6.073479429915811,0.0,False
Brazil.regions.PB:Junco do Seridó,0.0,0.0,2.4092601078014386,0.0,False
Brazil.regions.PB:São Vicente do Seridó,0.0,0.0,2.2960114188157963,0.0,False
Brazil.regions.PE:Araripina,0.0,0.0,10.392172390852032,0.0,False
Brazil.regions.PE:Ibirajuba,0.0,0.0,1.3065236275849266,0.0,False
Brazil.regions.PE:São José do Egito,0.0,0.0,8.6313325356895,0.0,False
Brazil.regions.PI:Altos,0.0,0.0,9.109080400767084,0.0,False
Brazil.regions.PI:Esperantina,0.0,0.0,9.060207586343509,0.0,False
Brazil.regions.PR:Floresta,1.0,0.0,17.9478992071137,0.0,False
Brazil.regions.PR:Ibema,0.0,0.0,4.166319169646394,0.0,False
Brazil.regions.PR:Imbaú,0.0,0.0,3.9495705969983,0.0,False
Brazil.regions.PR:Imbituva,0.0,0.0,8.505878064430458,0.0,False
Brazil.regions.PR:Lupionópolis,0.0,0.0,8.748449373819971,0.0,False
Brazil.regions.PR:Quitandinha,0.0,0.0,6.3271344756192365,0.0,False
Brazil.regions.PR:Rio Branco do Sul,0.0,0.0,8.490048319055836,0.0,False
Brazil.regions.PR:Santa Fé,0.0,1.0,3.26903600831141,8.307717869901138,False
Brazil.regions.RJ:Natividade,1.0,0.0,1.4806333386053652,0.0,False
Brazil.regions.RN:Coronel João Pessoa,0.0,0.0,8.781552310712533,0.0,False
Brazil.regions.RN:Ipanguaçu,0.0,0.0,5.121392700754669,0.0,False
Brazil.regions.RN:Macau,0.0,0.0,8.433483619835734,0.0,False
Brazil.regions.RN:Parelhas,0.0,0.0,6.9206100964925685,0.0,False
Brazil.regions.RN:Senador Elói de Souza,0.0,0.0,4.854399588760833,0.0,False
Brazil.regions.RN:Touros,0.0,0.0,8.572578073844475,0.0,False
Brazil.regions.RS:Arvorezinha,0.0,0.0,1.9835075236461623,0.0,False
Brazil.regions.RS:Camaquã,0.0,0.0,10.067570497339938,0.0,False
Brazil.regions.RS:Colinas,0.0,0.0,29.440473357226338,0.0,False
Brazil.regions.RS:Imigrante,7.0,0.0,244.83350253204387,0.0,False
Brazil.regions.RS:Santo Antônio da Patrulha,0.0,0.0,9.245425487295403,0.0,False
Brazil.regions.RS:Santo Cristo,0.0,0.0,4.5626555405538545,0.0,False
Brazil.regions.RS:São Domingos do Sul,0.0,0.0,20.95415048092864,0.0,False
Brazil.regions.SC:Agronômica,0.0,1.0,6.778605886838845,18.355359765051393,False
Brazil.regions.SC:Coronel Freitas,0.0,0.0,1.55771770949198,0.0,False
Brazil.regions.SC:Mafra,0.0,0.0,9.800302517450806,0.0,False
Brazil.regions.SC:Orleans,0.0,0.0,7.2122287385477435,0.0,False
Brazil.regions.SC:Porto União,3.0,0.0,0.27668042773511914,0.0,False
Brazil.regions.SC:Salete,1.0,0.0,14.594405504148087,0.0,False
Brazil.regions.SC:São Pedro de Alcântara,0.0,0.0,5.5965245006299735,0.0,False
Brazil.regions.SC:Treze Tílias,1.0,0.0,13.933450203420106,0.0,False
Brazil.regions.SE:Frei Paulo,0.0,0.0,5.092090108029033,0.0,False
Brazil.regions.SE:Pinhão,0.0,0.0,3.6300587738555787,0.0,False
Brazil.regions.SE:Santa Luzia do Itanhy,0.0,0.0,4.451709346684226,0.0,False
Brazil.regions.SP:Agudos,0.0,0.0,8.889593132256724,0.0,False
Brazil.regions.SP:Avanhandava,0.0,0.0,4.250209809049973,0.0,False
Brazil.regions.SP:Boracéia,0.0,0.0,9.157229119921395,0.0,False
Brazil.regions.SP:Caconde,0.0,0.0,6.309437575868592,0.0,False
Brazil.regions.SP:Cajuru,0.0,0.0,7.755146510153542,0.0,False
Brazil.regions.SP:Cerqueira César,0.0,0.0,6.573001063601589,0.0,False
Brazil.regions.SP:Conchas,0.0,0.0,5.988913019920192,0.0,False
Brazil.regions.SP:Dois Córregos,0.0,0.0,7.915761749345625,0.0,False
Brazil.regions.SP:Dourado,0.0,0.0,0.30660849333708384,0.0,False
Brazil.regions.SP:Elisiário,0.0,0.0,15.813002352956994,0.0,False
Brazil.regions.SP:Guapiara,0.0,0.0,5.748229077839523,0.0,False
Brazil.regions.SP:Ilha Solteira,0.0,0.0,7.829470658546806,0.0,False
Brazil.regions.SP:Ipeúna,0.0,0.0,1.6753001901680502,0.0,False
Brazil.regions.SP:Ipiguá,0.0,0.0,6.969240187069351,0.0,False
Brazil.regions.SP:Irapuru,2.0,0.0,24.593971947685688,0.0,False
Brazil.regions.SP:Itirapuã,0.0,0.0,3.8102287344971,0.0,False
Brazil.regions.SP:Itápolis,0.0,0.0,9.257644416245943,0.0,False
Brazil.regions.SP:José Bonifácio,0.0,0.0,8.875146421775968,0.0,False
Brazil.regions.SP:Lavrinhas,0.0,1.0,2.197350804983042,13.77410468319559,False
Brazil.regions.SP:Manduri,1.0,0.0,8.736063509559136,0.0,False
Brazil.regions.SP:Neves Paulista,1.0,0.0,10.819662695135717,0.0,False
Brazil.regions.SP:Nova Granada,1.0,0.0,2.2744282968172005,0.0,False
Brazil.regions.SP:Novo Horizonte,0.0,0.0,9.140818966393391,0.0,False
Brazil.regions.SP:Pacaembu,0.0,1.0,4.53301224265574,7.043741635556808,False
Brazil.regions.SP:Palmital,0.0,0.0,7.076506364599299,0.0,False
Brazil.regions.SP:Pedra Bela,0.0,0.0,4.835522504521736,0.0,False
Brazil.regions.SP:Pilar do Sul,0.0,0.0,8.150336197897317,0.0,False
Brazil.regions.SP:Sales Oliveira,1.0,0.0,5.244103985538503,0.0,False
Brazil.regions.SP:Salesópolis,0.0,1.0,5.742107749500255,5.8346461287122935,False
Brazil.regions.SP:Santa Cruz do Rio Pardo,1.0,0.0,7.381507092820398,0.0,False
Brazil.regions.SP:São Bento do Sapucaí,0.0,0.0,2.3838875424890684,0.0,False
Brazil.regions.SP:Tambaú,1.0,0.0,2.9586645086257857,0.0,False
Brazil.regions.SP:Terra Roxa,0.0,0.0,0.9043952869638812,0.0,False
Brazil.regions.SP:Uchoa,0.0,0.0,1.6855570433955354,0.0,False
Brazil.regions.SP:Urupês,0.0,0.0,4.33509988444037,0.0,False
Brazil.regions.TO:Colinas do Tocantins,1.0,0.0,5.930864085981293,0.0,False
Brazil.regions.TO:Paraíso do Tocantins,0.0,0.0,9.625610508197719,0.0,False
United_States_of_America.regions.Alabama:Cullman,0.0,0.0,10.382980599633616,0.0,False
United_States_of_America.regions.Alabama:Talladega,0.0,0.0,10.326410033655295,0.0,False
United_States_of_America.regions.Arkansas:Crawford,0.0,0.0,9.99590116625972,0.0,False
United_States_of_America.regions.California:Kings,0.0,0.0,10.922902694741905,0.0,False
United_States_of_America.regions.California:Nevada,0.0,0.0,10.574297860970304,0.0,False
United_States_of_America.regions.Florida:Highlands,0.0,0.0,10.635320451677305,0.0,False
United_States_of_America.regions.Florida:Putnam,0.0,0.0,10.234850253730858,0.0,False
United_States_of_America.regions.Georgia:Haralson,0.0,0.0,8.220148077997726,0.0,False
United_States_of_America.regions.Georgia:Lamar,0.0,0.0,6.33483953109298,0.0,False
United_States_of_America.regions.Georgia:Madison,0.0,0.0,8.230033664022454,0.0,False
United_States_of_America.regions.Illinois:Coles,0.0,0.0,9.601289150135267,0.0,False
United_States_of_America.regions.Indiana:Adams,0.0,0.0,8.781662059446301,0.0,False
United_States_of_America.regions.Indiana:Dubois,0.0,0.0,9.236806293038455,0.0,False
United_States_of_America.regions.Indiana:Fayette,0.0,0.0,7.24812432232994,0.0,False
United_States_of_America.regions.Indiana:LaGrange,1.0,0.0,6.528033728770431,0.0,False
United_States_of_America.regions.Indiana:Lawrence,0.0,0.0,9.372654252909484,0.0,False
United_States_of_America.regions.Indiana:Marshall,0.0,0.0,9.414965646987678,0.0,False
United_States_of_America.regions.Indiana:Shelby,0.0,0.0,9.341067857957233,0.0,False
United_States_of_America.regions.Indiana:Steuben,0.0,0.0,8.686079194741426,0.0,False
United_States_of_America.regions.Indiana:Whitley,0.0,0.0,8.63245991990375,0.0,False
United_States_of_America.regions.Kentucky:Calloway,0.0,0.0,9.012717058643819,0.0,False
United_States_of_America.regions.Kentucky:Greenup,0.0,0.0,8.727588683614565,0.0,False
United_States_of_America.regions.Kentucky:Henderson,0.0,0.0,9.364853856093548,0.0,False
United_States_of_America.regions.Kentucky:Marshall,0.0,0.0,8.361319794611262,0.0,False
United_States_of_America.regions.Kentucky:Nelson,0.0,0.0,9.41379668313544,0.0,False
United_States_of_America.regions.Kentucky:Spencer,0.0,0.0,6.409062286046768,0.0,False
United_States_of_America.regions.Louisiana:Lincoln,1.0,0.0,7.297946809623271,0.0,False
United_States_of_America.regions.Maine:Knox,0.0,0.0,9.062422187575919,0.0,False
United_States_of_America.regions.Maryland:Caroline,0.0,0.0,8.583279652025636,0.0,False
United_States_of_America.regions.Maryland:Worcester,0.0,0.0,9.663830165610207,0.0,False
United_States_of_America.regions.Michigan:Barry,0.0,0.0,9.952058508594352,0.0,False
United_States_of_America.regions.Michigan:Cass,0.0,0.0,9.645767337188738,0.0,False
United_States_of_America.regions.Michigan:Ionia,1.0,0.0,8.485420431530322,0.0,False
United_States_of_America.regions.Minnesota:Benton,0.0,0.0,9.131108350075397,0.0,False
United_States_of_America.regions.Mississippi:Hancock,0.0,0.0,9.477324922888396,0.0,False
United_States_of_America.regions.Mississippi:Lauderdale,2.0,0.0,7.529536340269884,0.0,False
United_States_of_America.regions.Mississippi:Oktibbeha,1.0,0.0,7.5434386947975405,0.0,False
United_States_of_America.regions.Missouri:Franklin,0.0,0.0,10.61491021628136,0.0,False
United_States_of_America.regions.Nebraska:Hall,0.0,0.0,9.946841730477312,0.0,False
United_States_of_America.regions.New Hampshire:Cheshire,0.0,0.0,10.262434367139406,0.0,False
United_States_of_America.regions.New York:Cayuga,1.0,0.0,8.964969507130224,0.0,False
United_States_of_America.regions.New York:Fulton,0.0,0.0,9.703498347425594,0.0,False
United_States_of_America.regions.New York:Madison,0.0,0.0,10.167131797892281,0.0,False
United_States_of_America.regions.New York:Orleans,1.0,0.0,6.620370055849344,0.0,False
United_States_of_America.regions.New York:Seneca,1.0,0.0,5.6971678010723785,0.0,False
United_States_of_America.regions.North Carolina:Chatham,0.0,0.0,10.233931265079743,0.0,False
United_States_of_America.regions.North Carolina:Currituck,0.0,0.0,7.974837658783812,0.0,False
United_States_of_America.regions.North Carolina:Edgecombe,0.0,0.0,9.633950023689701,0.0,False
United_States_of_America.regions.North Carolina:Granville,0.0,0.0,9.9223025769866,0.0,False
United_States_of_America.regions.North Carolina:Haywood,0.0,0.0,9.972055320836551,0.0,False
United_States_of_America.regions.North Carolina:McDowell,1.0,0.0,7.205742426162543,0.0,False
United_States_of_America.regions.North Carolina:Person,0.0,0.0,9.044467223363219,0.0,False
United_States_of_America.regions.North Carolina:Scotland,0.0,0.0,8.705088599517433,0.0,False
United_States_of_America.regions.North Carolina:Stokes,1.0,0.0,7.189923144076425,0.0,False
United_States_of_America.regions.North Carolina:Yadkin,0.0,0.0,8.921910115767968,0.0,False
United_States_of_America.regions.North Dakota:Cass,0.0,0.0,11.02707077052413,0.0,False
United_States_of_America.regions.Ohio:Auglaize,0.0,0.0,9.386461255118103,0.0,False
United_States_of_America.regions.Ohio:Clinton,0.0,0.0,9.193986055109232,0.0,False
United_States_of_America.regions.Ohio:Crawford,0.0,0.0,9.166766892142274,0.0,False
United_States_of_America.regions.Ohio:Fulton,1.0,0.0,6.829092101637511,0.0,False
United_States_of_America.regions.Ohio:Holmes,0.0,0.0,9.301958609786706,0.0,False
United_States_of_America.regions.Ohio:Logan,0.0,0.0,9.387228567299953,0.0,False
United_States_of_America.regions.Ohio:Ross,0.0,0.0,10.272394709871953,0.0,False
United_States_of_America.regions.Ohio:Seneca,0.0,0.0,9.764437375258472,0.0,False
United_States_of_America.regions.Oklahoma:Comanche,2.0,0.0,9.092261253014824,0.0,False
United_States_of_America.regions.Pennsylvania:Mifflin,1.0,0.0,7.241932256122297,0.0,False
United_States_of_America.regions.Pennsylvania:Pike,0.0,0.0,9.784928187015787,0.0,False
United_States_of_America.regions.South Dakota:Lincoln,0.0,0.0,9.940842348308085,0.0,False
United_States_of_America.regions.Tennessee:Bedford,0.0,0.0,9.565207602590478,0.0,False
United_States_of_America.regions.Tennessee:Dickson,1.0,0.0,7.8694802072701595,0.0,False
United_States_of_America.regions.Tennessee:Greene,0.0,0.0,10.128926343428493,0.0,False
United_States_of_America.regions.Tennessee:Rhea,0.0,0.0,8.561708803288678,0.0,False
United_States_of_America.regions.Texas:Angelina,0.0,0.0,10.423550856820633,0.0,False
United_States_of_America.regions.Texas:Bowie,0.0,0.0,10.504310315555033,0.0,False
United_States_of_America.regions.Texas:Victoria,2.0,0.0,8.318858912746235,0.0,False
United_States_of_America.regions.Texas:Waller,2.0,0.0,6.146496484012062,0.0,False
United_States_of_America.regions.Utah:Cache,1.0,0.0,10.017773763003918,0.0,False
United_States_of_America.regions.Virginia:Bedford,0.0,0.0,10.310883022357263,0.0,False
United_States_of_America.regions.Virginia:Campbell,0.0,0.0,9.7547624415723,0.0,False
United_States_of_America.regions.Virginia:Fauquier,3.0,0.0,5.9605117058500765,0.0,False
United_States_of_America.regions.Virginia:Mathews,0.0,0.0,0.2568534933359352,0.0,False
United_States_of_America.regions.Virginia:New Kent,0.0,0.0,7.246062266762199,0.0,False
United_States_of_America.regions.Virginia:Orange,0.0,0.0,8.877771394608867,0.0,False
United_States_of_America.regions.Virginia:Pulaski,0.0,0.0,8.63791119446141,0.0,False
United_States_of_America.regions.Washington:San Juan,0.0,0.0,5.889118796879367,0.0,False
United_States_of_America.regions.Washington:Whatcom,0.0,0.0,11.14054315353567,0.0,False
United_States_of_America.regions.West Virginia:Marshall,1.0,0.0,5.026034936808729,0.0,False
Brazil.regions.AL:Pindoba,0.0,0.0,22.81114158258525,0.0,False
Brazil.regions.AM:Iranduba,1.0,0.0,7.435624178030339,0.0,False
Brazil.regions.BA:Almadina,0.0,0.0,6.724856663515125,0.0,False
Brazil.regions.BA:Arataca,1.0,0.0,6.5737134963223465,0.0,False
Brazil.regions.BA:Canavieiras,0.0,0.0,8.361216401123253,0.0,False
Brazil.regions.BA:Cansanção,0.0,0.0,8.705995423828899,0.0,False
Brazil.regions.BA:Igrapiúna,1.0,0.0,3.544976047690975,0.0,False
Brazil.regions.BA:Itapicuru,1.0,0.0,5.954986394515673,0.0,False
Brazil.regions.BA:Itapitanga,0.0,0.0,1.8802543145550281,0.0,False
Brazil.regions.BA:Itiúba,0.0,1.0,8.805826448801925,2.7709274294106234,False
Brazil.regions.BA:Lajedo do Tabocal,0.0,0.0,0.10276025399955202,0.0,False
Brazil.regions.BA:Livramento de Nossa Senhora,0.0,0.0,9.390101206122983,0.0,False
Brazil.regions.BA:Luís Eduardo Magalhães,0.0,0.0,10.434144844745529,0.0,False
Brazil.regions.BA:Maraú,0.0,0.0,6.715305166496457,0.0,False
Brazil.regions.BA:Mucuri,0.0,0.0,9.181429551298685,0.0,False
Brazil.regions.BA:Piripá,0.0,0.0,2.237069559542519,0.0,False
Brazil.regions.BA:Piritiba,0.0,0.0,7.537165916184675,0.0,False
Brazil.regions.BA:Quixabeira,0.0,0.0,0.4309669856579337,0.0,False
Brazil.regions.BA:Santaluz,0.0,0.0,8.899234332319864,0.0,False
Brazil.regions.BA:Saúde,1.0,0.0,3.911513759052223,0.0,False
Brazil.regions.BA:Serra Preta,0.0,0.0,4.855420365643654,0.0,False
Brazil.regions.BA:Tucano,0.0,0.0,9.603861420580413,0.0,False
Brazil.regions.BA:Água Fria,0.0,1.0,5.684001963068176,5.892751915144372,False
Brazil.regions.CE:Acopiara,0.0,0.0,9.734115219653491,0.0,False
Brazil.regions.CE:Assaré,0.0,0.0,7.306352033398952,0.0,False
Brazil.regions.CE:Campos Sales,0.0,0.0,7.930578715957753,0.0,False
Brazil.regions.CE:Canindé,0.0,0.0,10.278001978787895,0.0,False
Brazil.regions.CE:Cariré,1.0,0.0,0.735470270233364,0.0,False
Brazil.regions.CE:Crateús,0.0,0.0,10.244734803699401,0.0,False
Brazil.regions.CE:Deputado Irapuan Pinheiro,0.0,0.0,1.1871434886021586,0.0,False
Brazil.regions.CE:Ipueiras,0.0,0.0,8.956620775450927,0.0,False
Brazil.regions.CE:Jati,2.0,0.0,25.41005416025373,0.0,False
Brazil.regions.CE:Morada Nova,0.0,0.0,9.960983963848353,0.0,False
Brazil.regions.CE:Moraújo,0.0,1.0,0.11412205794661467,11.462631820265933,False
Brazil.regions.CE:Palhano,0.0,0.0,0.92258809939303,0.0,False
Brazil.regions.CE:Paramoti,1.0,0.0,4.7818261970369225,0.0,False
Brazil.regions.CE:Quixeramobim,0.0,0.0,10.34343452249858,0.0,False
Brazil.regions.CE:Senador Pompeu,0.0,0.0,7.65457000623263,0.0,False
Brazil.regions.ES:Alfredo Chaves,0.0,0.0,4.727907908758402,0.0,False
Brazil.regions.ES:Divino de São Lourenço,0.0,0.0,11.657446865281875,0.0,False
Brazil.regions.ES:Laranja da Terra,0.0,0.0,2.4418310683102913,0.0,False
Brazil.regions.ES:Água Doce do Norte,2.0,0.0,15.648947183589796,0.0,False
Brazil.regions.ES:Águia Branca,0.0,0.0,1.205461615196576,0.0,False
Brazil.regions.GO:Anhanguera,0.0,0.0,75.4554480364959,0.0,False
Brazil.regions.GO:Anicuns,0.0,0.0,7.000094839310946,0.0,False
Brazil.regions.GO:Bela Vista de Goiás,0.0,0.0,8.240640450356,0.0,False
Brazil.regions.GO:Carmo do Rio Verde,0.0,0.0,1.658086947048096,0.0,False
Brazil.regions.GO:Caturaí,0.0,0.0,8.147111999499481,0.0,False
Brazil.regions.GO:Hidrolândia,0.0,0.0,6.969732778055909,0.0,False
Brazil.regions.GO:Itaguaru,0.0,0.0,7.518147783043895,0.0,False
Brazil.regions.GO:Jesúpolis,0.0,0.0,28.583888692068577,0.0,False
Brazil.regions.MA:Araioses,0.0,0.0,9.42343777140807,0.0,False
Brazil.regions.MA:Bernardo do Mearim,2.0,0.0,38.067462570571166,0.0,False
Brazil.regions.MA:Boa Vista do Gurupi,3.0,0.0,31.494205527408212,0.0,False
Brazil.regions.MA:Cajapió,0.0,0.0,2.629809259799737,0.0,False
Brazil.regions.MA:Campestre do Maranhão,3.0,0.0,16.25126894076616,0.0,False
Brazil.regions.MA:Chapadinha,0.0,0.0,10.321655039178975,0.0,False
Brazil.regions.MA:Conceição do Lago-Açu,0.0,0.0,5.417980705828487,0.0,False
Brazil.regions.MA:Cururupu,0.0,0.0,8.518182231171716,0.0,False
Brazil.regions.MA:Fortuna,1.0,0.0,1.2833284263142026,0.0,False
Brazil.regions.MA:Governador Archer,0.0,0.0,2.3516616272900386,0.0,False
Brazil.regions.MA:Governador Nunes Freire,0.0,0.0,7.666991200807066,0.0,False
Brazil.regions.MA:Graça Aranha,1.0,0.0,20.361923860529068,0.0,False
Brazil.regions.MA:Guimarães,0.0,0.0,3.2642019247628387,0.0,False
Brazil.regions.MA:Icatu,0.0,0.0,7.888486257513991,0.0,False
Brazil.regions.MA:Joselândia,0.0,0.0,5.391696975689044,0.0,False
Brazil.regions.MA:Maranhãozinho,4.0,0.0,19.16410071754521,0.0,False
Brazil.regions.MA:Mirinzal,0.0,0.0,4.893155428807389,0.0,False
Brazil.regions.MA:Porto Rico do Maranhão,1.0,0.0,21.89604946906779,0.0,False
Brazil.regions.MA:Santa Luzia do Paruá,1.0,0.0,3.65721637920249,0.0,False
Brazil.regions.MA:São José dos Basílios,0.0,0.0,1.5105383610231549,0.0,False
Brazil.regions.MA:Tufilândia,0.0,0.0,5.546533793020329,0.0,False
Brazil.regions.MA:Zé Doca,0.0,0.0,9.643041537260387,0.0,False
Brazil.regions.MG:Alto Rio Doce,0.0,0.0,2.485844787303458,0.0,False
Brazil.regions.MG:Belo Vale,0.0,0.0,1.3850089215282182,0.0,False
Brazil.regions.MG:Bonfim,0.0,0.0,2.9835256791549547,0.0,False
Brazil.regions.MG:Brasília de Minas,1.0,0.0,5.393800281279293,0.0,False
Brazil.regions.MG:Campos Altos,0.0,0.0,5.108866936876283,0.0,False
Brazil.regions.MG:Carmo da Cachoeira,0.0,0.0,3.3598270088616857,0.0,False
Brazil.regions.MG:Carmo do Paranaíba,1.0,0.0,4.982405234999781,0.0,False
Brazil.regions.MG:Catas Altas,0.0,0.0,7.024436597977926,0.0,False
Brazil.regions.MG:Chácara,0.0,0.0,20.12901657200939,0.0,False
Brazil.regions.MG:Conceição das Alagoas,0.0,0.0,7.991624992829118,0.0,False
Brazil.regions.MG:Curvelo,0.0,0.0,10.328766258249738,0.0,False
Brazil.regions.MG:Diogo de Vasconcelos,0.0,0.0,14.725192465816908,0.0,False
Brazil.regions.MG:Dionísio,4.0,0.0,53.11466803924119,0.0,False
Brazil.regions.MG:Frutal,0.0,0.0,9.895968615337733,0.0,False
Brazil.regions.MG:Guimarânia,0.0,0.0,0.8626042509079888,0.0,False
Brazil.regions.MG:Jeceaba,0.0,0.0,8.781552310712533,0.0,False
Brazil.regions.MG:Mamonas,0.0,0.0,3.7067552154753614,0.0,False
Brazil.regions.MG:Mutum,0.0,0.0,7.870167273816536,0.0,False
Brazil.regions.MG:Nazareno,0.0,0.0,0.04034649353466335,0.0,False
Brazil.regions.MG:Piracema,0.0,0.0,4.0263043211945355,0.0,False
Brazil.regions.MG:Porteirinha,0.0,0.0,8.938649092690467,0.0,False
Brazil.regions.MG:Santana de Cataguases,0.0,0.0,14.249692402779187,0.0,False
Brazil.regions.MG:Santo Antônio do Monte,1.0,0.0,4.495353177153879,0.0,False
Brazil.regions.MG:São Domingos do Prata,0.0,0.0,5.816053377031604,0.0,False
Brazil.regions.MG:São Francisco de Paula,1.0,0.0,19.065194949732906,0.0,False
Brazil.regions.MG:São José da Barra,0.0,0.0,1.8894459601930542,0.0,False
Brazil.regions.MG:São João da Mata,0.0,0.0,24.800110436083557,0.0,False
Brazil.regions.MG:São Tomás de Aquino,0.0,0.0,2.6662314515125622,0.0,False
Brazil.regions.MG:Varzelândia,0.0,0.0,6.400770441359546,0.0,False
Brazil.regions.MG:Wenceslau Braz,0.0,0.0,27.608199099843873,0.0,False
Brazil.regions.MS:Douradina,1.0,0.0,22.18421843779015,0.0,False
Brazil.regions.MT:Mirassol d'Oeste,0.0,0.0,7.971721252667287,0.0,False
Brazil.regions.PA:Inhangapi,0.0,0.0,3.0377734324777688,0.0,False
Brazil.regions.PA:Irituia,0.0,0.0,8.50455725762883,0.0,False
Brazil.regions.PA:Redenção,0.0,0.0,10.397327786948557,0.0,False
Brazil.regions.PA:Tailândia,0.0,0.0,10.636365121500523,0.0,False
Brazil.regions.PB:Barra de Santana,1.0,0.0,12.349553096305934,0.0,False
Brazil.regions.PB:Condado,1.0,0.0,18.480354627949154,0.0,False
Brazil.regions.PB:Ibiara,0.0,0.0,5.28949675427185,0.0,False
Brazil.regions.PB:Juru,0.0,0.0,1.4419611347241528,0.0,False
Brazil.regions.PB:Passagem,0.0,0.0,29.762642566599354,0.0,False
Brazil.regions.PB:Paulista,1.0,0.0,4.621512907241408,0.0,False
Brazil.regions.PB:São José da Lagoa Tapada,11.0,0.0,145.6971648635961,0.0,False
Brazil.regions.PB:Taperoá,0.0,1.0,5.073111838670404,6.503642039542144,False
Brazil.regions.PE:Bodocó,0.0,0.0,8.95524703607969,0.0,False
Brazil.regions.PE:Flores,0.0,0.0,7.156669012583128,0.0,False
Brazil.regions.PE:Itaíba,0.0,0.0,7.781543433793405,0.0,False
Brazil.regions.PE:Jataúba,0.0,0.0,5.745850088125084,0.0,False
Brazil.regions.PE:Pedra,0.0,0.0,7.155300988793084,0.0,False
Brazil.regions.PE:São José do Belmonte,0.0,0.0,8.632026412739478,0.0,False
Brazil.regions.PI:Cocal,0.0,0.0,7.977948681537844,0.0,False
Brazil.regions.PI:Jaicós,1.0,0.0,1.1077421529194158,0.0,False
Brazil.regions.PI:José de Freitas,0.0,0.0,9.026253980232545,0.0,False
Brazil.regions.PI:Miguel Alves,1.0,0.0,5.652583262098804,0.0,False
Brazil.regions.PI:Morro do Chapéu do Piauí,0.0,0.0,3.1377840852953973,0.0,False
Brazil.regions.PI:Nazária,0.0,0.0,0.09185755702665865,0.0,False
Brazil.regions.PI:Nossa Senhora dos Remédios,2.0,0.0,22.937742210144556,0.0,False
Brazil.regions.PI:Pedro II,0.0,1.0,8.995575828550683,2.5811780496618657,False
Brazil.regions.PI:São Julião,0.0,0.0,4.139103421803167,0.0,False
Brazil.regions.PR:Faxinal,0.0,0.0,5.779988473308484,0.0,False
Brazil.regions.PR:Itaúna do Sul,0.0,0.0,23.327260083393035,0.0,False
Brazil.regions.PR:Ivaí,0.0,0.0,4.3716238256150985,0.0,False
Brazil.regions.PR:Jaguariaíva,0.0,0.0,8.707889661555923,0.0,False
Brazil.regions.PR:Kaloré,0.0,0.0,12.813490024226477,0.0,False
Brazil.regions.PR:Lapa,0.0,0.0,9.500471254621825,0.0,False
Brazil.regions.PR:Manoel Ribas,0.0,0.0,4.170443701942366,0.0,False
Brazil.regions.PR:Marilândia do Sul,0.0,0.0,0.25941571614826486,0.0,False
Brazil.regions.PR:Marumbi,0.0,0.0,9.795334174790229,0.0,False
Brazil.regions.PR:Morretes,0.0,0.0,5.481422901740525,0.0,False
Brazil.regions.PR:Nova Aurora,0.0,0.0,2.0274796230559406,0.0,False
Brazil.regions.PR:Palmeira,0.0,0.0,8.624898637193567,0.0,False
Brazil.regions.PR:Prado Ferreira,0.0,0.0,15.068596508145033,0.0,False
Brazil.regions.PR:Salto do Itararé,0.0,0.0,8.686670640531117,0.0,False
Brazil.regions.PR:Santa Isabel do Ivaí,0.0,0.0,0.10276025399955202,0.0,False
Brazil.regions.PR:São Manoel do Paraná,0.0,0.0,34.71954241808375,0.0,False
Brazil.regions.PR:Terra Rica,0.0,0.0,5.620472980005388,0.0,False
Brazil.regions.PR:Tijucas do Sul,0.0,0.0,5.648368770315939,0.0,False
Brazil.regions.PR:Três Barras do Paraná,0.0,0.0,3.271106037680987,0.0,False
Brazil.regions.PR:Verê,0.0,0.0,2.203044936724755,0.0,False
Brazil.regions.PR:Vitorino,0.0,0.0,3.047405232638578,0.0,False
Brazil.regions.RJ:Cardoso Moreira,0.0,0.0,3.7782667847086886,0.0,False
Brazil.regions.RJ:Rio Claro,7.0,0.0,31.59880875333799,0.0,False
Brazil.regions.RJ:Silva Jardim,0.0,0.0,6.984120462211813,0.0,False
Brazil.regions.RJ:São Sebastião do Alto,0.0,0.0,0.8895678143031756,0.0,False
Brazil.regions.RN:Apodi,0.0,0.0,8.786964507310051,0.0,False
Brazil.regions.RN:Carnaubais,0.0,0.0,2.2822097756007818,0.0,False
Brazil.regions.RN:Felipe Guerra,0.0,0.0,5.131683882856793,0.0,False
Brazil.regions.RN:Parazinho,0.0,0.0,7.518147783043895,0.0,False
Brazil.regions.RN:Santa Maria,0.0,0.0,6.43801823492022,0.0,False
Brazil.regions.RN:Taboleiro Grande,0.0,0.0,27.3944074623954,0.0,False
Brazil.regions.RN:Tibau,0.0,0.0,12.777849141758226,0.0,False
Brazil.regions.RO:Ariquemes,1.0,0.0,9.72254993432076,0.0,False
Brazil.regions.RO:Cacoal,0.0,0.0,10.405231250252989,0.0,False
Brazil.regions.RS:Ajuricaba,0.0,0.0,2.660148171901346,0.0,False
Brazil.regions.RS:Anta Gorda,0.0,0.0,5.1428582267866165,0.0,False
Brazil.regions.RS:Barão de Cotegipe,3.0,0.0,48.818837243635556,0.0,False
Brazil.regions.RS:Cachoeira do Sul,0.0,0.0,10.36022366568472,0.0,False
Brazil.regions.RS:Canudos do Vale,1.0,0.0,104.97336267190401,0.0,False
Brazil.regions.RS:Glorinha,0.0,0.0,0.7719742027951071,0.0,False
Brazil.regions.RS:Lagoa Vermelha,0.0,0.0,7.980537098265053,0.0,False
Brazil.regions.RS:Maximiliano de Almeida,2.0,0.0,56.96334207792179,0.0,False
Brazil.regions.RS:Mormaço,1.0,0.0,53.25306783977772,0.0,False
Brazil.regions.RS:Nonoai,1.0,0.0,5.524571474502286,0.0,False
Brazil.regions.RS:Nova Palma,0.0,0.0,3.7795114780528074,0.0,False
Brazil.regions.RS:Paim Filho,2.0,0.0,66.7931520779003,0.0,False
Brazil.regions.RS:Palmeira das Missões,1.0,0.0,5.571288905087004,0.0,False
Brazil.regions.RS:Paraíso do Sul,0.0,0.0,1.5621240616113905,0.0,False
Brazil.regions.RS:Progresso,1.0,0.0,20.453995641326202,0.0,False
Brazil.regions.RS:Ronda Alta,0.0,0.0,2.1436815265476117,0.0,False
Brazil.regions.RS:Soledade,0.0,0.0,8.351155529718902,0.0,False
Brazil.regions.RS:São Jorge,0.0,0.0,23.8340109943087,0.0,False
Brazil.regions.RS:São Lourenço do Sul,0.0,0.0,9.282228615489405,0.0,False
Brazil.regions.RS:São Luiz Gonzaga,0.0,0.0,8.588825110434371,0.0,False
Brazil.regions.RS:São Valentim do Sul,0.0,0.0,33.026279128031874,0.0,False
Brazil.regions.RS:São Valério do Sul,0.0,0.0,25.09357982182412,0.0,False
Brazil.regions.RS:Trindade do Sul,0.0,0.0,5.6586821783196815,0.0,False
Brazil.regions.RS:Três Palmeiras,0.0,0.0,11.836966561965395,0.0,False
Brazil.regions.RS:Tunas,0.0,1.0,10.309873392525033,21.88662727073758,False
Brazil.regions.RS:Vila Maria,0.0,0.0,11.36955176657864,0.0,False
Brazil.regions.RS:Áurea,0.0,0.0,16.56055619494446,0.0,False
Brazil.regions.SC:Anchieta,2.0,0.0,41.63360440486655,0.0,False
Brazil.regions.SC:Arvoredo,0.0,0.0,33.06610326464459,0.0,False
Brazil.regions.SC:Campo Alegre,0.0,0.0,3.2281147063975535,0.0,False
Brazil.regions.SC:Campos Novos,0.0,0.0,8.817676513683246,0.0,False
Brazil.regions.SC:Guatambú,0.0,0.0,9.681749523147994,0.0,False
Brazil.regions.SC:Ibicaré,0.0,0.0,19.65372707119407,0.0,False
Brazil.regions.SC:Irati,0.0,0.0,40.23671762437812,0.0,False
Brazil.regions.SC:Jaborá,0.0,0.0,13.829750186828106,0.0,False
Brazil.regions.SC:Jacinto Machado,0.0,0.0,1.9761394388884312,0.0,False
Brazil.regions.SC:Lindóia do Sul,1.0,0.0,32.25405918336975,0.0,False
Brazil.regions.SC:Palma Sola,0.0,0.0,1.8948883149708013,0.0,False
Brazil.regions.SC:Pedras Grandes,0.0,1.0,13.574151554383027,25.150905432595575,False
Brazil.regions.SC:Ponte Serrada,0.0,0.0,2.9508589416128768,0.0,False
Brazil.regions.SC:Presidente Castello Branco,1.0,0.0,115.97426652995071,0.0,False
Brazil.regions.SC:São João do Itaperiú,0.0,0.0,15.211352202687534,0.0,False
Brazil.regions.SC:Tangará,0.0,0.0,0.050705007765337484,0.0,False
Brazil.regions.SC:Treviso,0.0,0.0,13.87501501972586,0.0,False
Brazil.regions.SE:Graccho Cardoso,0.0,0.0,5.611283247947645,0.0,False
Brazil.regions.SP:Américo de Campos,0.0,0.0,5.176471117599148,0.0,False
Brazil.regions.SP:Angatuba,0.0,1.0,7.612904187392823,3.9638496908197243,False
Brazil.regions.SP:Apiaí,0.0,0.0,7.4740214584209665,0.0,False
Brazil.regions.SP:Arandu,2.0,0.0,35.615317853736485,0.0,False
Brazil.regions.SP:Brotas,0.0,0.0,7.47889705732987,0.0,False
Brazil.regions.SP:Coroados,0.0,0.0,4.930344173949882,0.0,False
Brazil.regions.SP:General Salgado,0.0,0.0,2.376275453334454,0.0,False
Brazil.regions.SP:Guarani d'Oeste,0.0,0.0,38.42324612178745,0.0,False
Brazil.regions.SP:Guzolândia,0.0,0.0,7.40938623950152,0.0,False
Brazil.regions.SP:Iacanga,0.0,0.0,3.037044228340644,0.0,False
Brazil.regions.SP:Itaí,0.0,0.0,7.890117933512087,0.0,False
Brazil.regions.SP:Jaborandi,0.0,0.0,2.8553431054791805,0.0,False
Brazil.regions.SP:Juquiá,0.0,0.0,6.260997977723499,0.0,False
Brazil.regions.SP:Lavínia,1.0,0.0,5.117736939817503,0.0,False
Brazil.regions.SP:Luís Antônio,0.0,0.0,4.886448131239911,0.0,False
Brazil.regions.SP:Martinópolis,0.0,0.0,7.797607209530337,0.0,False
Brazil.regions.SP:Monções,0.0,0.0,32.69062106645323,0.0,False
Brazil.regions.SP:Morro Agudo,1.0,0.0,5.51026516188156,0.0,False
Brazil.regions.SP:Nova Campina,0.0,0.0,1.3256006234713897,0.0,False
Brazil.regions.SP:Nuporanga,0.0,0.0,1.8785744317982154,0.0,False
Brazil.regions.SP:Paraibuna,0.0,0.0,6.088882074897874,0.0,False
Brazil.regions.SP:Parisi,0.0,0.0,34.6981188658874,0.0,False
Brazil.regions.SP:Patrocínio Paulista,0.0,0.0,4.7601212947087985,0.0,False
Brazil.regions.SP:Quatá,1.0,0.0,2.5985951897582513,0.0,False
Brazil.regions.SP:Quintana,0.0,0.0,3.488024669542799,0.0,False
Brazil.regions.SP:Reginópolis,0.0,0.0,1.1828239333003765,0.0,False
Brazil.regions.SP:Ribeirão Branco,0.0,0.0,5.495508439146628,0.0,False
Brazil.regions.SP:Ribeirão Grande,0.0,0.0,1.455958229177,0.0,False
Brazil.regions.SP:Rosana,3.0,0.0,12.457374584204084,0.0,False
Brazil.regions.SP:Sales,0.0,0.0,4.218539124472651,0.0,False
Brazil.regions.SP:Santa Maria da Serra,0.0,0.0,4.622824932738366,0.0,False
Brazil.regions.SP:Santo Antônio da Alegria,0.0,1.0,2.8553431054791805,14.432096983691729,False
Brazil.regions.SP:Taquarivaí,0.0,0.0,5.511421104699279,0.0,False
Brazil.regions.SP:União Paulista,0.0,0.0,42.653181045865544,0.0,False
Brazil.regions.TO:Esperantina,1.0,0.0,6.611678278935505,0.0,False
Brazil.regions.TO:Sampaio,0.0,0.0,9.650161850932006,0.0,False
Brazil.regions.TO:Tocantinópolis,0.0,0.0,7.204213432213423,0.0,False
United_States_of_America.regions.Alabama:Chambers,0.0,0.0,8.569596844472246,0.0,False
United_States_of_America.regions.Alabama:Chilton,0.0,0.0,9.325921070073537,0.0,False
United_States_of_America.regions.Alabama:Tallapoosa,0.0,0.0,9.099482839988255,0.0,False
United_States_of_America.regions.Arkansas:Boone,0.0,0.0,8.905242871587202,0.0,False
United_States_of_America.regions.Arkansas:Hot Spring,0.0,0.0,8.615633390219891,0.0,False
United_States_of_America.regions.California:Amador,0.0,0.0,9.061157178675419,0.0,False
United_States_of_America.regions.Florida:DeSoto,0.0,0.0,8.945244181099314,0.0,False
United_States_of_America.regions.Florida:Okeechobee,0.0,0.0,9.205287363319739,0.0,False
United_States_of_America.regions.Florida:Suwannee,0.0,0.0,9.32536364474338,0.0,False
United_States_of_America.regions.Florida:Union,0.0,0.0,5.0137821646206335,0.0,False
United_States_of_America.regions.Florida:Wakulla,0.0,0.0,8.61282489395101,0.0,False
United_States_of_America.regions.Georgia:Bleckley,0.0,0.0,3.808556876736591,0.0,False
United_States_of_America.regions.Georgia:Evans,0.0,0.0,2.190607829780035,0.0,False
United_States_of_America.regions.Georgia:Grady,0.0,0.0,7.51715902577882,0.0,False
United_States_of_America.regions.Georgia:Lanier,0.0,0.0,1.9825871315944923,0.0,False
United_States_of_America.regions.Georgia:Laurens,1.0,0.0,7.370301179773143,0.0,False
United_States_of_America.regions.Georgia:Morgan,0.0,0.0,6.388955579810389,0.0,False
United_States_of_America.regions.Georgia:Pierce,0.0,0.0,6.439327728713447,0.0,False
United_States_of_America.regions.Georgia:Putnam,0.0,0.0,7.055753833002548,0.0,False
United_States_of_America.regions.Georgia:Sumter,1.0,0.0,4.802604034017994,0.0,False
United_States_of_America.regions.Idaho:Bonneville,0.0,0.0,10.73685533795621,0.0,False
United_States_of_America.regions.Idaho:Payette,0.0,0.0,7.401562863223613,0.0,False
United_States_of_America.regions.Illinois:Henry,0.0,0.0,9.532307616482537,0.0,False
United_States_of_America.regions.Illinois:Jefferson,0.0,0.0,8.923107768457745,0.0,False
United_States_of_America.regions.Illinois:Jersey,0.0,0.0,6.983909529707519,0.0,False
United_States_of_America.regions.Illinois:Marion,1.0,0.0,6.201132321970107,0.0,False
United_States_of_America.regions.Illinois:Massac,0.0,0.0,4.315644380681325,0.0,False
United_States_of_America.regions.Illinois:Morgan,0.0,0.0,8.605692020704675,0.0,False
United_States_of_America.regions.Illinois:Ogle,0.0,0.0,9.602147318569557,0.0,False
United_States_of_America.regions.Illinois:Randolph,1.0,0.0,5.283883700124322,0.0,False
United_States_of_America.regions.Illinois:Saline,0.0,0.0,7.319804408202757,0.0,False
United_States_of_America.regions.Indiana:Franklin,1.0,0.0,2.7886354143756567,0.0,False
United_States_of_America.regions.Indiana:Greene,0.0,0.0,8.444118078450629,0.0,False
United_States_of_America.regions.Indiana:Jasper,0.0,0.0,8.597193661300565,0.0,False
United_States_of_America.regions.Indiana:Posey,0.0,0.0,7.64392656865971,0.0,False
United_States_of_America.regions.Indiana:Randolph,0.0,0.0,7.522425883077742,0.0,False
United_States_of_America.regions.Indiana:Ripley,0.0,0.0,8.04617910063876,0.0,False
United_States_of_America.regions.Indiana:Tipton,0.0,0.0,4.975222322891714,0.0,False
United_States_of_America.regions.Indiana:Vermillion,0.0,0.0,5.124308401376828,0.0,False
United_States_of_America.regions.Indiana:Washington,0.0,0.0,8.009911247309423,0.0,False
United_States_of_America.regions.Iowa:Bremer,0.0,0.0,7.586649337473581,0.0,False
United_States_of_America.regions.Iowa:Clinton,0.0,0.0,9.422927605839678,0.0,False
United_States_of_America.regions.Iowa:Lee,0.0,0.0,8.605603745996367,0.0,False
United_States_of_America.regions.Iowa:Marion,0.0,0.0,8.569506411818539,0.0,False
United_States_of_America.regions.Kansas:Crawford,0.0,0.0,9.000629399877756,0.0,False
United_States_of_America.regions.Kansas:Harvey,0.0,0.0,8.672225718812042,0.0,False
United_States_of_America.regions.Kansas:Miami,0.0,0.0,8.655937217874317,0.0,False
United_States_of_America.regions.Kentucky:Allen,0.0,0.0,6.885222093084704,0.0,False
United_States_of_America.regions.Kentucky:Carter,0.0,0.0,7.8449928601881425,0.0,False
United_States_of_America.regions.Kentucky:Graves,0.0,0.0,8.893342725955799,0.0,False
United_States_of_America.regions.Kentucky:Harlan,0.0,0.0,7.732078753260606,0.0,False
United_States_of_America.regions.Kentucky:Harrison,0.0,0.0,6.281826418718744,0.0,False
United_States_of_America.regions.Kentucky:Henry,0.0,0.0,5.375588059038543,0.0,False
United_States_of_America.regions.Kentucky:Larue,0.0,0.0,4.631344793617465,0.0,False
United_States_of_America.regions.Kentucky:Letcher,0.0,0.0,6.9370285499519815,0.0,False
United_States_of_America.regions.Kentucky:Marion,0.0,0.0,6.388148056596816,0.0,False
United_States_of_America.regions.Kentucky:Muhlenberg,1.0,0.0,5.045501837196285,0.0,False
United_States_of_America.regions.Kentucky:Trimble,0.0,0.0,0.22822782406581332,0.0,False
United_States_of_America.regions.Louisiana:Assumption,0.0,0.0,7.008666536382572,0.0,False
United_States_of_America.regions.Louisiana:Webster,0.0,0.0,8.968511833350785,0.0,False
United_States_of_America.regions.Maine:Waldo,0.0,0.0,9.058813553398245,0.0,False
United_States_of_America.regions.Maryland:Dorchester,0.0,0.0,8.444804866342462,0.0,False
United_States_of_America.regions.Michigan:Benzie,1.0,0.0,0.31929581224384407,0.0,False
United_States_of_America.regions.Michigan:Charlevoix,0.0,0.0,7.751638168462328,0.0,False
United_States_of_America.regions.Michigan:Clare,0.0,0.0,8.34573610761481,0.0,False
United_States_of_America.regions.Michigan:Leelanau,0.0,0.0,6.981376827525539,0.0,False
United_States_of_America.regions.Michigan:Mason,0.0,0.0,8.145515887545516,0.0,False
United_States_of_America.regions.Michigan:Newaygo,0.0,0.0,9.53510422529299,0.0,False
United_States_of_America.regions.Michigan:Tuscola,0.0,0.0,9.662695116608568,0.0,False
United_States_of_America.regions.Michigan:Wexford,0.0,0.0,8.603306760969527,0.0,False
United_States_of_America.regions.Minnesota:Clay,0.0,0.0,10.019655064721844,0.0,False
United_States_of_America.regions.Minnesota:Crow Wing,0.0,0.0,10.039593014328142,0.0,False
United_States_of_America.regions.Minnesota:Douglas,0.0,0.0,8.954903376128177,0.0,False
United_States_of_America.regions.Minnesota:Goodhue,0.0,0.0,9.418790995174136,0.0,False
United_States_of_America.regions.Minnesota:Le Sueur,0.0,0.0,8.114989070513584,0.0,False
United_States_of_America.regions.Minnesota:Mower,0.0,0.0,9.080622881257828,0.0,False
United_States_of_America.regions.Mississippi:Adams,0.0,0.0,8.318682005147028,0.0,False
United_States_of_America.regions.Mississippi:Lincoln,0.0,0.0,8.648753409732473,0.0,False
United_States_of_America.regions.Mississippi:Pearl River,0.0,0.0,9.776087631701339,0.0,False
United_States_of_America.regions.Mississippi:Pontotoc,0.0,0.0,8.46865417037392,0.0,False
United_States_of_America.regions.Mississippi:Prentiss,0.0,0.0,7.596812781340782,0.0,False
United_States_of_America.regions.Mississippi:Washington,0.0,0.0,9.299316450805867,0.0,False
United_States_of_America.regions.Missouri:Butler,0.0,0.0,9.222594077845299,0.0,False
United_States_of_America.regions.Missouri:Dunklin,0.0,0.0,8.143984663286869,0.0,False
United_States_of_America.regions.Missouri:Johnson,0.0,0.0,9.727025788241773,0.0,False
United_States_of_America.regions.Missouri:Lawrence,0.0,0.0,8.969531873258827,0.0,False
United_States_of_America.regions.Missouri:Marion,0.0,0.0,8.071671508776866,0.0,False
United_States_of_America.regions.Missouri:Pettis,0.0,0.0,9.214865312115096,0.0,False
United_States_of_America.regions.Missouri:Phelps,0.0,0.0,9.333243232754535,0.0,False
United_States_of_America.regions.Missouri:Webster,0.0,0.0,9.05099109785288,0.0,False
United_States_of_America.regions.Nebraska:Adams,0.0,0.0,8.38828338750694,0.0,False
United_States_of_America.regions.Nebraska:Madison,0.0,0.0,8.727669858724813,0.0,False
United_States_of_America.regions.New Hampshire:Grafton,0.0,0.0,10.46423357471701,0.0,False
United_States_of_America.regions.New York:Cattaraugus,0.0,0.0,10.262986914196626,0.0,False
United_States_of_America.regions.New York:Otsego,0.0,0.0,9.895883859891065,0.0,False
United_States_of_America.regions.New York:Steuben,1.0,0.0,9.479856238270841,0.0,False
United_States_of_America.regions.New York:Wyoming,0.0,0.0,9.067910204261873,0.0,False
United_States_of_America.regions.North Carolina:Ashe,0.0,0.0,7.900688738338269,0.0,False
United_States_of_America.regions.North Carolina:Beaufort,1.0,0.0,7.3208914276869494,0.0,False
United_States_of_America.regions.North Carolina:Cherokee,3.0,0.0,2.4033943113582623,0.0,False
United_States_of_America.regions.North Carolina:Columbus,0.0,0.0,9.77521175815778,0.0,False
United_States_of_America.regions.North Carolina:Montgomery,0.0,0.0,7.896630226057836,0.0,False
United_States_of_America.regions.North Carolina:Perquimans,0.0,0.0,4.14898889269669,0.0,False
United_States_of_America.regions.North Carolina:Sampson,0.0,0.0,10.002719155006554,0.0,False
United_States_of_America.regions.North Carolina:Yancey,0.0,0.0,6.042413294893051,0.0,False
United_States_of_America.regions.North Dakota:Burleigh,1.0,0.0,9.485272481939568,0.0,False
United_States_of_America.regions.Ohio:Coshocton,1.0,0.0,6.112273003895608,0.0,False
United_States_of_America.regions.Ohio:Gallia,0.0,0.0,8.23204854675225,0.0,False
United_States_of_America.regions.Ohio:Hardin,0.0,0.0,8.388486701423133,0.0,False
United_States_of_America.regions.Ohio:Henry,0.0,0.0,7.87387303691802,0.0,False
United_States_of_America.regions.Ohio:Hocking,1.0,0.0,4.500614619791943,0.0,False
United_States_of_America.regions.Ohio:Pike,0.0,0.0,7.976004922429745,0.0,False
United_States_of_America.regions.Oklahoma:Carter,0.0,0.0,9.498227137966035,0.0,False
United_States_of_America.regions.Oklahoma:Cherokee,0.0,0.0,9.52155113246168,0.0,False
United_States_of_America.regions.Oklahoma:Delaware,0.0,0.0,9.251659130601583,0.0,False
United_States_of_America.regions.Oklahoma:Garfield,1.0,0.0,8.301072536493471,0.0,False
United_States_of_America.regions.Oklahoma:Logan,0.0,0.0,9.49389786604867,0.0,False
United_States_of_America.regions.Oklahoma:Mayes,0.0,0.0,9.143663853881648,0.0,False
United_States_of_America.regions.Oklahoma:Okmulgee,1.0,0.0,6.377221836096338,0.0,False
United_States_of_America.regions.Oklahoma:Ottawa,0.0,0.0,8.36410890760825,0.0,False
United_States_of_America.regions.Oklahoma:Sequoyah,0.0,0.0,9.17111506082459,0.0,False
United_States_of_America.regions.Oregon:Josephine,0.0,0.0,10.433726914206467,0.0,False
United_States_of_America.regions.Pennsylvania:Clarion,0.0,0.0,8.97516170380181,0.0,False
United_States_of_America.regions.Pennsylvania:Greene,1.0,0.0,6.0569238889762165,0.0,False
United_States_of_America.regions.Pennsylvania:Jefferson,0.0,0.0,9.273932922541851,0.0,False
United_States_of_America.regions.Pennsylvania:Juniata,0.0,0.0,7.538470956111025,0.0,False
United_States_of_America.regions.South Carolina:Chester,0.0,0.0,8.475401688657902,0.0,False
United_States_of_America.regions.South Carolina:Chesterfield,0.0,0.0,9.386173374379032,0.0,False
United_States_of_America.regions.South Carolina:Clarendon,0.0,0.0,8.613351892733217,0.0,False
United_States_of_America.regions.South Carolina:Edgefield,0.0,0.0,7.908375301543436,0.0,False
United_States_of_America.regions.South Carolina:Marion,0.0,0.0,8.314856106088726,0.0,False
United_States_of_America.regions.South Carolina:Marlboro,0.0,0.0,7.747976789614646,0.0,False
United_States_of_America.regions.South Carolina:Newberry,0.0,0.0,8.97529706239569,0.0,False
United_States_of_America.regions.Tennessee:Cannon,0.0,0.0,4.763836587028464,0.0,False
United_States_of_America.regions.Tennessee:Chester,0.0,0.0,5.795404511270304,0.0,False
United_States_of_America.regions.Tennessee:Fayette,0.0,0.0,9.145615862507396,0.0,False
United_States_of_America.regions.Tennessee:Henderson,0.0,0.0,8.020186676875278,0.0,False
United_States_of_America.regions.Tennessee:Henry,0.0,0.0,8.4850859233509,0.0,False
United_States_of_America.regions.Tennessee:Johnson,0.0,0.0,5.954986394515673,0.0,False
United_States_of_America.regions.Tennessee:Lauderdale,0.0,0.0,7.675532796013821,0.0,False
United_States_of_America.regions.Tennessee:Lincoln,0.0,0.0,8.666901116762277,0.0,False
United_States_of_America.regions.Tennessee:Marion,0.0,0.0,8.117384175372406,0.0,False
United_States_of_America.regions.Tennessee:Meigs,0.0,0.0,3.526520421442301,0.0,False
United_States_of_America.regions.Tennessee:Obion,0.0,0.0,8.251069618676148,0.0,False
United_States_of_America.regions.Tennessee:Sequatchie,0.0,0.0,4.9216227721297585,0.0,False
United_States_of_America.regions.Tennessee:Smith,0.0,0.0,6.6156981655568945,0.0,False
United_States_of_America.regions.Tennessee:Weakley,0.0,0.0,8.576273801400259,0.0,False
United_States_of_America.regions.Texas:Hardin,1.0,0.0,8.104652215075852,0.0,False
United_States_of_America.regions.Texas:Rains,0.0,0.0,3.585703854239398,0.0,False
United_States_of_America.regions.Texas:Rusk,0.0,0.0,9.738721308275409,0.0,False
United_States_of_America.regions.Texas:Van Zandt,0.0,0.0,9.809657218025237,0.0,False
United_States_of_America.regions.Texas:Washington,4.0,0.0,2.3578094125739177,0.0,False
United_States_of_America.regions.Texas:Wilson,0.0,0.0,9.618657148234087,0.0,False
United_States_of_America.regions.Vermont:Lamoille,3.0,0.0,4.194872965096339,0.0,False
United_States_of_America.regions.Vermont:Rutland,0.0,0.0,9.858275075648578,0.0,False
United_States_of_America.regions.Vermont:Windsor,1.0,0.0,7.944484799719214,0.0,False
United_States_of_America.regions.Virginia:Amherst,0.0,0.0,8.412697558010048,0.0,False
United_States_of_America.regions.Virginia:Botetourt,0.0,0.0,8.58444411430579,0.0,False
United_States_of_America.regions.Virginia:Caroline,0.0,0.0,8.322075277724347,0.0,False
United_States_of_America.regions.Virginia:Carroll,0.0,0.0,8.220035406190796,0.0,False
United_States_of_America.regions.Virginia:Dinwiddie,0.0,0.0,8.073390649512996,0.0,False
United_States_of_America.regions.Virginia:King William,0.0,0.0,5.745170020036667,0.0,False
United_States_of_America.regions.Virginia:Northampton,0.0,0.0,3.037044228340644,0.0,False
United_States_of_America.regions.Virginia:Northumberland,1.0,0.0,4.9590046997122155,0.0,False
United_States_of_America.regions.Virginia:Pittsylvania,0.0,0.0,9.919862868503166,0.0,False
United_States_of_America.regions.Virginia:Prince Edward,0.0,0.0,7.191173665950466,0.0,False
United_States_of_America.regions.Virginia:Russell,0.0,0.0,7.815375709251441,0.0,False
United_States_of_America.regions.Virginia:Smyth,0.0,0.0,8.25493617956785,0.0,False
United_States_of_America.regions.Virginia:Wythe,0.0,0.0,8.090489758842864,0.0,False
United_States_of_America.regions.West Virginia:Fayette,0.0,0.0,9.218597013617915,0.0,False
United_States_of_America.regions.West Virginia:Jackson,0.0,0.0,8.077313788626881,0.0,False
United_States_of_America.regions.West Virginia:Mason,0.0,0.0,7.805445988636443,0.0,False
United_States_of_America.regions.West Virginia:Mingo,0.0,0.0,7.307628195152438,0.0,False
United_States_of_America.regions.West Virginia:Pleasants,0.0,0.0,1.8280718590528693,0.0,False
United_States_of_America.regions.Wisconsin:Chippewa,0.0,0.0,10.030154849476737,0.0,False
United_States_of_America.regions.Wisconsin:Door,0.0,0.0,7.962470229231776,0.0,False
United_States_of_America.regions.Wisconsin:Green,0.0,0.0,8.871126172584843,0.0,False
United_States_of_America.regions.Wisconsin:Kewaunee,0.0,0.0,6.682949434638113,0.0,False
United_States_of_America.regions.Wisconsin:Waupaca,0.0,0.0,9.615585021573992,0.0,False
Brazil.regions.BA:Conceição do Jacuípe,0.0,0.0,8.560435596307443,0.0,False
Brazil.regions.CE:Pacajus,0.0,0.0,10.191769874777787,0.0,False
Brazil.regions.CE:Pindoretama,0.0,0.0,6.714596052569528,0.0,False
Brazil.regions.MG:Juatuba,0.0,0.0,7.865627922597614,0.0,False
Brazil.regions.MG:Lagoa Santa,1.0,0.0,8.477276140211401,0.0,False
Brazil.regions.MG:Pouso Alegre,0.0,0.0,10.913346751893197,0.0,False
Brazil.regions.MG:Ubá,0.0,0.0,10.711342634789673,0.0,False
Brazil.regions.PE:Chã de Alegria,0.0,0.0,4.179209862825656,0.0,False
Brazil.regions.PE:Machados,0.0,0.0,5.360940849868441,0.0,False
Brazil.regions.RJ:Paracambi,0.0,0.0,9.663134650166544,0.0,False
Brazil.regions.RS:Xangri-lá,0.0,0.0,5.482165872361744,0.0,False
Brazil.regions.SC:Rio do Sul,0.0,0.0,10.169512212601312,0.0,False
Brazil.regions.SE:Itabaiana,0.0,0.0,10.528832430404275,0.0,False
Brazil.regions.SP:Cruzeiro,0.0,0.0,10.360770999251484,0.0,False
Brazil.regions.SP:Itu,0.0,0.0,11.00183968415601,0.0,False
Brazil.regions.SP:Santa Gertrudes,0.0,0.0,7.859005346723218,0.0,False
Cayman_Islands,0.0,0.0,10.018490407024839,0.0,False
Saint_Vincent_and_the_Grenadines,0.0,0.0,10.669395199326784,0.0,False
United_States_of_America.regions.Florida:Pasco,0.0,0.0,11.396231192829289,0.0,False
United_States_of_America.regions.Georgia:Douglas,0.0,0.0,10.893427719803878,0.0,False
United_States_of_America.regions.Georgia:Henry,0.0,0.0,11.150425545710554,0.0,False
United_States_of_America.regions.Georgia:Rockdale,0.0,0.0,10.476595455399663,0.0,False
United_States_of_America.regions.Missouri:St. Charles,0.0,0.0,11.328011272086515,0.0,False
United_States_of_America.regions.Virginia:Chesapeake city,0.0,0.0,11.16831554219033,0.0,False
United_States_of_America.regions.Wisconsin:Waukesha,0.0,0.0,11.329350377947826,0.0,False
Brazil.regions.PE:Carpina,1.0,0.0,9.185582084475026,0.0,False
Brazil.regions.RJ:Iguaba Grande,0.0,0.0,8.044433143489835,0.0,False
Brazil.regions.RJ:Itaboraí,0.0,0.0,11.161112460376543,0.0,False
Brazil.regions.SC:Bombinhas,0.0,0.0,6.518329071697297,0.0,False
Brazil.regions.SC:Penha,0.0,1.0,8.502762915745977,3.07399096246657,False
Brazil.regions.SP:Bauru,0.0,0.0,11.311373774289699,0.0,False
Brazil.regions.SP:Potim,0.0,0.0,7.518806388053071,0.0,False
San_Marino,0.0,0.0,8.616860434376527,0.0,False
United_States_of_America.regions.Louisiana:Jefferson,0.0,0.0,11.34553626312976,0.0,False
Brazil.regions.AL:Ibateguara,0.0,1.0,5.173065353622384,6.403688524590164,False
Brazil.regions.AL:Novo Lino,0.0,0.0,3.6965332320344544,0.0,False
Brazil.regions.AL:Passo de Camaragibe,0.0,0.0,5.017226164207956,0.0,False
Brazil.regions.AL:Piranhas,1.0,0.0,3.589214439736571,0.0,False
Brazil.regions.BA:Anguera,0.0,0.0,2.6648921903059435,0.0,False
Brazil.regions.BA:Coaraci,0.0,0.0,5.691977793942555,0.0,False
Brazil.regions.BA:Conceição do Almeida,0.0,0.0,5.77864406201263,0.0,False
Brazil.regions.BA:Coração de Maria,0.0,0.0,7.152953833974547,0.0,False
Brazil.regions.BA:Jaguaquara,0.0,0.0,9.73929545070947,0.0,False
Brazil.regions.BA:Retirolândia,0.0,0.0,4.630379885436778,0.0,False
Brazil.regions.BA:Santa Bárbara,0.0,0.0,6.766980418542499,0.0,False
Brazil.regions.CE:Aracati,0.0,0.0,10.235318273828737,0.0,False
Brazil.regions.CE:Fortim,0.0,0.0,5.508792713164005,0.0,False
Brazil.regions.CE:Ibiapina,0.0,0.0,7.5762738206056355,0.0,False
Brazil.regions.CE:Itarema,0.0,0.0,9.185896516762732,0.0,False
Brazil.regions.CE:Penaforte,0.0,0.0,0.5598980888548315,0.0,False
Brazil.regions.CE:São Gonçalo do Amarante,0.0,0.0,9.511576892544877,0.0,False
Brazil.regions.CE:Trairi,0.0,0.0,9.788420962156895,0.0,False
Brazil.regions.ES:Ibiraçu,0.0,0.0,3.5632912610156566,0.0,False
Brazil.regions.ES:João Neiva,0.0,0.0,5.57723383981562,0.0,False
Brazil.regions.ES:Marechal Floriano,0.0,0.0,5.586577767034879,0.0,False
Brazil.regions.ES:Pedro Canário,0.0,0.0,7.757627694283431,0.0,False
Brazil.regions.MA:Bacabal,3.0,0.0,7.765378829379305,0.0,False
Brazil.regions.MG:Congonhal,0.0,0.0,3.208553041392463,0.0,False
Brazil.regions.MG:Divino,0.0,0.0,6.559444159683623,0.0,False
Brazil.regions.MG:Engenheiro Caldas,0.0,0.0,2.5952557643271525,0.0,False
Brazil.regions.MG:Nova Porteirinha,0.0,0.0,1.7565794551207858,0.0,False
Brazil.regions.MG:Ouro Preto,0.0,1.0,10.23051459764282,1.3462392805697285,False
Brazil.regions.MG:Passa Quatro,0.0,0.0,5.458300623195416,0.0,False
Brazil.regions.MG:São João del Rei,0.0,0.0,10.466654191260659,0.0,False
Brazil.regions.MS:Fátima do Sul,0.0,0.0,6.365434893377486,0.0,False
Brazil.regions.PA:Bragança,1.0,0.0,10.010411444429675,0.0,False
Brazil.regions.PA:Curuçá,0.0,0.0,9.080872083174361,0.0,False
Brazil.regions.PA:Santo Antônio do Tauá,0.0,0.0,8.400335607454654,0.0,False
Brazil.regions.PB:Cuité de Mamanguape,0.0,0.0,4.163841116278244,0.0,False
Brazil.regions.PB:Curral de Cima,0.0,0.0,7.554679066114984,0.0,False
Brazil.regions.PB:Mogeiro,0.0,1.0,4.0489008219042075,7.527853056308341,False
Brazil.regions.PB:Salgado de São Félix,1.0,0.0,4.897710701688604,0.0,False
Brazil.regions.PB:São José dos Ramos,1.0,0.0,21.99719273921233,0.0,False
Brazil.regions.PB:Vista Serrana,0.0,0.0,14.752893304515203,0.0,False
Brazil.regions.PE:Bom Conselho,0.0,0.0,9.517191329297937,0.0,False
Brazil.regions.PE:Canhotinho,0.0,0.0,7.545146073019837,0.0,False
Brazil.regions.PE:Capoeiras,0.0,0.0,6.588725147167057,0.0,False
Brazil.regions.PE:Paranatama,0.0,0.0,2.898458295465,0.0,False
Brazil.regions.PE:Taquaritinga do Norte,0.0,0.0,8.101514955536615,0.0,False
Brazil.regions.PI:Marcolândia,0.0,0.0,0.19903509964896848,0.0,False
Brazil.regions.PR:Barracão,0.0,0.0,1.8443937808889466,0.0,False
Brazil.regions.PR:Colorado,0.0,0.0,7.412169503733121,0.0,False
Brazil.regions.PR:Contenda,0.0,0.0,6.195780998315863,0.0,False
Brazil.regions.PR:Figueira,0.0,0.0,1.2932589918003217,0.0,False
Brazil.regions.PR:Guaíra,0.0,0.0,8.557339040808037,0.0,False
Brazil.regions.PR:Irati,0.0,0.0,9.930039895964125,0.0,False
Brazil.regions.PR:Telêmaco Borba,0.0,0.0,10.31051435634459,0.0,False
Brazil.regions.RJ:Cachoeiras de Macacu,0.0,0.0,9.880026864621765,0.0,False
Brazil.regions.RJ:Carmo,0.0,0.0,6.284348479959042,0.0,False
Brazil.regions.RJ:Piraí,0.0,0.0,8.161103367572796,0.0,False
Brazil.regions.RJ:Valença,0.0,0.0,10.269957228839157,0.0,False
Brazil.regions.RN:Guamaré,0.0,0.0,5.190650040164141,0.0,False
Brazil.regions.RN:Januário Cicco,0.0,0.0,1.7545360214204848,0.0,False
Brazil.regions.RN:Luís Gomes,0.0,0.0,1.6914237081848693,0.0,False
Brazil.regions.RN:Serra de São Bento,0.0,0.0,5.778331161704147,0.0,False
Brazil.regions.RS:Estação,2.0,0.0,38.77571339268373,0.0,False
Brazil.regions.SC:Itapiranga,0.0,0.0,5.64977426702241,0.0,False
Brazil.regions.SC:Jaguaruna,0.0,0.0,6.582746686842192,0.0,False
Brazil.regions.SC:Lages,0.0,0.0,10.942010568407033,0.0,False
Brazil.regions.SC:Mondaí,0.0,0.0,3.0603171553373993,0.0,False
Brazil.regions.SE:Aquidabã,0.0,0.0,6.939180256731307,0.0,False
Brazil.regions.SE:Brejo Grande,0.0,0.0,0.4583887382274572,0.0,False
Brazil.regions.SE:Malhada dos Bois,0.0,0.0,15.582398756225254,0.0,False
Brazil.regions.SP:Andradina,0.0,0.0,9.827186896040637,0.0,False
Brazil.regions.SP:Bálsamo,0.0,0.0,0.5489638473347362,0.0,False
Brazil.regions.SP:Cajobi,0.0,0.0,2.09088781864131,0.0,False
Brazil.regions.SP:Dobrada,0.0,0.0,0.3772914524089863,0.0,False
Brazil.regions.SP:Guará,0.0,1.0,6.864218534197468,4.71253534401508,False
Brazil.regions.SP:Ituverava,0.0,0.0,9.185782187317368,0.0,False
Brazil.regions.SP:Juquitiba,0.0,1.0,8.396496913449795,3.1802569647627528,False
Brazil.regions.SP:Piraju,2.0,0.0,1.5116663119507212,0.0,False
Brazil.regions.SP:Pirapozinho,0.0,0.0,7.943956987886686,0.0,False
Brazil.regions.SP:São Pedro,0.0,0.0,8.771940819002944,0.0,False
Brazil.regions.SP:Taiaçu,1.0,0.0,20.194493143233046,0.0,False
Brazil.regions.SP:Tapiratiba,0.0,0.0,3.860704495496499,0.0,False
United_States_of_America.regions.Alabama:Tuscaloosa,0.0,0.0,11.099096310922539,0.0,False
United_States_of_America.regions.Arkansas:Craighead,0.0,0.0,10.670398514401505,0.0,False
United_States_of_America.regions.California:Sutter,1.0,0.0,9.514281592683885,0.0,False
United_States_of_America.regions.Georgia:Tift,0.0,0.0,9.116366121102027,0.0,False
United_States_of_America.regions.Georgia:Walker,0.0,0.0,10.143288188213837,0.0,False
United_States_of_America.regions.Illinois:Williamson,0.0,0.0,10.075184738461509,0.0,False
United_States_of_America.regions.Indiana:Boone,0.0,0.0,10.10276245684262,0.0,False
United_States_of_America.regions.Indiana:Grant,0.0,0.0,10.056280706961655,0.0,False
United_States_of_America.regions.Indiana:Kosciusko,0.0,0.0,10.318195682481578,0.0,False
United_States_of_America.regions.Iowa:Dallas,0.0,0.0,10.50669727221809,0.0,False
United_States_of_America.regions.Iowa:Dubuque,0.0,0.0,10.549120825423039,0.0,False
United_States_of_America.regions.Louisiana:Bossier,0.0,0.0,10.789594029662103,0.0,False
United_States_of_America.regions.Michigan:Midland,0.0,0.0,10.374194832563408,0.0,False
United_States_of_America.regions.Mississippi:Forrest,0.0,0.0,10.241586915583872,0.0,False
United_States_of_America.regions.Mississippi:Madison,0.0,0.0,10.635772246174005,0.0,False
United_States_of_America.regions.Missouri:Cass,0.0,0.0,10.631395587420338,0.0,False
United_States_of_America.regions.Missouri:Christian,1.0,0.0,9.319290138723863,0.0,False
United_States_of_America.regions.Missouri:St. Francois,0.0,0.0,10.088990730105726,0.0,False
United_States_of_America.regions.New Hampshire:Belknap,1.0,0.0,8.314270802343504,0.0,False
United_States_of_America.regions.New York:Ulster,0.0,0.0,11.013605201330364,0.0,False
United_States_of_America.regions.New York:Wayne,0.0,0.0,10.464629498221889,0.0,False
United_States_of_America.regions.North Carolina:Rockingham,0.0,0.0,10.477973524405273,0.0,False
United_States_of_America.regions.North Carolina:Stanly,0.0,0.0,9.984549311769852,0.0,False
United_States_of_America.regions.Ohio:Jefferson,0.0,0.0,10.045946377255794,0.0,False
United_States_of_America.regions.Ohio:Marion,0.0,0.0,10.040490378297044,0.0,False
United_States_of_America.regions.Ohio:Ottawa,0.0,0.0,9.109141293388365,0.0,False
United_States_of_America.regions.Ohio:Tuscarawas,0.0,0.0,10.489643743084759,0.0,False
United_States_of_America.regions.Oregon:Yamhill,0.0,0.0,10.64304706215279,0.0,False
United_States_of_America.regions.South Carolina:Aiken,0.0,0.0,10.991520487136187,0.0,False
United_States_of_America.regions.South Carolina:Greenwood,1.0,0.0,8.752333943456648,0.0,False
United_States_of_America.regions.South Carolina:Sumter,0.0,0.0,10.639731174152429,0.0,False
United_States_of_America.regions.Tennessee:Maury,0.0,0.0,10.539269570162707,0.0,False
United_States_of_America.regions.Tennessee:Robertson,0.0,0.0,10.184248343003045,0.0,False
United_States_of_America.regions.Texas:Parker,0.0,0.0,10.876856063293527,0.0,False
United_States_of_America.regions.Texas:Randall,2.0,0.0,9.398310303531872,0.0,False
United_States_of_America.regions.Texas:Taylor,0.0,0.0,10.852294686998789,0.0,False
United_States_of_America.regions.Virginia:Albemarle,0.0,0.0,10.662091845833512,0.0,False
United_States_of_America.regions.Virginia:King George,0.0,0.0,7.850416122958412,0.0,False
United_States_of_America.regions.West Virginia:Harrison,2.0,0.0,7.116185304405007,0.0,False
United_States_of_America.regions.Wisconsin:Calumet,0.0,0.0,9.58030755267201,0.0,False
United_States_of_America.regions.Wisconsin:Jefferson,0.0,0.0,10.397077345517813,0.0,False
Brazil.regions.PB:Campina Grande,0.0,0.0,11.332691310332647,0.0,False
Brazil.regions.SC:Blumenau,5.0,0.0,9.897017932703182,0.0,False
United_States_of_America.regions.Massachusetts:Norfolk,0.0,0.0,11.435266134588339,0.0,False
United_States_of_America.regions.Michigan:Macomb,0.0,0.0,11.462333736606181,0.0,False
United_States_of_America.regions.Virginia:Virginia Beach city,0.0,0.0,11.354518815742273,0.0,False
Brazil.regions.MG:Santa Luzia,0.0,0.0,11.120412096471695,0.0,False
Brazil.regions.PR:Sarandi,0.0,0.0,10.542499368862888,0.0,False
Brazil.regions.RS:Lajeado,0.0,0.0,10.386476067371497,0.0,False
Brazil.regions.SC:Criciúma,2.0,0.0,10.182611136584375,0.0,False
Brazil.regions.SP:Arujá,0.0,0.0,10.463465670161249,0.0,False
Brazil.regions.SP:Cubatão,1.0,0.0,10.046590533275475,0.0,False
Greece,0.0,0.0,11.567432187794836,0.0,False
United_States_of_America.regions.North Carolina,0.0,0.0,11.567219248245816,0.0,False
Gambia,0.0,0.0,11.532896191144163,0.0,False
Qatar,0.0,0.0,11.540804341296507,0.0,False
United_States_of_America.regions.Alabama:Jefferson,1.0,0.0,11.273066967270253,0.0,False
United_States_of_America.regions.California:San Joaquin,0.0,0.0,11.445545766402244,0.0,False
United_States_of_America.regions.Florida:Brevard,0.0,0.0,11.410624915621469,0.0,False
United_States_of_America.regions.Massachusetts:Worcester,0.0,0.0,11.456362171756423,0.0,False
United_States_of_America.regions.New Mexico:Bernalillo,0.0,0.0,11.429504713483436,0.0,False
United_States_of_America.regions.New York:Onondaga,0.0,0.0,11.359611815189236,0.0,False
United_States_of_America.regions.Pennsylvania:Lancaster,1.0,0.0,11.210268255443529,0.0,False
United_States_of_America.regions.Texas:Hidalgo,1.0,0.0,11.346526655455047,0.0,False
United_States_of_America.regions.Texas:Montgomery,0.0,0.0,11.41211528462127,0.0,False
United_States_of_America.regions.Washington:Pierce,0.0,0.0,11.466254198661618,0.0,False
Brazil.regions.AC:Epitaciolândia,1.0,0.0,0.7136828880436266,0.0,False
Brazil.regions.AC:Plácido de Castro,0.0,0.0,6.516281230067211,0.0,False
Brazil.regions.AC:Senador Guiomard,1.0,0.0,2.8901659699429167,0.0,False
Brazil.regions.AM:Careiro da Várzea,0.0,0.0,8.268234440660851,0.0,False
Brazil.regions.BA:Aracatu,1.0,0.0,3.6497402215209878,0.0,False
Brazil.regions.BA:Belmonte,0.0,0.0,7.290059776703632,0.0,False
Brazil.regions.BA:Encruzilhada,0.0,0.0,5.6964763291122305,0.0,False
Brazil.regions.BA:Guaratinga,0.0,0.0,6.778980045271033,0.0,False
Brazil.regions.BA:Iaçu,3.0,0.0,4.880765150793829,0.0,False
Brazil.regions.BA:Ibitiara,0.0,0.0,5.456428276890557,0.0,False
Brazil.regions.BA:Itapebi,0.0,0.0,1.8292151317460306,0.0,False
Brazil.regions.BA:Jussiape,0.0,0.0,4.588781200998573,0.0,False
Brazil.regions.BA:Maracás,0.0,0.0,6.776907473297506,0.0,False
Brazil.regions.BA:Mirangaba,1.0,0.0,0.6704391219686823,0.0,False
Brazil.regions.BA:Piatã,0.0,0.0,5.736655764564239,0.0,False
Brazil.regions.BA:Presidente Jânio Quadros,0.0,0.0,3.471712542501736,0.0,False
Brazil.regions.BA:Umburanas,0.0,0.0,6.374381596452065,0.0,False
Brazil.regions.BA:Várzea Nova,0.0,0.0,3.7008776869862743,0.0,False
Brazil.regions.CE:Jaguaretama,0.0,0.0,6.0707523365321165,0.0,False
Brazil.regions.CE:Poranga,1.0,0.0,4.635956887027399,0.0,False
Brazil.regions.ES:Ecoporanga,0.0,0.0,7.214323131800647,0.0,False
Brazil.regions.GO:Barro Alto,0.0,0.0,2.621797309751905,0.0,False
Brazil.regions.GO:Corumbá de Goiás,0.0,0.0,2.5758537882035473,0.0,False
Brazil.regions.GO:Edéia,0.0,0.0,3.4939863386069874,0.0,False
Brazil.regions.GO:Goiandira,0.0,1.0,6.28038897893031,17.857142857142858,False
Brazil.regions.GO:Palminópolis,0.0,0.0,16.317248911187733,0.0,False
Brazil.regions.GO:Paranaiguara,0.0,0.0,1.6334308196463763,0.0,False
Brazil.regions.GO:Piracanjuba,0.0,0.0,7.499115646276485,0.0,False
Brazil.regions.GO:Pirenópolis,0.0,0.0,7.561979508532124,0.0,False
Brazil.regions.GO:Professor Jamil,0.0,0.0,19.45023960611882,0.0,False
Brazil.regions.GO:Silvânia,0.0,0.0,6.744668833515761,0.0,False
Brazil.regions.MA:Barão de Grajaú,0.0,0.0,6.263257597659944,0.0,False
Brazil.regions.MA:Brejo de Areia,0.0,0.0,0.6929924502630485,0.0,False
Brazil.regions.MA:Cachoeira Grande,0.0,0.0,0.9734244327666772,0.0,False
Brazil.regions.MA:Cidelândia,4.0,0.0,22.44379453302784,0.0,False
Brazil.regions.MA:Governador Newton Bello,0.0,0.0,1.7535711670141207,0.0,False
Brazil.regions.MA:Morros,0.0,0.0,6.430868013961017,0.0,False
Brazil.regions.MA:Nova Olinda do Maranhão,0.0,0.0,6.798466416438847,0.0,False
Brazil.regions.MA:Primeira Cruz,4.0,0.0,21.07097710448415,0.0,False
Brazil.regions.MA:Ribamar Fiquene,1.0,0.0,14.09389173852471,0.0,False
Brazil.regions.MA:Santo Amaro do Maranhão,5.0,0.0,26.287691407664013,0.0,False
Brazil.regions.MA:Serrano do Maranhão,0.0,0.0,1.8235109249305825,0.0,False
Brazil.regions.MG:Belmiro Braga,0.0,0.0,17.586267410793,0.0,False
Brazil.regions.MG:Cascalho Rico,0.0,0.0,20.943571325039485,0.0,False
Brazil.regions.MG:Chiador,0.0,0.0,25.639472396443203,0.0,False
Brazil.regions.MG:Comercinho,0.0,0.0,2.8553431054791805,0.0,False
Brazil.regions.MG:Couto de Magalhães de Minas,0.0,0.0,11.098983083238702,0.0,False
Brazil.regions.MG:Estrela do Sul,0.0,0.0,0.9577159137152531,0.0,False
Brazil.regions.MG:Ferros,2.0,0.0,18.973144288793563,0.0,False
Brazil.regions.MG:Ibiaí,0.0,0.0,0.3350984148190186,0.0,False
Brazil.regions.MG:Ipiaçu,0.0,0.0,12.114314588975324,0.0,False
Brazil.regions.MG:Senhora do Porto,0.0,0.0,16.80814535539517,0.0,False
Brazil.regions.MG:Serra do Salitre,0.0,0.0,2.9426665012482935,0.0,False
Brazil.regions.MG:Varjão de Minas,0.0,0.0,2.6358669290643135,0.0,False
Brazil.regions.MG:Vazante,1.0,0.0,1.8633007456239135,0.0,False
Brazil.regions.MS:Bataguassu,0.0,0.0,7.233459924077732,0.0,False
Brazil.regions.MS:Jardim,1.0,0.0,3.913037742258224,0.0,False
Brazil.regions.MS:Paranhos,0.0,0.0,4.548359163565373,0.0,False
Brazil.regions.MT:Jaciara,0.0,0.0,7.9765234634660045,0.0,False
Brazil.regions.MT:Rio Branco,1.0,0.0,27.213005625278527,0.0,False
Brazil.regions.PA:Curuá,0.0,0.0,4.628932020364983,0.0,False
Brazil.regions.PA:Nova Ipixuna,0.0,0.0,5.580831105697858,0.0,False
Brazil.regions.PA:Santa Cruz do Arari,0.0,0.0,1.703136184689642,0.0,False
Brazil.regions.PA:São João do Araguaia,0.0,0.0,4.431855335771851,0.0,False
Brazil.regions.PA:Terra Santa,0.0,0.0,6.248819518363861,0.0,False
Brazil.regions.PB:Barra de São Miguel,0.0,0.0,4.990509209925291,0.0,False
Brazil.regions.PB:Catingueira,1.0,0.0,28.974746527302457,0.0,False
Brazil.regions.PB:Olho d'Água,0.0,0.0,3.7465682180179147,0.0,False
Brazil.regions.PB:São José dos Cordeiros,0.0,0.0,15.986641932151288,0.0,False
Brazil.regions.PE:Belém do São Francisco,0.0,0.0,6.752594487986295,0.0,False
Brazil.regions.PE:Betânia,1.0,0.0,4.147752765391509,0.0,False
Brazil.regions.PI:Avelino Lopes,0.0,0.0,2.7185733484933525,0.0,False
Brazil.regions.PI:Bela Vista do Piauí,0.0,0.0,13.329846370853454,0.0,False
Brazil.regions.PI:Betânia do Piauí,0.0,0.0,4.539281577065454,0.0,False
Brazil.regions.PI:Bom Princípio do Piauí,0.0,1.0,6.1852354645938465,17.761989342806395,False
Brazil.regions.PI:Castelo do Piauí,0.0,0.0,6.5047311555507505,0.0,False
Brazil.regions.PI:Coivaras,0.0,0.0,13.298868012334713,0.0,False
Brazil.regions.PI:Elesbão Veloso,0.0,0.0,4.728376943546064,0.0,False
Brazil.regions.PI:Lagoa do Piauí,0.0,0.0,13.029545334385878,0.0,False
Brazil.regions.PI:Palmeirais,0.0,0.0,4.69870174257736,0.0,False
Brazil.regions.PI:Pau D'Arco do Piauí,0.0,0.0,13.145124984581026,0.0,False
Brazil.regions.PI:Paulistana,0.0,0.0,6.704171897020714,0.0,False
Brazil.regions.PI:Pio IX,0.0,0.0,6.149345465729509,0.0,False
Brazil.regions.PI:Piracuruca,0.0,0.0,8.103446247355683,0.0,False
Brazil.regions.PI:Rio Grande do Piauí,0.0,0.0,3.9705098033794908,0.0,False
Brazil.regions.PI:Sigefredo Pacheco,0.0,0.0,1.6175864646083262,0.0,False
Brazil.regions.PI:Simplício Mendes,1.0,0.0,4.157649394543332,0.0,False
Brazil.regions.PI:São João da Canabrava,0.0,0.0,10.124635010676341,0.0,False
Brazil.regions.PI:Vera Mendes,1.0,0.0,53.421621162411434,0.0,False
Brazil.regions.PR:Campo Bonito,0.0,0.0,14.512471271800495,0.0,False
Brazil.regions.PR:Céu Azul,1.0,0.0,5.422821132412187,0.0,False
Brazil.regions.PR:Guaraniaçu,1.0,0.0,4.459166583621959,0.0,False
Brazil.regions.PR:Mirador,1.0,0.0,78.79830260619777,0.0,False
Brazil.regions.RN:Fernando Pedroza,0.0,0.0,21.16718849244888,0.0,False
Brazil.regions.RN:Paraú,0.0,0.0,14.962524253422272,0.0,False
Brazil.regions.RN:Santana do Matos,0.0,0.0,3.7587568490514194,0.0,False
Brazil.regions.RO:Mirante da Serra,0.0,0.0,2.4418310683102913,0.0,False
Brazil.regions.RO:Novo Horizonte do Oeste,0.0,0.0,0.13559093321870108,0.0,False
Brazil.regions.RO:Presidente Médici,0.0,0.0,6.309715007465682,0.0,False
Brazil.regions.RO:São Felipe D'Oeste,0.0,0.0,7.7581262455306845,0.0,False
Brazil.regions.RS:Candiota,0.0,0.0,1.1426971169437667,0.0,False
Brazil.regions.RS:Dom Feliciano,0.0,0.0,5.089145210767368,0.0,False
Brazil.regions.RS:Floriano Peixoto,0.0,0.0,45.04838768464136,0.0,False
Brazil.regions.RS:Guabiju,0.0,0.0,54.95684558951866,0.0,False
Brazil.regions.RS:Mato Castelhano,0.0,0.0,27.79332486194493,0.0,False
Brazil.regions.RS:Nicolau Vergueiro,0.0,0.0,47.87627822642478,0.0,False
Brazil.regions.SC:Rancho Queimado,1.0,0.0,57.9159493879445,0.0,False
Brazil.regions.SC:Rio Rufino,0.0,0.0,28.69710838517851,0.0,False
Brazil.regions.SC:Santa Rosa de Lima,0.0,0.0,35.10858692477532,0.0,False
Brazil.regions.SP:Anhembi,1.0,0.0,18.167446002810657,0.0,False
Brazil.regions.SP:Avaí,0.0,0.0,6.93148228688092,0.0,False
Brazil.regions.SP:Cananéia,0.0,0.0,3.602272219520363,0.0,False
Brazil.regions.SP:Eldorado,0.0,0.0,5.122642609334274,0.0,False
Brazil.regions.SP:Magda,0.0,0.0,20.484804313515568,0.0,False
Brazil.regions.SP:São Pedro do Turvo,0.0,0.0,1.4678586967939733,0.0,False
Brazil.regions.SP:Tapiraí,0.0,0.0,1.2322636701414922,0.0,False
Brazil.regions.SP:Uru,0.0,0.0,74.26015599303209,0.0,False
Brazil.regions.TO:Fátima,0.0,0.0,14.498865417745732,0.0,False
Brazil.regions.TO:Guaraí,2.0,0.0,0.0040192410177777305,0.0,False
Brazil.regions.TO:Nova Rosalândia,0.0,0.0,11.89742452554332,0.0,False
Brazil.regions.TO:Palmeiras do Tocantins,0.0,0.0,3.44277150478535,0.0,False
Brazil.regions.TO:Riachinho,1.0,0.0,31.4802967138219,0.0,False
Brazil.regions.TO:Wanderlândia,0.0,0.0,3.0173085302710945,0.0,False
Brazil.regions.TO:Xambioá,1.0,0.0,5.754268652116741,0.0,False
United_States_of_America.regions.Alabama:Barbour,0.0,0.0,7.525874837460704,0.0,False
United_States_of_America.regions.Alabama:Butler,0.0,0.0,6.434836971589759,0.0,False
United_States_of_America.regions.Alabama:Clay,0.0,0.0,4.021030417691203,0.0,False
United_States_of_America.regions.Alabama:Cleburne,0.0,0.0,4.869845762853728,0.0,False
United_States_of_America.regions.Alabama:Crenshaw,0.0,0.0,4.315644380681325,0.0,False
United_States_of_America.regions.Alabama:Fayette,0.0,0.0,5.442537217680098,0.0,False
United_States_of_America.regions.Alabama:Hale,0.0,0.0,4.751281214230567,0.0,False
United_States_of_America.regions.Alabama:Lamar,0.0,0.0,4.333001614539966,0.0,False
United_States_of_America.regions.Alabama:Macon,0.0,0.0,6.0421069886841,0.0,False
United_States_of_America.regions.Alabama:Pickens,0.0,0.0,6.5591924130846,0.0,False
United_States_of_America.regions.Arkansas:Ashley,0.0,0.0,6.489507604620444,0.0,False
United_States_of_America.regions.Arkansas:Clark,0.0,0.0,7.096467139861294,0.0,False
United_States_of_America.regions.Arkansas:Clay,0.0,0.0,4.70437397305139,0.0,False
United_States_of_America.regions.Arkansas:Columbia,0.0,0.0,7.313634127178742,0.0,False
United_States_of_America.regions.Arkansas:Cross,0.0,0.0,5.4862489753561015,0.0,False
United_States_of_America.regions.Arkansas:Drew,0.0,0.0,6.08797842401638,0.0,False
United_States_of_America.regions.Arkansas:Franklin,0.0,0.0,5.931820206183194,0.0,False
United_States_of_America.regions.Arkansas:Grant,0.0,0.0,6.101801784043372,0.0,False
United_States_of_America.regions.Arkansas:Hempstead,0.0,0.0,6.93250346023001,0.0,False
United_States_of_America.regions.Arkansas:Howard,1.0,0.0,3.572465936966971,0.0,False
United_States_of_America.regions.Arkansas:Izard,0.0,0.0,4.239458405323854,0.0,False
United_States_of_America.regions.Arkansas:Jackson,0.0,0.0,5.595534905785967,0.0,False
United_States_of_America.regions.Arkansas:Lawrence,0.0,0.0,5.481422901740525,0.0,False
United_States_of_America.regions.Arkansas:Lincoln,0.0,0.0,3.8986212000798703,0.0,False
United_States_of_America.regions.Arkansas:Little River,0.0,0.0,3.4194816700389605,0.0,False
United_States_of_America.regions.Arkansas:Logan,0.0,0.0,6.918224110207331,0.0,False
United_States_of_America.regions.Arkansas:Marion,0.0,0.0,5.586577767034879,0.0,False
United_States_of_America.regions.Arkansas:Phillips,0.0,0.0,5.953089498502729,0.0,False
United_States_of_America.regions.Arkansas:Poinsett,0.0,0.0,7.32649886291163,0.0,False
United_States_of_America.regions.Arkansas:Polk,0.0,0.0,6.567737648999965,0.0,False
United_States_of_America.regions.Arkansas:Randolph,1.0,0.0,0.4396562058659619,0.0,False
United_States_of_America.regions.Arkansas:Sharp,0.0,0.0,5.843466411178952,0.0,False
United_States_of_America.regions.Arkansas:Van Buren,0.0,0.0,5.532631786946304,0.0,False
United_States_of_America.regions.Arkansas:Yell,0.0,0.0,6.890937843350076,0.0,False
United_States_of_America.regions.Colorado:Alamosa,0.0,0.0,5.4164631124884055,0.0,False
United_States_of_America.regions.Colorado:Clear Creek,0.0,0.0,1.2674755276970835,0.0,False
United_States_of_America.regions.Florida:Calhoun,0.0,0.0,4.4870693691732,0.0,False
United_States_of_America.regions.Florida:Dixie,0.0,0.0,5.633570709307282,0.0,False
United_States_of_America.regions.Florida:Franklin,0.0,0.0,3.329331197800178,0.0,False
United_States_of_America.regions.Florida:Gulf,0.0,0.0,4.244838048606272,0.0,False
United_States_of_America.regions.Florida:Hamilton,0.0,0.0,4.645786315140743,0.0,False
United_States_of_America.regions.Florida:Jefferson,0.0,0.0,4.557239628598621,0.0,False
United_States_of_America.regions.Florida:Madison,1.0,0.0,0.7618509419664008,0.0,False
United_States_of_America.regions.Georgia:Atkinson,2.0,0.0,25.16543840592707,0.0,False
United_States_of_America.regions.Georgia:Burke,0.0,0.0,7.109077516688177,0.0,False
United_States_of_America.regions.Georgia:Glascock,0.0,1.0,22.08194689593757,33.65870077415012,False
United_States_of_America.regions.Georgia:Irwin,0.0,0.0,0.9565329776178153,0.0,False
United_States_of_America.regions.Georgia:Jefferson,0.0,0.0,5.067184811684752,0.0,False
United_States_of_America.regions.Georgia:Jenkins,0.0,0.0,0.050705007765337484,0.0,False
United_States_of_America.regions.Georgia:Marion,0.0,0.0,0.386399609046693,0.0,False
United_States_of_America.regions.Georgia:Terrell,1.0,0.0,11.867156566049553,0.0,False
United_States_of_America.regions.Georgia:Turner,0.0,0.0,0.9467276496521979,0.0,False
United_States_of_America.regions.Georgia:Twiggs,0.0,0.0,0.7385170577480427,0.0,False
United_States_of_America.regions.Georgia:Washington,0.0,0.0,6.6685375240356555,0.0,False
United_States_of_America.regions.Georgia:Wheeler,0.0,0.0,1.1539908703552424,0.0,False
United_States_of_America.regions.Georgia:Wilcox,0.0,0.0,0.004022033773555478,0.0,False
United_States_of_America.regions.Idaho:Minidoka,0.0,0.0,6.82367626045505,0.0,False
United_States_of_America.regions.Idaho:Teton,0.0,0.0,3.3408784046497093,0.0,False
United_States_of_America.regions.Illinois:Alexander,0.0,0.0,5.781343674295696,0.0,False
United_States_of_America.regions.Illinois:Clay,0.0,0.0,3.991802421901869,0.0,False
United_States_of_America.regions.Illinois:Edwards,1.0,0.0,19.697679272686592,0.0,False
United_States_of_America.regions.Illinois:Fayette,0.0,0.0,6.889839742479515,0.0,False
United_States_of_America.regions.Illinois:Ford,0.0,0.0,3.861299823741443,0.0,False
United_States_of_America.regions.Illinois:Greene,1.0,0.0,3.844635588978445,0.0,False
United_States_of_America.regions.Illinois:Hancock,0.0,0.0,5.929588755104349,0.0,False
United_States_of_America.regions.Illinois:Hardin,0.0,0.0,14.594405504148087,0.0,False
United_States_of_America.regions.Illinois:Iroquois,0.0,0.0,7.888622285677326,0.0,False
United_States_of_America.regions.Illinois:Mason,0.0,0.0,4.09116363942222,0.0,False
United_States_of_America.regions.Illinois:Mercer,0.0,0.0,5.098811272784031,0.0,False
United_States_of_America.regions.Illinois:Pulaski,3.0,0.0,63.3998159437181,0.0,False
United_States_of_America.regions.Illinois:Shelby,1.0,0.0,2.332046473201917,0.0,False
United_States_of_America.regions.Illinois:Washington,0.0,0.0,4.375774545023234,0.0,False
United_States_of_America.regions.Illinois:Wayne,0.0,0.0,5.409624676855779,0.0,False
United_States_of_America.regions.Illinois:White,0.0,0.0,4.189592764228652,0.0,False
United_States_of_America.regions.Indiana:Pulaski,0.0,0.0,3.481554331543723,0.0,False
United_States_of_America.regions.Indiana:Warren,0.0,0.0,0.5224596729066295,0.0,False
United_States_of_America.regions.Iowa:Appanoose,0.0,0.0,3.529111837330527,0.0,False
United_States_of_America.regions.Iowa:Butler,0.0,0.0,4.6510665037406325,0.0,False
United_States_of_America.regions.Iowa:Cass,0.0,0.0,3.7861649096865273,0.0,False
United_States_of_America.regions.Iowa:Chickasaw,0.0,0.0,3.1966315284262414,0.0,False
United_States_of_America.regions.Iowa:Clay,0.0,0.0,5.332997634456304,0.0,False
United_States_of_America.regions.Iowa:Clayton,0.0,0.0,5.8784234890165825,0.0,False
United_States_of_America.regions.Iowa:Crawford,0.0,0.0,5.6314506677488145,0.0,False
United_States_of_America.regions.Iowa:Delaware,0.0,0.0,5.698204704148707,0.0,False
United_States_of_America.regions.Iowa:Emmet,0.0,0.0,0.7166322448502545,0.0,False
United_States_of_America.regions.Iowa:Fayette,0.0,0.0,6.487695354039521,0.0,False
United_States_of_America.regions.Iowa:Grundy,0.0,0.0,3.4014759187619266,0.0,False
United_States_of_America.regions.Iowa:Hamilton,0.0,0.0,4.807648077088877,0.0,False
United_States_of_America.regions.Iowa:Hardin,0.0,0.0,5.640626607643867,0.0,False
United_States_of_America.regions.Iowa:Iowa,0.0,0.0,5.397811713111214,0.0,False
United_States_of_America.regions.Iowa:Louisa,0.0,0.0,2.5146786629882616,0.0,False
United_States_of_America.regions.Iowa:Madison,0.0,0.0,5.456053670108741,0.0,False
United_States_of_America.regions.Iowa:Mitchell,1.0,0.0,7.316123507013222,0.0,False
United_States_of_America.regions.Iowa:Montgomery,0.0,0.0,1.4930592124870259,0.0,False
United_States_of_America.regions.Iowa:O'Brien,1.0,0.0,2.9655278057836707,0.0,False
United_States_of_America.regions.Iowa:Page,0.0,0.0,4.95730594017058,0.0,False
United_States_of_America.regions.Iowa:Plymouth,0.0,0.0,7.60487478221223,0.0,False
United_States_of_America.regions.Iowa:Tama,2.0,0.0,6.223174922072252,0.0,False
United_States_of_America.regions.Iowa:Winnebago,0.0,0.0,1.9186507296709223,0.0,False
United_States_of_America.regions.Iowa:Winneshiek,0.0,0.0,6.574502865256718,0.0,False
United_States_of_America.regions.Iowa:Wright,0.0,0.0,3.616238036786023,0.0,False
United_States_of_America.regions.Kansas:Barton,0.0,0.0,7.697627457482497,0.0,False
United_States_of_America.regions.Kansas:Bourbon,0.0,0.0,4.6963355487781175,0.0,False
United_States_of_America.regions.Kansas:Dickinson,0.0,0.0,6.161395923051712,0.0,False
United_States_of_America.regions.Kansas:Ellis,0.0,0.0,8.074494921185266,0.0,False
United_States_of_America.regions.Kansas:McPherson,0.0,0.0,8.07314516123406,0.0,False
United_States_of_America.regions.Kansas:Neosho,0.0,0.0,5.3294870574466335,0.0,False
United_States_of_America.regions.Kansas:Osage,0.0,0.0,5.30676829917938,0.0,False
United_States_of_America.regions.Kansas:Pottawatomie,0.0,0.0,7.475535816448204,0.0,False
United_States_of_America.regions.Kentucky:Breathitt,0.0,0.0,3.659097504499167,0.0,False
United_States_of_America.regions.Kentucky:Carlisle,0.0,0.0,9.43164948313199,0.0,False
United_States_of_America.regions.Kentucky:Crittenden,0.0,0.0,0.22086016937766217,0.0,False
United_States_of_America.regions.Kentucky:Fulton,0.0,0.0,5.176471117599148,0.0,False
United_States_of_America.regions.Kentucky:Leslie,0.0,0.0,1.452222137805542,0.0,False
United_States_of_America.regions.Kentucky:Lewis,0.0,0.0,4.04379719271349,0.0,False
United_States_of_America.regions.Kentucky:Livingston,0.0,0.0,0.7000951877622548,0.0,False
United_States_of_America.regions.Kentucky:Owsley,1.0,0.0,33.723359372070576,0.0,False
United_States_of_America.regions.Louisiana:Concordia,2.0,0.0,4.00037889088242,0.0,False
United_States_of_America.regions.Louisiana:De Soto,1.0,0.0,4.294228298341448,0.0,False
United_States_of_America.regions.Louisiana:Jackson,0.0,0.0,5.225127861952385,0.0,False
United_States_of_America.regions.Louisiana:LaSalle,0.0,0.0,4.861739105180047,0.0,False
United_States_of_America.regions.Louisiana:Morehouse,0.0,0.0,7.556491757122253,0.0,False
United_States_of_America.regions.Louisiana:Plaquemines,0.0,0.0,7.26585160636705,0.0,False
United_States_of_America.regions.Louisiana:Sabine,0.0,0.0,7.3898505119422415,0.0,False
United_States_of_America.regions.Louisiana:St. Helena,0.0,0.0,1.7070341782520266,0.0,False
United_States_of_America.regions.Louisiana:Union,1.0,0.0,2.530254873327438,0.0,False
United_States_of_America.regions.Michigan:Crawford,0.0,0.0,4.448662068390037,0.0,False
United_States_of_America.regions.Michigan:Missaukee,0.0,0.0,4.9621223131907195,0.0,False
United_States_of_America.regions.Minnesota:Fillmore,1.0,0.0,2.0832332060712844,0.0,False
United_States_of_America.regions.Minnesota:Martin,1.0,0.0,1.4157011931543764,0.0,False
United_States_of_America.regions.Minnesota:Nobles,0.0,0.0,6.953331621057802,0.0,False
United_States_of_America.regions.Minnesota:Pennington,0.0,0.0,4.494099299276362,0.0,False
United_States_of_America.regions.Minnesota:Sibley,0.0,0.0,4.849542307408647,0.0,False
United_States_of_America.regions.Minnesota:Todd,1.0,0.0,3.4677691231038885,0.0,False
United_States_of_America.regions.Minnesota:Wadena,0.0,0.0,4.267880906424798,0.0,False
United_States_of_America.regions.Minnesota:Watonwan,0.0,0.0,2.3999162164707837,0.0,False
United_States_of_America.regions.Mississippi:Attala,0.0,0.0,6.074387860825071,0.0,False
United_States_of_America.regions.Mississippi:Calhoun,0.0,0.0,4.613450487083797,0.0,False
United_States_of_America.regions.Mississippi:Clarke,0.0,0.0,5.142161509639098,0.0,False
United_States_of_America.regions.Mississippi:Holmes,0.0,0.0,5.697859110428891,0.0,False
United_States_of_America.regions.Mississippi:Jasper,0.0,0.0,5.472865701443947,0.0,False
United_States_of_America.regions.Mississippi:Jefferson Davis,3.0,0.0,24.36860916995424,0.0,False
United_States_of_America.regions.Mississippi:Montgomery,0.0,0.0,1.3465748500795556,0.0,False
United_States_of_America.regions.Mississippi:Smith,0.0,0.0,5.293768203419887,0.0,False
United_States_of_America.regions.Mississippi:Wayne,0.0,0.0,6.622089061287413,0.0,False
United_States_of_America.regions.Mississippi:Webster,0.0,0.0,1.2557713206730696,0.0,False
United_States_of_America.regions.Mississippi:Winston,0.0,0.0,6.0072746245227675,0.0,False
United_States_of_America.regions.Mississippi:Yalobusha,2.0,0.0,13.200253059349395,0.0,False
United_States_of_America.regions.Mississippi:Yazoo,0.0,0.0,8.208616458205812,0.0,False
United_States_of_America.regions.Missouri:Benton,0.0,0.0,6.433514666156795,0.0,False
United_States_of_America.regions.Missouri:Gasconade,0.0,0.0,4.776808277777351,0.0,False
United_States_of_America.regions.Missouri:Livingston,0.0,0.0,5.009472076150421,0.0,False
United_States_of_America.regions.Missouri:Madison,0.0,0.0,3.304086770336969,0.0,False
United_States_of_America.regions.Missouri:Montgomery,0.0,0.0,2.9194947664473325,0.0,False
United_States_of_America.regions.Missouri:New Madrid,0.0,0.0,5.7205814724969235,0.0,False
United_States_of_America.regions.Missouri:Nodaway,0.0,0.0,7.05022843913958,0.0,False
United_States_of_America.regions.Missouri:Osage,0.0,0.0,4.2319136284879795,0.0,False
United_States_of_America.regions.Missouri:Pike,0.0,0.0,6.112870149658292,0.0,False
United_States_of_America.regions.Missouri:Saline,1.0,0.0,2.789793727076834,0.0,False
United_States_of_America.regions.Missouri:Vernon,0.0,0.0,6.713650245474135,0.0,False
United_States_of_America.regions.Missouri:Wright,0.0,0.0,6.108986367687096,0.0,False
United_States_of_America.regions.Nebraska:Colfax,0.0,0.0,2.2388138277876717,0.0,False
United_States_of_America.regions.Nebraska:Dawson,0.0,0.0,7.3385678218446735,0.0,False
United_States_of_America.regions.Nebraska:Gage,0.0,1.0,6.92840171905297,4.648352159159578,False
United_States_of_America.regions.Nebraska:Otoe,0.0,0.0,5.3314378652222905,0.0,False
United_States_of_America.regions.Nebraska:Saline,0.0,0.0,4.546382674612997,0.0,False
United_States_of_America.regions.Nebraska:Saunders,0.0,0.0,6.94240407748959,0.0,False
United_States_of_America.regions.Nebraska:York,0.0,0.0,4.266277966230677,0.0,False
United_States_of_America.regions.North Carolina:Bertie,1.0,0.0,1.0209930717524234,0.0,False
United_States_of_America.regions.North Carolina:Graham,0.0,0.0,0.2701836884264761,0.0,False
United_States_of_America.regions.North Carolina:Swain,2.0,0.0,9.444898423658382,0.0,False
United_States_of_America.regions.Oklahoma:Beckham,0.0,0.0,7.001979185866146,0.0,False
United_States_of_America.regions.Oklahoma:Custer,0.0,0.0,8.128834697438146,0.0,False
United_States_of_America.regions.Oklahoma:Haskell,0.0,0.0,3.65721637920249,0.0,False
United_States_of_America.regions.Oklahoma:Jackson,0.0,0.0,7.500113030271252,0.0,False
United_States_of_America.regions.Oklahoma:Pawnee,0.0,0.0,5.470256565071366,0.0,False
United_States_of_America.regions.Oregon:Tillamook,0.0,0.0,7.877981870519102,0.0,False
United_States_of_America.regions.South Carolina:McCormick,0.0,0.0,1.009280561082674,0.0,False
United_States_of_America.regions.South Carolina:Williamsburg,0.0,0.0,8.283813941436994,0.0,False
United_States_of_America.regions.South Dakota:Hughes,0.0,0.0,5.870945365146247,0.0,False
United_States_of_America.regions.South Dakota:Lake,0.0,0.0,3.762422394271,0.0,False
United_States_of_America.regions.Tennessee:Wayne,0.0,0.0,5.579033012141656,0.0,False
United_States_of_America.regions.Texas:Bandera,0.0,0.0,7.249997215007286,0.0,False
United_States_of_America.regions.Texas:Burleson,0.0,0.0,6.154642508045005,0.0,False
United_States_of_America.regions.Texas:Cass,0.0,0.0,8.246306932232397,0.0,False
United_States_of_America.regions.Texas:Colorado,1.0,0.0,2.271398646276568,0.0,False
United_States_of_America.regions.Texas:DeWitt,0.0,0.0,6.616436417895088,0.0,False
United_States_of_America.regions.Texas:Falls,0.0,0.0,5.795404511270304,0.0,False
United_States_of_America.regions.Texas:Fayette,0.0,0.0,7.631358155021513,0.0,False
United_States_of_America.regions.Texas:Freestone,0.0,0.0,6.504988396648416,0.0,False
United_States_of_America.regions.Texas:Gillespie,0.0,0.0,7.8714033520527735,0.0,False
United_States_of_America.regions.Texas:Gray,0.0,0.0,7.007622926919484,0.0,False
United_States_of_America.regions.Texas:Hockley,0.0,0.0,7.232893924257463,0.0,False
United_States_of_America.regions.Texas:Hutchinson,1.0,0.0,2.0247431799605664,0.0,False
United_States_of_America.regions.Texas:Jones,0.0,0.0,6.59741812160248,0.0,False
United_States_of_America.regions.Texas:Lampasas,0.0,0.0,6.90996276378283,0.0,False
United_States_of_America.regions.Texas:Lee,0.0,0.0,5.775953367742103,0.0,False
United_States_of_America.regions.Texas:Limestone,0.0,0.0,7.3099961873818105,0.0,False
United_States_of_America.regions.Texas:Llano,0.0,0.0,6.988545573555517,0.0,False
United_States_of_America.regions.Texas:Marion,2.0,0.0,18.867735669179375,0.0,False
United_States_of_America.regions.Texas:Milam,1.0,0.0,3.5197100076086727,0.0,False
United_States_of_America.regions.Texas:Montague,0.0,0.0,6.530836025755185,0.0,False
United_States_of_America.regions.Texas:Moore,0.0,0.0,6.8012046900559096,0.0,False
United_States_of_America.regions.Texas:Palo Pinto,0.0,0.0,8.150805747067253,0.0,False
United_States_of_America.regions.Texas:Panola,2.0,0.0,1.3576257027135537,0.0,False
United_States_of_America.regions.Texas:Shelby,0.0,0.0,7.6201186008524155,0.0,False
United_States_of_America.regions.Texas:Tyler,0.0,0.0,6.962505077917236,0.0,False
United_States_of_America.regions.Virginia:Brunswick,0.0,0.0,5.41570403531932,0.0,False
United_States_of_America.regions.Virginia:Buckingham,1.0,0.0,0.08641383813921344,0.0,False
United_States_of_America.regions.Virginia:Charlotte,0.0,0.0,3.1592454607041294,0.0,False
United_States_of_America.regions.Virginia:Lunenburg,1.0,0.0,4.822065406798929,0.0,False
United_States_of_America.regions.Virginia:Rappahannock,0.0,0.0,1.9917671529950507,0.0,False
United_States_of_America.regions.Virginia:Southampton,0.0,0.0,5.904925848038423,0.0,False
United_States_of_America.regions.Virginia:Surry,0.0,0.0,3.9947191831390576,0.0,False
United_States_of_America.regions.Virginia:Sussex,0.0,0.0,2.6153774107871506,0.0,False
United_States_of_America.regions.Washington:Pacific,0.0,0.0,7.12657364591314,0.0,False
United_States_of_America.regions.West Virginia:Braxton,0.0,0.0,4.411890368862401,0.0,False
United_States_of_America.regions.West Virginia:Calhoun,0.0,0.0,2.4899221662381485,0.0,False
United_States_of_America.regions.West Virginia:Clay,0.0,0.0,0.1768897513126042,0.0,False
United_States_of_America.regions.West Virginia:Gilmer,0.0,0.0,1.2060660118552011,0.0,False
United_States_of_America.regions.West Virginia:Grant,0.0,0.0,2.932217225377139,0.0,False
United_States_of_America.regions.West Virginia:Hardy,0.0,0.0,4.317752716772362,0.0,False
United_States_of_America.regions.West Virginia:Monroe,0.0,0.0,4.04379719271349,0.0,False
United_States_of_America.regions.West Virginia:Roane,1.0,0.0,3.0345845203847617,0.0,False
United_States_of_America.regions.West Virginia:Wirt,0.0,0.0,5.602424957039128,0.0,False
United_States_of_America.regions.Wisconsin:Crawford,0.0,0.0,5.377510185943004,0.0,False
United_States_of_America.regions.Wisconsin:Iowa,2.0,0.0,1.093235141130302,0.0,False
United_States_of_America.regions.Wisconsin:Lafayette,0.0,0.0,5.5761538182065475,0.0,False
United_States_of_America.regions.Wisconsin:Lincoln,0.0,0.0,7.952646314700063,0.0,False
United_States_of_America.regions.Wisconsin:Richland,1.0,0.0,0.01610492076727965,0.0,False
United_States_of_America.regions.Wisconsin:Vilas,0.0,0.0,7.071234617117707,0.0,False
Brazil.regions.AC:Tarauacá,0.0,0.0,9.227516205837233,0.0,False
Brazil.regions.AM:Beruri,0.0,1.0,6.495194855904504,5.081559022308044,False
Brazil.regions.AM:Codajás,0.0,0.0,8.084767985835553,0.0,False
Brazil.regions.AM:Eirunepé,0.0,0.0,8.741724252152956,0.0,False
Brazil.regions.AM:Juruá,0.0,0.0,4.779581501921086,0.0,False
Brazil.regions.AM:Maraã,6.0,0.0,26.83413286454426,0.0,False
Brazil.regions.AM:Nhamundá,0.0,0.0,6.853757609379601,0.0,False
Brazil.regions.AM:São Paulo de Olivença,1.0,0.0,6.4875658581611475,0.0,False
Brazil.regions.AP:Calçoene,0.0,0.0,2.5815213514517303,0.0,False
Brazil.regions.AP:Mazagão,0.0,0.0,6.953972813123791,0.0,False
Brazil.regions.BA:São Desidério,2.0,0.0,2.6857574938844095,0.0,False
Brazil.regions.MS:Ribas do Rio Pardo,0.0,0.0,7.514190400658212,0.0,False
Brazil.regions.MT:Peixoto de Azevedo,0.0,0.0,8.71765049303414,0.0,False
Brazil.regions.MT:Poconé,1.0,0.0,5.487176190425196,0.0,False
Brazil.regions.MT:Querência,0.0,0.0,5.855602782612113,0.0,False
Brazil.regions.MT:São Félix do Araguaia,0.0,0.0,3.0355854463710727,0.0,False
Brazil.regions.MT:Vila Bela da Santíssima Trindade,0.0,0.0,5.376357052815723,0.0,False
Brazil.regions.PA:Monte Alegre,0.0,0.0,9.853566671154374,0.0,False
Brazil.regions.PA:Novo Repartimento,2.0,0.0,7.625173904819853,0.0,False
Brazil.regions.PA:Ourilândia do Norte,1.0,0.0,5.485135944489351,0.0,False
Brazil.regions.PA:Paragominas,1.0,0.0,9.809110588628386,0.0,False
Brazil.regions.PA:Porto de Moz,0.0,0.0,9.145734065401074,0.0,False
Brazil.regions.PA:Prainha,1.0,0.0,4.880175829595392,0.0,False
Brazil.regions.PA:Senador José Porfírio,0.0,0.0,2.998953226299699,0.0,False
Brazil.regions.RR:Iracema,0.0,1.0,3.208553041392463,8.368200836820085,False
Brazil.regions.TO:Formoso do Araguaia,0.0,0.0,6.153760385804739,0.0,False
United_States_of_America.regions.Alaska:Fairbanks North Star Borough,1.0,0.0,9.511683510939783,0.0,False
United_States_of_America.regions.Alaska:Kodiak Island Borough,0.0,0.0,3.883262571857724,0.0,False
United_States_of_America.regions.California:Siskiyou,1.0,0.0,6.983171113335082,0.0,False
United_States_of_America.regions.Idaho:Owyhee,0.0,0.0,3.118663714971408,0.0,False
United_States_of_America.regions.Maine:Aroostook,0.0,0.0,10.085440777026953,0.0,False
United_States_of_America.regions.Montana:Beaverhead,0.0,0.0,0.9981015985129833,0.0,False
United_States_of_America.regions.Nebraska:Cherry,0.0,0.0,6.0010278057389375,0.0,False
United_States_of_America.regions.Nevada:Lander,0.0,0.0,6.49989109648015,0.0,False
United_States_of_America.regions.New Mexico:Catron,0.0,0.0,16.77595380537123,0.0,False
United_States_of_America.regions.New Mexico:Chaves,3.0,0.0,5.3862408394444605,0.0,False
United_States_of_America.regions.New Mexico:McKinley,0.0,0.0,10.175546037053468,0.0,False
United_States_of_America.regions.New Mexico:Otero,0.0,0.0,10.095052885472883,0.0,False
United_States_of_America.regions.New Mexico:Rio Arriba,1.0,0.0,6.438139762439572,0.0,False
United_States_of_America.regions.New Mexico:Socorro,1.0,0.0,0.4446442103851549,0.0,False
United_States_of_America.regions.Oregon:Klamath,0.0,0.0,10.111294749867637,0.0,False
United_States_of_America.regions.Texas:Brewster,0.0,0.0,0.7107319288482099,0.0,False
United_States_of_America.regions.Utah:Box Elder,0.0,0.0,9.79250522532028,0.0,False
United_States_of_America.regions.Utah:Garfield,0.0,0.0,8.221305911928019,0.0,False
United_States_of_America.regions.Utah:Millard,0.0,0.0,3.994102983459742,0.0,False
United_States_of_America.regions.Utah:San Juan,0.0,0.0,5.044221868805702,0.0,False
United_States_of_America.regions.Utah:Tooele,0.0,0.0,10.192843223484417,0.0,False
United_States_of_America.regions.Washington:Okanogan,0.0,0.0,9.209497764773635,0.0,False
United_States_of_America.regions.Wyoming:Carbon,0.0,0.0,4.819997121455791,0.0,False
United_States_of_America.regions.Wyoming:Natrona,0.0,0.0,10.32453118292842,0.0,False
United_States_of_America.regions.Wyoming:Park,0.0,0.0,8.15139250258742,0.0,False
Cambodia,0.0,0.0,11.57059995556071,0.0,False
Senegal,0.0,0.0,11.570446464983632,0.0,False
Syria,0.0,0.0,11.570838917484634,0.0,False
United_States_of_America.regions.Georgia:Gwinnett,0.0,0.0,11.469944799440853,0.0,False
United_States_of_America.regions.Maryland:Montgomery,2.0,0.0,11.291226680795237,0.0,False
United_States_of_America.regions.North Carolina:Mecklenburg,1.0,0.0,11.396631467021903,0.0,False
Brazil.regions.RS:Alvorada,0.0,0.0,11.101254008975012,0.0,False
Brazil.regions.RS:Cachoeirinha,0.0,0.0,10.809252938023896,0.0,False
Brazil.regions.SP:Santos,0.0,0.0,11.34597275333919,0.0,False
United_States_of_America.regions.New Jersey:Bergen,0.0,0.0,11.469480991005698,0.0,False
Brazil.regions.SP:Louveira,1.0,0.0,7.485519348193115,0.0,False
Brazil.regions.SP:Salto,0.0,0.0,10.734031209815491,0.0,False
United_States_of_America.regions.Louisiana:Orleans,4.0,0.0,10.295175794223047,0.0,False
United_States_of_America.regions.New Jersey:Camden,0.0,0.0,11.379309207145498,0.0,False
United_States_of_America.regions.Virginia:Colonial Heights city,3.0,0.0,11.451455678494417,0.0,False
United_States_of_America.regions.Virginia:Roanoke city,0.0,0.0,10.568109798448974,0.0,False
Brazil.regions.AL:Barra de Santo Antônio,0.0,0.0,5.300078005754602,0.0,False
Brazil.regions.AL:Coité do Nóia,0.0,0.0,2.224841412113232,0.0,False
Brazil.regions.BA:Santo Amaro,0.0,0.0,9.912001676577761,0.0,False
Brazil.regions.CE:Baturité,0.0,0.0,8.779551081009751,0.0,False
Brazil.regions.CE:Itapajé,0.0,0.0,9.678320086091048,0.0,False
Brazil.regions.CE:Paracuru,0.0,0.0,8.725801660171722,0.0,False
Brazil.regions.MA:Pindaré-Mirim,0.0,0.0,8.541023329656038,0.0,False
Brazil.regions.MG:Cambuí,0.0,0.0,8.192773640657135,0.0,False
Brazil.regions.MG:Governador Valadares,0.0,0.0,11.219464277126388,0.0,False
Brazil.regions.MG:Lagoa da Prata,0.0,0.0,9.659759725044715,0.0,False
Brazil.regions.MG:Santa Rita do Sapucaí,0.0,0.0,9.265149624860722,0.0,False
Brazil.regions.PB:Matinhas,0.0,0.0,10.645468344009677,0.0,False
Brazil.regions.PB:Pilar,0.0,0.0,3.1853802103431175,0.0,False
Brazil.regions.PB:Riachão do Bacamarte,0.0,0.0,10.542246342977455,0.0,False
Brazil.regions.PE:Belo Jardim,0.0,0.0,10.268521169778372,0.0,False
Brazil.regions.PE:Bezerros,0.0,0.0,9.931962931141921,0.0,False
Brazil.regions.PE:Gameleira,0.0,1.0,8.356349395409508,3.22040448280304,False
Brazil.regions.PE:Itambé,0.0,0.0,8.833043833490073,0.0,False
Brazil.regions.PE:Sirinhaém,0.0,0.0,9.396442093627353,0.0,False
Brazil.regions.PR:Francisco Beltrão,0.0,0.0,10.478974685519367,0.0,False
Brazil.regions.PR:Toledo,0.0,0.0,10.865693331406987,0.0,False
Brazil.regions.RJ:Resende,0.0,0.0,10.815377004273717,0.0,False
Brazil.regions.RN:Pau dos Ferros,0.0,0.0,8.286630827610455,0.0,False
Brazil.regions.RS:Bom Retiro do Sul,0.0,0.0,3.46513804433844,0.0,False
Brazil.regions.RS:Frederico Westphalen,0.0,0.0,8.383192098759924,0.0,False
Brazil.regions.RS:Ijuí,0.0,0.0,10.378790416098143,0.0,False
Brazil.regions.SC:Maracajá,0.0,0.0,2.1350245394482226,0.0,False
Brazil.regions.SE:Moita Bonita,0.0,0.0,2.7545218535102975,0.0,False
Brazil.regions.SP:Cachoeira Paulista,0.0,0.0,8.576183769891967,0.0,False
Brazil.regions.SP:Capela do Alto,0.0,0.0,6.747235864110356,0.0,False
Brazil.regions.SP:Ibaté,0.0,0.0,8.728075664903523,0.0,False
Brazil.regions.SP:Santa Cruz das Palmeiras,0.0,0.0,8.666477693002571,0.0,False
Northern_Mariana_Islands,1.0,0.0,8.060703106439403,0.0,False
United_States_of_America.regions.Delaware:Kent,2.0,0.0,9.917333347861746,0.0,False
United_States_of_America.regions.Florida:Alachua,0.0,0.0,11.205066081094616,0.0,False
United_States_of_America.regions.Florida:Indian River,0.0,0.0,10.951452952141876,0.0,False
United_States_of_America.regions.Indiana:Clark,0.0,0.0,10.731459631285192,0.0,False
United_States_of_America.regions.Iowa:Linn,2.0,0.0,10.253454097880311,0.0,False
United_States_of_America.regions.Kentucky:Jessamine,0.0,0.0,9.728837404037181,0.0,False
United_States_of_America.regions.Louisiana:St. Tammany,1.0,0.0,10.808760759430893,0.0,False
United_States_of_America.regions.Maryland:St. Mary's,0.0,0.0,10.695774228842449,0.0,False
United_States_of_America.regions.Massachusetts:Hampshire,0.0,0.0,10.954979333662402,0.0,False
United_States_of_America.regions.New Jersey:Cumberland,0.0,0.0,10.907978339346657,0.0,False
United_States_of_America.regions.North Carolina:Davidson,0.0,0.0,10.980127205420514,0.0,False
United_States_of_America.regions.North Carolina:Henderson,0.0,0.0,10.725088446460758,0.0,False
United_States_of_America.regions.North Carolina:Iredell,0.0,0.0,11.026717025743432,0.0,False
United_States_of_America.regions.Ohio:Fairfield,1.0,0.0,10.307508952019141,0.0,False
United_States_of_America.regions.Ohio:Trumbull,0.0,0.0,11.071637044688954,0.0,False
United_States_of_America.regions.South Carolina:Horry,2.0,0.0,10.729490116530899,0.0,False
United_States_of_America.regions.Vermont:Chittenden,0.0,0.0,10.966156347468962,0.0,False
United_States_of_America.regions.Wisconsin:Washington,1.0,0.0,10.106533198088462,0.0,False
Bhutan,0.0,0.0,11.44419715056095,0.0,False
Brazil.regions.RO:Porto Velho,1.0,0.0,11.199070437365329,0.0,False
Estonia,0.0,0.0,11.501047003119806,0.0,False
Uganda,0.0,0.0,11.574413226230025,0.0,False
Belize,0.0,0.0,11.31570566521809,0.0,False
Brazil.regions.PA:Marabá,0.0,0.0,11.218778728847417,0.0,False
Brazil.regions.PA:Santarém,0.0,1.0,11.2484426128681,0.32831126534444777,False
New_Caledonia,1.0,0.0,10.872677274678084,0.0,False
Sweden.regions.Gävleborg,1.0,0.0,10.87878809947468,0.0,False
Sweden.regions.Värmland,1.0,0.0,10.86622887128493,0.0,False
Sweden.regions.Västernorrland,5.0,0.0,9.132294042724695,0.0,False
United_States_of_America.regions.Arizona:Cochise,0.0,0.0,10.782611472596374,0.0,False
United_States_of_America.regions.Arizona:Yavapai,0.0,0.0,11.151401154466381,0.0,False
United_States_of_America.regions.Arizona:Yuma,0.0,0.0,11.108998589069616,0.0,False
United_States_of_America.regions.Minnesota:St. Louis,0.0,0.0,11.074418016455377,0.0,False
United_States_of_America.regions.Vermont,0.0,0.0,11.416494642873463,0.0,False
Brazil.regions.SP:Sumaré,1.0,0.0,10.868641387462267,0.0,False
United_States_of_America.regions.Colorado:Denver,1.0,0.0,11.301730535606344,0.0,False
United_States_of_America.regions.New York:Nassau,0.0,0.0,11.50305778322123,0.0,False
United_States_of_America.regions.Texas:Dallas,1.0,0.0,11.500867410439254,0.0,False
Brazil.regions.ES:Vitória,4.0,0.0,10.195908414151813,0.0,False
Brazil.regions.SP:Hortolândia,0.0,0.0,11.143574034937016,0.0,False
Netherlands,0.0,0.0,11.570950390235025,0.0,False
Namibia,1.0,0.0,11.495063041269502,0.0,False
Brazil.regions.MA:São Luís,0.0,0.0,11.486000223562876,0.0,False
United_States_of_America.regions.Missouri:St. Louis city,0.0,0.0,11.24405931843399,0.0,False
Bolivia,1.0,0.0,11.559137609517943,0.0,False
Brazil.regions.BA:Abaré,0.0,0.0,6.598161824045467,0.0,False
Brazil.regions.BA:Anagé,0.0,0.0,7.032332155876715,0.0,False
Brazil.regions.BA:Boquira,0.0,0.0,6.927321109010391,0.0,False
Brazil.regions.BA:Caetanos,0.0,0.0,4.700120677827457,0.0,False
Brazil.regions.BA:Cristópolis,1.0,0.0,2.801391341054167,0.0,False
Brazil.regions.BA:Ibotirama,0.0,0.0,7.86300930956398,0.0,False
Brazil.regions.BA:Itarantim,0.0,0.0,6.512693514613014,0.0,False
Brazil.regions.BA:Jaguarari,0.0,0.0,8.59790371437579,0.0,False
Brazil.regions.BA:Licínio de Almeida,0.0,0.0,3.5044258188002146,0.0,False
Brazil.regions.BA:Monte Santo,0.0,0.0,9.553199707667403,0.0,False
Brazil.regions.BA:Palmeiras,0.0,0.0,0.4890501416563886,0.0,False
Brazil.regions.BA:Pau Brasil,0.0,0.0,1.4048486803689926,0.0,False
Brazil.regions.BA:Queimadas,0.0,0.0,7.6457817488049455,0.0,False
Brazil.regions.BA:Ruy Barbosa,0.0,0.0,8.331475757877636,0.0,False
Brazil.regions.BA:Santa Luzia,0.0,0.0,3.6383558469352595,0.0,False
Brazil.regions.BA:Santa Teresinha,0.0,0.0,1.9659898224701173,0.0,False
Brazil.regions.BA:Serra do Ramalho,0.0,0.0,8.399326323560794,0.0,False
Brazil.regions.BA:Una,0.0,0.0,6.3141499417848035,0.0,False
Brazil.regions.CE:Alto Santo,1.0,0.0,0.08777429162298311,0.0,False
Brazil.regions.CE:Banabuiú,0.0,0.0,6.0813425466743825,0.0,False
Brazil.regions.CE:Catunda,0.0,0.0,1.9074442669187945,0.0,False
Brazil.regions.CE:Choró,0.0,0.0,4.180851208291684,0.0,False
Brazil.regions.CE:Ibaretama,0.0,0.0,4.087800085057451,0.0,False
Brazil.regions.CE:Ipaporanga,0.0,0.0,2.9508589416128768,0.0,False
Brazil.regions.CE:Potiretama,0.0,0.0,4.001996705990598,0.0,False
Brazil.regions.CE:Solonópole,0.0,1.0,6.119430149768977,5.457323728443571,False
Brazil.regions.CE:Tamboril,0.0,0.0,7.767375187876942,0.0,False
Brazil.regions.GO:Avelinópolis,0.0,0.0,29.79684976266457,0.0,False
Brazil.regions.GO:Caldazinha,0.0,0.0,14.711363892555065,0.0,False
Brazil.regions.GO:Campestre de Goiás,0.0,0.0,15.971455488178632,0.0,False
Brazil.regions.GO:Campinorte,0.0,0.0,3.656589138785968,0.0,False
Brazil.regions.GO:Goiatuba,0.0,0.0,8.643772502644282,0.0,False
Brazil.regions.GO:Indiara,0.0,0.0,5.171014335582351,0.0,False
Brazil.regions.GO:Morrinhos,0.0,0.0,9.409249109702056,0.0,False
Brazil.regions.GO:Vianópolis,0.0,0.0,4.363308015123751,0.0,False
Brazil.regions.MA:Aldeias Altas,0.0,0.0,7.80772025843266,0.0,False
Brazil.regions.MA:Altamira do Maranhão,0.0,0.0,0.7263957280866649,0.0,False
Brazil.regions.MA:Amapá do Maranhão,1.0,0.0,17.150623312249962,0.0,False
Brazil.regions.MA:Bacurituba,0.0,0.0,6.141176667499712,0.0,False
Brazil.regions.MA:Belágua,4.0,0.0,55.36661203422553,0.0,False
Brazil.regions.MA:Bom Jesus das Selvas,0.0,0.0,8.637997559886465,0.0,False
Brazil.regions.MA:Buriti Bravo,1.0,0.0,3.202947145671935,0.0,False
Brazil.regions.MA:Centro do Guilherme,1.0,0.0,3.284295311860271,0.0,False
Brazil.regions.MA:Cândido Mendes,3.0,0.0,8.246816346784973,0.0,False
Brazil.regions.MA:Estreito,0.0,0.0,9.192736331843406,0.0,False
Brazil.regions.MA:Godofredo Viana,1.0,0.0,5.345151528336229,0.0,False
Brazil.regions.MA:Itaipava do Grajaú,1.0,0.0,0.8788729512076436,0.0,False
Brazil.regions.MA:Lagoa Grande do Maranhão,0.0,0.0,2.800204817303298,0.0,False
Brazil.regions.MA:Luís Domingues,3.0,0.0,45.96892300281176,0.0,False
Brazil.regions.MA:Milagres do Maranhão,0.0,0.0,0.2379909232997388,0.0,False
Brazil.regions.MA:Paulino Neves,0.0,0.0,5.3403959112652455,0.0,False
Brazil.regions.MA:Pedro do Rosário,0.0,0.0,7.599661927846656,0.0,False
Brazil.regions.MA:Santa Filomena do Maranhão,0.0,0.0,1.2882917926995834,0.0,False
Brazil.regions.MA:Santana do Maranhão,0.0,0.0,4.1062623198680095,0.0,False
Brazil.regions.MA:São Francisco do Brejão,0.0,0.0,3.1007409946729663,0.0,False
Brazil.regions.MA:São João do Soter,0.0,0.0,6.183883253178842,0.0,False
Brazil.regions.MA:São Raimundo do Doca Bezerra,8.0,0.0,160.27736107309545,0.0,False
Brazil.regions.MA:Turiaçu,9.0,0.0,16.509977949671963,0.0,False
Brazil.regions.MA:Vila Nova dos Martírios,2.0,0.0,10.824679813543723,0.0,False
Brazil.regions.MG:Abaeté,0.0,0.0,7.273272361665661,0.0,False
Brazil.regions.MG:Alvarenga,1.0,0.0,39.61341760886193,0.0,False
Brazil.regions.MG:Andrelândia,0.0,0.0,3.396125605961238,0.0,False
Brazil.regions.MG:Araçuaí,0.0,0.0,8.852552069342547,0.0,False
Brazil.regions.MG:Açucena,0.0,0.0,1.0170917873994547,0.0,False
Brazil.regions.MG:Bocaiúva,0.0,0.0,9.57591352526431,0.0,False
Brazil.regions.MG:Cachoeira Dourada,0.0,0.0,25.570348647790418,0.0,False
Brazil.regions.MG:Catuji,2.0,0.0,35.9592942916496,0.0,False
Brazil.regions.MG:Guapé,0.0,0.0,4.5567468582055275,0.0,False
Brazil.regions.MG:Itacarambi,0.0,0.0,6.068022539039959,0.0,False
Brazil.regions.MG:Itambacuri,0.0,0.0,7.268451780069426,0.0,False
Brazil.regions.MG:Jequitibá,0.0,0.0,7.613420752376589,0.0,False
Brazil.regions.MG:Martinho Campos,0.0,0.0,4.107378318009381,0.0,False
Brazil.regions.MG:Medina,0.0,0.0,6.773679910873451,0.0,False
Brazil.regions.MG:Nova Ponte,0.0,0.0,5.143817242638408,0.0,False
Brazil.regions.MG:Pedra Azul,0.0,0.0,7.465587951555748,0.0,False
Brazil.regions.MG:Pedra do Indaiá,0.0,0.0,13.59947975723559,0.0,False
Brazil.regions.MG:Santa Rita de Jacutinga,0.0,0.0,8.898266596807927,0.0,False
Brazil.regions.MG:Senador José Bento,0.0,0.0,55.00114226026948,0.0,False
Brazil.regions.MG:São João do Paraíso,0.0,0.0,7.342695109476837,0.0,False
Brazil.regions.MG:São Sebastião do Rio Preto,0.0,0.0,54.82430853878612,0.0,False
Brazil.regions.MG:Tupaciguara,2.0,0.0,0.26831265157779427,0.0,False
Brazil.regions.MS:Deodápolis,0.0,0.0,3.839211321728487,0.0,False
Brazil.regions.MT:Curvelândia,0.0,0.0,7.5840048878345865,0.0,False
Brazil.regions.MT:Nova Olímpia,0.0,0.0,6.6508881573120995,0.0,False
Brazil.regions.MT:São José dos Quatro Marcos,1.0,0.0,0.9981015985129833,0.0,False
Brazil.regions.MT:São Pedro da Cipa,0.0,0.0,9.578312760247362,0.0,False
Brazil.regions.PA:Abel Figueiredo,0.0,0.0,1.8749544887500562,0.0,False
Brazil.regions.PA:Cachoeira do Piriá,0.0,0.0,8.626901370837917,0.0,False
Brazil.regions.PA:Santa Luzia do Pará,0.0,0.0,6.538462866523712,0.0,False
Brazil.regions.PA:Tucumã,0.0,0.0,9.05162888452536,0.0,False
Brazil.regions.PB:Belém do Brejo do Cruz,0.0,0.0,2.0435130790198137,0.0,False
Brazil.regions.PB:Boa Vista,0.0,0.0,2.605631599024724,0.0,False
Brazil.regions.PB:Cajazeirinhas,0.0,0.0,19.741755360747682,0.0,False
Brazil.regions.PB:Congo,0.0,0.0,9.317521090446041,0.0,False
Brazil.regions.PB:Coxixola,0.0,0.0,40.4794668401633,0.0,False
Brazil.regions.PB:Quixaba,0.0,0.0,39.54799049806557,0.0,False
Brazil.regions.PB:Santa Teresinha,0.0,0.0,10.290729174488087,0.0,False
Brazil.regions.PB:São Mamede,3.0,0.0,40.20988516891329,0.0,False
Brazil.regions.PE:Afrânio,0.0,0.0,6.483807608795691,0.0,False
Brazil.regions.PE:Carnaubeira da Penha,0.0,0.0,3.8439979239904627,0.0,False
Brazil.regions.PE:Granito,0.0,0.0,1.7815148901550728,0.0,False
Brazil.regions.PE:Ibimirim,0.0,0.0,8.156196327331754,0.0,False
Brazil.regions.PE:Iguaracy,0.0,0.0,3.3988016374536336,0.0,False
Brazil.regions.PE:Lagoa Grande,0.0,1.0,7.670656460142942,3.906097418069607,False
Brazil.regions.PE:Santa Cruz,0.0,0.0,5.0824039626390975,0.0,False
Brazil.regions.PE:Santa Maria da Boa Vista,0.0,0.0,9.191883495917825,0.0,False
Brazil.regions.PE:Serrita,0.0,1.0,6.358908848209939,5.217845030002609,False
Brazil.regions.PE:Sertânia,0.0,1.0,8.79178158868683,2.784972289525719,False
Brazil.regions.PI:Amarante,0.0,0.0,5.894289961858417,0.0,False
Brazil.regions.PI:Belém do Piauí,0.0,0.0,16.465870911467768,0.0,False
Brazil.regions.PI:Beneditinos,0.0,0.0,2.02291801311271,0.0,False
Brazil.regions.PI:Cocal de Telha,0.0,0.0,8.868962744155064,0.0,False
Brazil.regions.PI:Colônia do Gurguéia,0.0,0.0,3.845824776938594,0.0,False
Brazil.regions.PI:Fronteiras,0.0,0.0,2.97460334057814,0.0,False
Brazil.regions.PI:Inhuma,0.0,0.0,5.044221868805702,0.0,False
Brazil.regions.PI:Oeiras,1.0,0.0,6.175581823876757,0.0,False
Brazil.regions.PI:Olho D'Água do Piauí,0.0,0.0,29.090183901372647,0.0,False
Brazil.regions.PI:Regeneração,0.0,0.0,6.014399890004738,0.0,False
Brazil.regions.PI:São João do Piauí,0.0,0.0,6.722620583712281,0.0,False
Brazil.regions.PI:São Luis do Piauí,0.0,0.0,26.244728723905453,0.0,False
Brazil.regions.PI:São Raimundo Nonato,0.0,0.0,8.695739761243376,0.0,False
Brazil.regions.PI:Valença do Piauí,0.0,0.0,6.796182121830485,0.0,False
Brazil.regions.PI:Vila Nova do Piauí,0.0,0.0,22.08194689593757,0.0,False
Brazil.regions.PR:Cafeara,0.0,0.0,22.5064090393062,0.0,False
Brazil.regions.PR:Fernandes Pinheiro,0.0,0.0,6.13490039029613,0.0,False
Brazil.regions.PR:General Carneiro,0.0,0.0,4.282807853413132,0.0,False
Brazil.regions.PR:Guairaçá,0.0,0.0,3.6185052009547523,0.0,False
Brazil.regions.PR:Inácio Martins,0.0,0.0,2.5879898332687272,0.0,False
Brazil.regions.PR:Leópolis,0.0,0.0,13.714090836000908,0.0,False
Brazil.regions.PR:Mamborê,0.0,0.0,3.961767585187875,0.0,False
Brazil.regions.PR:Mangueirinha,0.0,0.0,5.593745621661154,0.0,False
Brazil.regions.PR:Nova Aliança do Ivaí,0.0,0.0,53.232060120491276,0.0,False
Brazil.regions.PR:Paula Freitas,0.0,0.0,5.45031916793082,0.0,False
Brazil.regions.PR:Pinhão,0.0,0.0,8.489476548089982,0.0,False
Brazil.regions.PR:Planaltina do Paraná,0.0,0.0,11.88090504742667,0.0,False
Brazil.regions.PR:Querência do Norte,0.0,0.0,3.384061759582366,0.0,False
Brazil.regions.PR:Santa Mônica,0.0,0.0,13.542562876371727,0.0,False
Brazil.regions.PR:Santo Antônio do Caiuá,0.0,0.0,26.287691407664013,0.0,False
Brazil.regions.PR:Sertaneja,0.0,0.0,7.348302896957778,0.0,False
Brazil.regions.PR:São José da Boa Vista,0.0,0.0,4.536684729586357,0.0,False
Brazil.regions.PR:Tuneiras do Oeste,0.0,0.0,0.09730635993828152,0.0,False
Brazil.regions.RJ:Santa Maria Madalena,0.0,0.0,1.9650660658326942,0.0,False
Brazil.regions.RN:Angicos,0.0,0.0,3.0399602978813203,0.0,False
Brazil.regions.RN:Governador Dix-Sept Rosado,0.0,0.0,3.906277541632046,0.0,False
Brazil.regions.RN:Pedra Grande,0.0,0.0,19.316048098926778,0.0,False
Brazil.regions.RN:Serra Negra do Norte,0.0,0.0,0.8025479291655166,0.0,False
Brazil.regions.RN:Severiano Melo,0.0,0.0,29.4068526791645,0.0,False
Brazil.regions.RN:São Tomé,0.0,0.0,2.531073190740816,0.0,False
Brazil.regions.RN:Upanema,0.0,0.0,4.755006146443669,0.0,False
Brazil.regions.RO:Jaru,0.0,0.0,9.645319788400863,0.0,False
Brazil.regions.RO:Nova Brasilândia D'Oeste,1.0,0.0,1.8082670168273776,0.0,False
Brazil.regions.RO:Urupá,0.0,0.0,2.8560771536987257,0.0,False
Brazil.regions.RS:Canguçu,0.0,0.0,9.792473389319694,0.0,False
Brazil.regions.RS:Caseiros,0.0,0.0,19.65372707119407,0.0,False
Brazil.regions.RS:Chapada,0.0,0.0,0.788103538370061,0.0,False
Brazil.regions.RS:Condor,0.0,0.0,3.231479499545486,0.0,False
Brazil.regions.RS:Coronel Bicaco,0.0,0.0,2.0751232548932546,0.0,False
Brazil.regions.RS:Ernestina,0.0,0.0,19.988902687444018,0.0,False
Brazil.regions.RS:Gramado dos Loureiros,2.0,0.0,132.51546514196036,0.0,False
Brazil.regions.RS:Ibirapuitã,0.0,0.0,13.342259328864452,0.0,False
Brazil.regions.RS:Jaguari,0.0,0.0,2.358464792666826,0.0,False
Brazil.regions.RS:Pouso Novo,0.0,0.0,49.43605881245249,0.0,False
Brazil.regions.RS:Restinga Sêca,1.0,0.0,1.0902927998544598,0.0,False
Brazil.regions.RS:Saldanha Marinho,0.0,0.0,26.15909517839122,0.0,False
Brazil.regions.RS:Sertão,1.0,0.0,25.357687488361776,0.0,False
Brazil.regions.RS:Três Forquilhas,0.0,0.0,25.50148119779783,0.0,False
Brazil.regions.RS:Victor Graeff,1.0,0.0,57.81949872414692,0.0,False
Brazil.regions.RS:Vila Lângaro,0.0,0.0,36.24725377362868,0.0,False
Brazil.regions.RS:Vista Alegre do Prata,0.0,0.0,52.484745160864954,0.0,False
Brazil.regions.RS:Água Santa,0.0,0.0,15.10414259990912,0.0,False
Brazil.regions.SC:Anita Garibaldi,0.0,0.0,2.4425928202313045,0.0,False
Brazil.regions.SC:Itaiópolis,0.0,0.0,6.961866250726278,0.0,False
Brazil.regions.SC:Morro Grande,0.0,0.0,22.989440383799206,0.0,False
Brazil.regions.SC:Rio Fortuna,0.0,0.0,10.110515694548239,0.0,False
Brazil.regions.SC:Santa Cecília,0.0,0.0,5.6349832305595475,0.0,False
Brazil.regions.SC:São Bernardino,0.0,0.0,31.23146529986964,0.0,False
Brazil.regions.SC:São Martinho,0.0,0.0,19.869787002290593,0.0,False
Brazil.regions.SC:Vargem Bonita,0.0,0.0,10.685044875126723,0.0,False
Brazil.regions.SP:Altair,0.0,0.0,12.461707660248992,0.0,False
Brazil.regions.SP:Alto Alegre,0.0,0.0,12.819440315493233,0.0,False
Brazil.regions.SP:Anhumas,0.0,0.0,12.724582695298997,0.0,False
Brazil.regions.SP:Buri,0.0,0.0,6.546066686342138,0.0,False
Brazil.regions.SP:Cunha,0.0,0.0,6.935736567217978,0.0,False
Brazil.regions.SP:Emilianópolis,0.0,0.0,19.537122910835365,0.0,False
Brazil.regions.SP:Guaraçaí,0.0,0.0,0.43814459589534493,0.0,False
Brazil.regions.SP:Iepê,0.0,1.0,0.6796500928623388,12.256403971074887,False
Brazil.regions.SP:Iguape,2.0,0.0,1.8544866454938767,0.0,False
Brazil.regions.SP:Itaberá,0.0,0.0,5.880695550575274,0.0,False
Brazil.regions.SP:Macedônia,0.0,0.0,15.464890253750676,0.0,False
Brazil.regions.SP:Monteiro Lobato,0.0,0.0,9.914756975000431,0.0,False
Brazil.regions.SP:Populina,0.0,0.0,12.409813643975026,0.0,False
Brazil.regions.SP:Presidente Alves,0.0,0.0,12.849235374352181,0.0,False
Brazil.regions.SP:Ribeirão dos Índios,0.0,0.0,33.367066346506554,0.0,False
Brazil.regions.SP:Rubiácea,0.0,0.0,20.392555584703054,0.0,False
Brazil.regions.SP:Santa Clara d'Oeste,0.0,0.0,35.70456999885601,0.0,False
Brazil.regions.SP:Santa Cruz da Esperança,1.0,0.0,81.92488240042233,0.0,False
Brazil.regions.SP:Sete Barras,0.0,0.0,3.7837364218534457,0.0,False
Brazil.regions.SP:Silveiras,0.0,0.0,4.291224541336801,0.0,False
Brazil.regions.SP:Sud Mennucci,1.0,0.0,14.336695201860012,0.0,False
Brazil.regions.SP:Tejupá,0.0,0.0,10.488559449236702,0.0,False
Brazil.regions.SP:Teodoro Sampaio,0.0,0.0,7.2567262300356,0.0,False
Brazil.regions.SP:Timburi,0.0,0.0,26.045518507039517,0.0,False
Brazil.regions.SP:Águas de Santa Bárbara,0.0,0.0,4.88415147158169,0.0,False
Brazil.regions.TO:Araguatins,0.0,0.0,8.78041149405103,0.0,False
Brazil.regions.TO:Miranorte,2.0,0.0,10.75464406729884,0.0,False
United_States_of_America.regions.Alabama:Bibb,1.0,0.0,2.645790227234608,0.0,False
United_States_of_America.regions.Alabama:Covington,1.0,0.0,6.1784975150178605,0.0,False
United_States_of_America.regions.Alabama:Dallas,1.0,0.0,6.199831628508279,0.0,False
United_States_of_America.regions.Alabama:Escambia,0.0,0.0,8.846974717346662,0.0,False
United_States_of_America.regions.Alabama:Henry,1.0,0.0,0.047773875347463246,0.0,False
United_States_of_America.regions.Alabama:Marion,0.0,0.0,8.210770506170405,0.0,False
United_States_of_America.regions.Alabama:Randolph,0.0,0.0,7.1757328413319925,0.0,False
United_States_of_America.regions.Alabama:Winston,1.0,0.0,3.1125785004987225,0.0,False
United_States_of_America.regions.Arizona:Santa Cruz,0.0,0.0,9.426123743583101,0.0,False
United_States_of_America.regions.Arkansas:Conway,0.0,0.0,6.77967050490352,0.0,False
United_States_of_America.regions.Arkansas:Johnson,0.0,0.0,7.814243531309094,0.0,False
United_States_of_America.regions.Arkansas:Ouachita,0.0,0.0,7.29995976308125,0.0,False
United_States_of_America.regions.Arkansas:Sevier,0.0,0.0,5.696822085421345,0.0,False
United_States_of_America.regions.Arkansas:St. Francis,0.0,0.0,7.575793647757239,0.0,False
United_States_of_America.regions.Arkansas:Union,0.0,0.0,8.991572139936348,0.0,False
United_States_of_America.regions.California:Calaveras,1.0,0.0,7.21993000281771,0.0,False
United_States_of_America.regions.Florida:Hendry,0.0,0.0,9.197048009857877,0.0,False
United_States_of_America.regions.Florida:Holmes,0.0,0.0,6.479134466477828,0.0,False
United_States_of_America.regions.Florida:Levy,0.0,0.0,9.167289502143348,0.0,False
United_States_of_America.regions.Georgia:Appling,1.0,0.0,0.6989120420328465,0.0,False
United_States_of_America.regions.Georgia:Berrien,0.0,0.0,6.421317470520637,0.0,False
United_States_of_America.regions.Georgia:Brantley,2.0,0.0,4.122654777394757,0.0,False
United_States_of_America.regions.Georgia:Brooks,0.0,0.0,5.10719316138522,0.0,False
United_States_of_America.regions.Georgia:Crawford,0.0,0.0,3.514838367087105,0.0,False
United_States_of_America.regions.Georgia:Dodge,0.0,0.0,6.723562905147758,0.0,False
United_States_of_America.regions.Georgia:Dooly,2.0,0.0,10.828025808120534,0.0,False
United_States_of_America.regions.Georgia:Emanuel,0.0,0.0,7.1609630100680635,0.0,False
United_States_of_America.regions.Georgia:Heard,0.0,0.0,3.18960299336813,0.0,False
United_States_of_America.regions.Georgia:Jasper,0.0,0.0,4.543910499634589,0.0,False
United_States_of_America.regions.Georgia:Johnson,0.0,0.0,1.2065371406827339,0.0,False
United_States_of_America.regions.Georgia:Lincoln,0.0,0.0,1.0479147242366373,0.0,False
United_States_of_America.regions.Georgia:Macon,0.0,0.0,3.852956859598198,0.0,False
United_States_of_America.regions.Georgia:McIntosh,0.0,0.0,4.621683632003061,0.0,False
United_States_of_America.regions.Georgia:Meriwether,0.0,0.0,6.852418828370814,0.0,False
United_States_of_America.regions.Georgia:Mitchell,3.0,0.0,6.718996933661392,0.0,False
United_States_of_America.regions.Georgia:Montgomery,1.0,0.0,10.228741106523605,0.0,False
United_States_of_America.regions.Georgia:Oglethorpe,0.0,0.0,5.023244473926552,0.0,False
United_States_of_America.regions.Georgia:Schley,0.0,0.0,7.445502161353746,0.0,False
United_States_of_America.regions.Georgia:Seminole,1.0,0.0,13.145124984581026,0.0,False
United_States_of_America.regions.Georgia:Telfair,1.0,0.0,1.0335866009803905,0.0,False
United_States_of_America.regions.Georgia:Treutlen,0.0,0.0,2.9138996502615875,0.0,False
United_States_of_America.regions.Georgia:Ware,0.0,0.0,8.778298625512038,0.0,False
United_States_of_America.regions.Georgia:Worth,1.0,0.0,1.6987472599481137,0.0,False
United_States_of_America.regions.Idaho:Gem,0.0,0.0,6.055552464784986,0.0,False
United_States_of_America.regions.Idaho:Jerome,0.0,0.0,7.480407818897457,0.0,False
United_States_of_America.regions.Idaho:Latah,0.0,0.0,9.083485702287545,0.0,False
United_States_of_America.regions.Illinois:Bond,0.0,0.0,5.488844466304598,0.0,False
United_States_of_America.regions.Illinois:Bureau,0.0,0.0,8.511901604092161,0.0,False
United_States_of_America.regions.Illinois:Carroll,0.0,0.0,4.586191137911953,0.0,False
United_States_of_America.regions.Illinois:Cass,1.0,0.0,4.888216896464327,0.0,False
United_States_of_America.regions.Illinois:Clark,0.0,0.0,5.10048938757075,0.0,False
United_States_of_America.regions.Illinois:Crawford,0.0,0.0,6.2197066826267555,0.0,False
United_States_of_America.regions.Illinois:Cumberland,0.0,0.0,2.2882530422474723,0.0,False
United_States_of_America.regions.Illinois:De Witt,0.0,0.0,5.182074251661838,0.0,False
United_States_of_America.regions.Illinois:Fulton,1.0,0.0,5.7526420552655475,0.0,False
United_States_of_America.regions.Illinois:Jo Daviess,0.0,0.0,6.86754737950758,0.0,False
United_States_of_America.regions.Illinois:Johnson,0.0,0.0,3.523278803717904,0.0,False
United_States_of_America.regions.Illinois:Lawrence,1.0,0.0,1.1799752964270738,0.0,False
United_States_of_America.regions.Illinois:Livingston,0.0,0.0,8.771547415016856,0.0,False
United_States_of_America.regions.Illinois:Marshall,0.0,0.0,2.8339666776530095,0.0,False
United_States_of_America.regions.Illinois:Menard,0.0,0.0,3.3773442357068095,0.0,False
United_States_of_America.regions.Illinois:Montgomery,0.0,0.0,8.057362029124072,0.0,False
United_States_of_America.regions.Illinois:Moultrie,0.0,0.0,4.680677745532044,0.0,False
United_States_of_America.regions.Illinois:Piatt,0.0,0.0,5.458300623195416,0.0,False
United_States_of_America.regions.Illinois:Putnam,1.0,0.0,23.272522999292242,0.0,False
United_States_of_America.regions.Illinois:Richland,0.0,0.0,5.1305474706833785,0.0,False
United_States_of_America.regions.Illinois:Union,2.0,0.0,6.43801823492022,0.0,False
United_States_of_America.regions.Illinois:Warren,0.0,0.0,5.6399217718245165,0.0,False
United_States_of_America.regions.Indiana:Crawford,0.0,0.0,2.1222771834976015,0.0,False
United_States_of_America.regions.Indiana:Fountain,0.0,0.0,5.459049240992433,0.0,False
United_States_of_America.regions.Indiana:Martin,0.0,0.0,1.8254130688512618,0.0,False
United_States_of_America.regions.Indiana:Newton,0.0,0.0,4.4257241299287955,0.0,False
United_States_of_America.regions.Indiana:Parke,0.0,0.0,5.672520542911137,0.0,False
United_States_of_America.regions.Indiana:Pike,0.0,0.0,3.5050773910061555,0.0,False
United_States_of_America.regions.Indiana:Rush,0.0,0.0,5.545754541622475,0.0,False
United_States_of_America.regions.Iowa:Benton,1.0,0.0,3.7779626908465893,0.0,False
United_States_of_America.regions.Iowa:Buchanan,0.0,0.0,6.854203701116917,0.0,False
United_States_of_America.regions.Iowa:Buena Vista,0.0,0.0,6.479913918987267,0.0,False
United_States_of_America.regions.Iowa:Carroll,0.0,0.0,6.6176663503176805,0.0,False
United_States_of_America.regions.Iowa:Cedar,0.0,0.0,6.208202850135026,0.0,False
United_States_of_America.regions.Iowa:Floyd,0.0,0.0,5.183709510484635,0.0,False
United_States_of_America.regions.Iowa:Jackson,0.0,0.0,6.432456332042477,0.0,False
United_States_of_America.regions.Iowa:Jefferson,0.0,0.0,6.110779568291805,0.0,False
United_States_of_America.regions.Iowa:Jones,0.0,0.0,6.7413977542340175,0.0,False
United_States_of_America.regions.Iowa:Mahaska,0.0,0.0,7.050843038656088,0.0,False
United_States_of_America.regions.Iowa:Mills,0.0,0.0,4.958182165988047,0.0,False
United_States_of_America.regions.Iowa:Poweshiek,0.0,0.0,6.172516956465899,0.0,False
United_States_of_America.regions.Iowa:Union,0.0,0.0,3.40748666148189,0.0,False
United_States_of_America.regions.Iowa:Washington,0.0,0.0,7.024056404959646,0.0,False
United_States_of_America.regions.Kansas:Atchison,0.0,0.0,5.355139991570353,0.0,False
United_States_of_America.regions.Kansas:Cherokee,0.0,0.0,6.561457223415417,0.0,False
United_States_of_America.regions.Kansas:Jefferson,0.0,0.0,6.32548044440485,0.0,False
United_States_of_America.regions.Kansas:Labette,0.0,0.0,6.479394310468639,0.0,False
United_States_of_America.regions.Kansas:Lyon,1.0,0.0,5.551750112585195,0.0,False
United_States_of_America.regions.Kansas:Seward,0.0,0.0,6.90996276378283,0.0,False
United_States_of_America.regions.Kentucky:Ballard,0.0,0.0,1.1007309088057067,0.0,False
United_States_of_America.regions.Kentucky:Bracken,0.0,0.0,0.46708569784429876,0.0,False
United_States_of_America.regions.Kentucky:Breckinridge,1.0,0.0,1.8096981571596586,0.0,False
United_States_of_America.regions.Kentucky:Butler,0.0,0.0,3.812175883026587,0.0,False
United_States_of_America.regions.Kentucky:Caldwell,0.0,0.0,3.7317707449262842,0.0,False
United_States_of_America.regions.Kentucky:Casey,0.0,0.0,5.388252114489545,0.0,False
United_States_of_America.regions.Kentucky:Clay,0.0,0.0,6.5518807562588774,0.0,False
United_States_of_America.regions.Kentucky:Edmonson,1.0,0.0,4.88415147158169,0.0,False
United_States_of_America.regions.Kentucky:Fleming,0.0,0.0,4.7185137026416,0.0,False
United_States_of_America.regions.Kentucky:Green,0.0,0.0,2.4368215137120455,0.0,False
United_States_of_America.regions.Kentucky:Jackson,2.0,0.0,10.930560999122585,0.0,False
United_States_of_America.regions.Kentucky:Knott,0.0,0.0,4.822735237121099,0.0,False
United_States_of_America.regions.Kentucky:Lawrence,0.0,0.0,5.0480602698035915,0.0,False
United_States_of_America.regions.Kentucky:Lyon,0.0,0.0,0.6035140876827025,0.0,False
United_States_of_America.regions.Kentucky:Magoffin,0.0,0.0,3.3537459018948113,0.0,False
United_States_of_America.regions.Kentucky:McCreary,0.0,0.0,5.773260175003216,0.0,False
United_States_of_America.regions.Kentucky:McLean,2.0,0.0,21.007149673432934,0.0,False
United_States_of_America.regions.Kentucky:Menifee,1.0,0.0,19.24463616647847,0.0,False
United_States_of_America.regions.Kentucky:Metcalfe,0.0,0.0,1.6472533320900187,0.0,False
United_States_of_America.regions.Kentucky:Monroe,0.0,0.0,2.1870825167102,0.0,False
United_States_of_America.regions.Kentucky:Morgan,0.0,0.0,4.0630413528537686,0.0,False
United_States_of_America.regions.Kentucky:Nicholas,0.0,0.0,2.1802966101627437,0.0,False
United_States_of_America.regions.Kentucky:Ohio,0.0,0.0,7.409045284397428,0.0,False
United_States_of_America.regions.Kentucky:Owen,0.0,0.0,2.4032835543890467,0.0,False
United_States_of_America.regions.Kentucky:Todd,1.0,0.0,4.691344381100938,0.0,False
United_States_of_America.regions.Kentucky:Trigg,3.0,0.0,15.725136777715376,0.0,False
United_States_of_America.regions.Kentucky:Union,0.0,0.0,4.623134519336253,0.0,False
United_States_of_America.regions.Kentucky:Washington,1.0,0.0,4.9590046997122155,0.0,False
United_States_of_America.regions.Kentucky:Webster,0.0,0.0,3.8499728551867403,0.0,False
United_States_of_America.regions.Kentucky:Wolfe,0.0,0.0,2.3955808989287117,0.0,False
United_States_of_America.regions.Louisiana:Allen,1.0,0.0,3.7724849431050442,0.0,False
United_States_of_America.regions.Louisiana:East Feliciana,3.0,0.0,9.32734855188936,0.0,False
United_States_of_America.regions.Louisiana:Franklin,3.0,0.0,8.408257363356276,0.0,False
United_States_of_America.regions.Louisiana:Grant,0.0,0.0,7.1102748036670125,0.0,False
United_States_of_America.regions.Louisiana:Pointe Coupee,0.0,0.0,6.9748210664316,0.0,False
United_States_of_America.regions.Louisiana:Richland,0.0,0.0,6.607068956236601,0.0,False
United_States_of_America.regions.Louisiana:West Carroll,0.0,0.0,2.3431435365689666,0.0,False
United_States_of_America.regions.Louisiana:West Feliciana,0.0,0.0,5.1533211957870595,0.0,False
United_States_of_America.regions.Michigan:Arenac,0.0,0.0,4.857678422995186,0.0,False
United_States_of_America.regions.Michigan:Cheboygan,0.0,0.0,7.620431675332345,0.0,False
United_States_of_America.regions.Michigan:Dickinson,0.0,0.0,7.614631765609038,0.0,False
United_States_of_America.regions.Michigan:Houghton,0.0,0.0,8.774377463012458,0.0,False
United_States_of_America.regions.Michigan:Huron,0.0,0.0,8.348969106901098,0.0,False
United_States_of_America.regions.Michigan:Kalkaska,0.0,0.0,6.032902009934468,0.0,False
United_States_of_America.regions.Michigan:Ogemaw,0.0,0.0,6.814168747003328,0.0,False
United_States_of_America.regions.Michigan:Osceola,0.0,0.0,7.314179283157134,0.0,False
United_States_of_America.regions.Michigan:Sanilac,0.0,0.0,9.147800757007786,0.0,False
United_States_of_America.regions.Minnesota:Brown,1.0,0.0,3.5793130592746083,0.0,False
United_States_of_America.regions.Minnesota:Carlton,0.0,0.0,8.788986601024847,0.0,False
United_States_of_America.regions.Minnesota:Houston,0.0,0.0,6.200409792191043,0.0,False
United_States_of_America.regions.Minnesota:Kanabec,0.0,0.0,5.455679017467002,0.0,False
United_States_of_America.regions.Minnesota:Lyon,0.0,0.0,7.651182707607225,0.0,False
United_States_of_America.regions.Minnesota:Meeker,0.0,0.0,7.270492574276625,0.0,False
United_States_of_America.regions.Minnesota:Wabasha,0.0,0.0,6.952904060854616,0.0,False
United_States_of_America.regions.Minnesota:Waseca,0.0,0.0,6.203876164909303,0.0,False
United_States_of_America.regions.Mississippi:Bolivar,1.0,0.0,5.046781304097359,0.0,False
United_States_of_America.regions.Mississippi:Chickasaw,0.0,0.0,5.729826438582074,0.0,False
United_States_of_America.regions.Mississippi:Coahoma,1.0,0.0,2.536797270004268,0.0,False
United_States_of_America.regions.Mississippi:Copiah,0.0,0.0,8.01359692114859,0.0,False
United_States_of_America.regions.Mississippi:Lawrence,0.0,0.0,3.6314177904960374,0.0,False
United_States_of_America.regions.Mississippi:Leake,0.0,0.0,7.188094174885944,0.0,False
United_States_of_America.regions.Mississippi:Newton,0.0,0.0,6.818927253414755,0.0,False
United_States_of_America.regions.Mississippi:Stone,0.0,0.0,6.123001696711675,0.0,False
United_States_of_America.regions.Mississippi:Sunflower,1.0,0.0,3.6117996766992064,0.0,False
United_States_of_America.regions.Mississippi:Walthall,0.0,0.0,4.576893875412604,0.0,False
United_States_of_America.regions.Missouri:Andrew,0.0,0.0,5.930864085981293,0.0,False
United_States_of_America.regions.Missouri:Audrain,0.0,0.0,7.637885121319528,0.0,False
United_States_of_America.regions.Missouri:Cedar,4.0,0.0,23.268879963867036,0.0,False
United_States_of_America.regions.Missouri:Cooper,0.0,0.0,5.929907641835565,0.0,False
United_States_of_America.regions.Missouri:Crawford,0.0,0.0,7.396151871523585,0.0,False
United_States_of_America.regions.Missouri:Dallas,0.0,0.0,5.651881262973776,0.0,False
United_States_of_America.regions.Missouri:DeKalb,0.0,0.0,3.606721201078572,0.0,False
United_States_of_America.regions.Missouri:Henry,0.0,0.0,6.9946424412624015,0.0,False
United_States_of_America.regions.Missouri:Howell,0.0,0.0,9.084045051530593,0.0,False
United_States_of_America.regions.Missouri:McDonald,0.0,0.0,7.197895008833908,0.0,False
United_States_of_America.regions.Missouri:Mississippi,0.0,0.0,3.989500463948512,0.0,False
United_States_of_America.regions.Missouri:Moniteau,0.0,0.0,5.377894468343964,0.0,False
United_States_of_America.regions.Missouri:Morgan,0.0,0.0,6.728739140247745,0.0,False
United_States_of_America.regions.Missouri:Pemiscot,0.0,0.0,5.2496422046915105,0.0,False
United_States_of_America.regions.Missouri:Perry,0.0,0.0,6.351001369851344,0.0,False
United_States_of_America.regions.Missouri:Ray,0.0,0.0,7.232327776900531,0.0,False
United_States_of_America.regions.Missouri:Ste. Genevieve,1.0,0.0,0.3998230634142921,0.0,False
United_States_of_America.regions.Missouri:Stoddard,0.0,0.0,8.131448107325383,0.0,False
United_States_of_America.regions.Missouri:Washington,0.0,0.0,7.533082224350841,0.0,False
United_States_of_America.regions.Nebraska:Seward,0.0,0.0,5.791056123063277,0.0,False
United_States_of_America.regions.New York:Allegany,1.0,0.0,7.237511943778494,0.0,False
United_States_of_America.regions.North Carolina:Bladen,0.0,0.0,8.52070595938118,0.0,False
United_States_of_America.regions.North Carolina:Gates,0.0,0.0,2.927731217773177,0.0,False
United_States_of_America.regions.North Carolina:Northampton,0.0,0.0,6.44407410610353,0.0,False
United_States_of_America.regions.North Carolina:Pamlico,0.0,0.0,3.7188252282046905,0.0,False
United_States_of_America.regions.North Carolina:Washington,0.0,0.0,2.9411752944474365,0.0,False
United_States_of_America.regions.Ohio:Harrison,0.0,0.0,4.927817707999782,0.0,False
United_States_of_America.regions.Ohio:Monroe,1.0,0.0,3.0709684009730385,0.0,False
United_States_of_America.regions.Ohio:Morgan,0.0,0.0,4.684005049979849,0.0,False
United_States_of_America.regions.Ohio:Noble,0.0,0.0,4.643864249815431,0.0,False
United_States_of_America.regions.Ohio:Vinton,2.0,0.0,11.350261788581493,0.0,False
United_States_of_America.regions.Oklahoma:Adair,1.0,0.0,2.5653093436536594,0.0,False
United_States_of_America.regions.Oklahoma:Garvin,0.0,0.0,7.968078622898774,0.0,False
United_States_of_America.regions.Oklahoma:Lincoln,0.0,0.0,8.709534794002323,0.0,False
United_States_of_America.regions.Oklahoma:McIntosh,0.0,0.0,6.47367161652649,0.0,False
United_States_of_America.regions.Oklahoma:Murray,0.0,0.0,4.470948435165579,0.0,False
United_States_of_America.regions.Oklahoma:Seminole,0.0,0.0,7.45440248898013,0.0,False
United_States_of_America.regions.Pennsylvania:Clinton,0.0,0.0,8.988226232737293,0.0,False
United_States_of_America.regions.Pennsylvania:Elk,1.0,0.0,4.890027031004257,0.0,False
United_States_of_America.regions.Pennsylvania:Fulton,0.0,0.0,4.694441421227,0.0,False
United_States_of_America.regions.Pennsylvania:McKean,0.0,0.0,9.115215416674086,0.0,False
United_States_of_America.regions.Pennsylvania:Tioga,0.0,0.0,9.11315357272611,0.0,False
United_States_of_America.regions.South Carolina:Bamberg,1.0,0.0,2.6419294717092505,0.0,False
United_States_of_America.regions.South Carolina:Barnwell,0.0,0.0,6.784268495292966,0.0,False
United_States_of_America.regions.South Carolina:Calhoun,0.0,0.0,4.705318435348533,0.0,False
United_States_of_America.regions.South Carolina:Colleton,0.0,0.0,8.922614748239354,0.0,False
United_States_of_America.regions.South Carolina:Fairfield,0.0,0.0,7.101880293391319,0.0,False
United_States_of_America.regions.South Carolina:Hampton,0.0,0.0,6.374381596452065,0.0,False
United_States_of_America.regions.South Carolina:Lee,0.0,0.0,5.634277053872164,0.0,False
United_States_of_America.regions.South Dakota:Clay,1.0,0.0,2.637887202100174,0.0,False
United_States_of_America.regions.South Dakota:Codington,0.0,0.0,8.006472897099334,0.0,False
United_States_of_America.regions.South Dakota:Lawrence,1.0,0.0,3.838013745106217,0.0,False
United_States_of_America.regions.South Dakota:Union,0.0,0.0,5.300078005754602,0.0,False
United_States_of_America.regions.Tennessee:Benton,0.0,0.0,5.38863506633136,0.0,False
United_States_of_America.regions.Tennessee:Bledsoe,1.0,0.0,1.6999322609271221,0.0,False
United_States_of_America.regions.Tennessee:Clay,0.0,0.0,1.5552224842300006,0.0,False
United_States_of_America.regions.Tennessee:Decatur,0.0,0.0,3.0026305823195525,0.0,False
United_States_of_America.regions.Tennessee:Fentress,0.0,0.0,6.178060362043461,0.0,False
United_States_of_America.regions.Tennessee:Grundy,0.0,0.0,4.129073830547395,0.0,False
United_States_of_America.regions.Tennessee:Hancock,0.0,0.0,3.5289863030563335,0.0,False
United_States_of_America.regions.Tennessee:Hardeman,0.0,0.0,7.584737910148675,0.0,False
United_States_of_America.regions.Tennessee:Haywood,1.0,0.0,0.018732611453417647,0.0,False
United_States_of_America.regions.Tennessee:Hickman,0.0,0.0,7.605032534182046,0.0,False
United_States_of_America.regions.Tennessee:Houston,0.0,0.0,0.6168810443578714,0.0,False
United_States_of_America.regions.Tennessee:Humphreys,1.0,0.0,0.8136497989961029,0.0,False
United_States_of_America.regions.Tennessee:Jackson,1.0,0.0,5.392531714863983,0.0,False
United_States_of_America.regions.Tennessee:Morgan,0.0,0.0,6.904511669176432,0.0,False
United_States_of_America.regions.Tennessee:Pickett,0.0,0.0,8.233071795321527,0.0,False
United_States_of_America.regions.Tennessee:Polk,0.0,0.0,5.635689239429278,0.0,False
United_States_of_America.regions.Tennessee:Scott,1.0,0.0,2.5138573764905967,0.0,False
United_States_of_America.regions.Tennessee:Stewart,0.0,0.0,4.285466966072556,0.0,False
United_States_of_America.regions.Texas:Atascosa,1.0,0.0,7.66691476809193,0.0,False
United_States_of_America.regions.Texas:Bee,0.0,0.0,8.505972364317262,0.0,False
United_States_of_America.regions.Texas:Brown,0.0,0.0,8.9357228196873,0.0,False
United_States_of_America.regions.Texas:Calhoun,1.0,0.0,2.18267214970151,0.0,False
United_States_of_America.regions.Texas:Erath,0.0,0.0,9.234723806546429,0.0,False
United_States_of_America.regions.Texas:Fannin,0.0,0.0,8.760962922533098,0.0,False
United_States_of_America.regions.Texas:Franklin,0.0,0.0,2.2527445542032236,0.0,False
United_States_of_America.regions.Texas:Grimes,1.0,0.0,4.651546121979861,0.0,False
United_States_of_America.regions.Texas:Hale,0.0,0.0,8.583279652025636,0.0,False
United_States_of_America.regions.Texas:Hill,0.0,0.0,8.84816646791486,0.0,False
United_States_of_America.regions.Texas:Howard,0.0,0.0,8.84928278940609,0.0,False
United_States_of_America.regions.Texas:Jasper,1.0,0.0,5.947549566242046,0.0,False
United_States_of_America.regions.Texas:Kleberg,0.0,0.0,8.317301466217764,0.0,False
United_States_of_America.regions.Texas:Madison,0.0,0.0,4.57591377740045,0.0,False
United_States_of_America.regions.Texas:Medina,0.0,0.0,9.638168270272102,0.0,False
United_States_of_America.regions.Texas:Wharton,2.0,0.0,4.357579751732617,0.0,False
United_States_of_America.regions.Texas:Willacy,0.0,0.0,6.894667540540482,0.0,False
United_States_of_America.regions.Vermont:Orleans,1.0,0.0,4.179483470992812,0.0,False
United_States_of_America.regions.Virginia:Alleghany,0.0,0.0,4.8472787772704224,0.0,False
United_States_of_America.regions.Virginia:Amelia,0.0,0.0,3.9692985720124723,0.0,False
United_States_of_America.regions.Virginia:Buchanan,0.0,0.0,6.815755973051626,0.0,False
United_States_of_America.regions.Virginia:Charles City,0.0,0.0,2.78487185782077,0.0,False
United_States_of_America.regions.Virginia:Cumberland,0.0,0.0,1.5082883123647832,0.0,False
United_States_of_America.regions.Virginia:Essex,1.0,0.0,6.6830836092338135,0.0,False
United_States_of_America.regions.Virginia:Floyd,0.0,0.0,5.227144379196738,0.0,False
United_States_of_America.regions.Virginia:Grayson,0.0,0.0,5.145885711009976,0.0,False
United_States_of_America.regions.Virginia:Greensville,0.0,0.0,2.755300102630331,0.0,False
United_States_of_America.regions.Virginia:Halifax,0.0,0.0,8.627858239629198,0.0,False
United_States_of_America.regions.Virginia:Madison,0.0,0.0,4.035844444534846,0.0,False
United_States_of_America.regions.Virginia:Nelson,0.0,0.0,4.878830234542087,0.0,False
United_States_of_America.regions.Virginia:Patrick,0.0,0.0,5.897517167626451,0.0,False
United_States_of_America.regions.Virginia:Rockbridge,0.0,0.0,7.146682554064229,0.0,False
United_States_of_America.regions.Virginia:Scott,2.0,0.0,2.334031617475107,0.0,False
United_States_of_America.regions.Washington:Asotin,0.0,0.0,7.148448147984934,0.0,False
United_States_of_America.regions.West Virginia:Boone,0.0,0.0,6.916270119998446,0.0,False
United_States_of_America.regions.West Virginia:Greenbrier,0.0,0.0,8.691750127707673,0.0,False
United_States_of_America.regions.West Virginia:Hampshire,1.0,0.0,2.946764665699064,0.0,False
United_States_of_America.regions.West Virginia:Lewis,0.0,0.0,5.2902133614589175,0.0,False
United_States_of_America.regions.West Virginia:McDowell,1.0,0.0,0.22859228039139445,0.0,False
United_States_of_America.regions.West Virginia:Nicholas,1.0,0.0,3.4121555764489937,0.0,False
United_States_of_America.regions.West Virginia:Summers,0.0,0.0,3.623202617574673,0.0,False
United_States_of_America.regions.West Virginia:Tyler,0.0,0.0,0.06333458645978318,0.0,False
United_States_of_America.regions.West Virginia:Wetzel,0.0,0.0,4.938851455378164,0.0,False
United_States_of_America.regions.West Virginia:Wyoming,0.0,0.0,6.673350916557159,0.0,False
United_States_of_America.regions.Wisconsin:Adams,0.0,0.0,6.631155460804042,0.0,False
United_States_of_America.regions.Wisconsin:Grant,0.0,0.0,9.632703643954494,0.0,False
United_States_of_America.regions.Wisconsin:Juneau,0.0,0.0,7.829611074600303,0.0,False
United_States_of_America.regions.Wisconsin:Marquette,1.0,0.0,1.2651621356567215,0.0,False
United_States_of_America.regions.Wisconsin:Oconto,0.0,0.0,8.94031833906148,0.0,False
United_States_of_America.regions.Wisconsin:Pepin,0.0,0.0,2.1463145998991564,0.0,False
United_States_of_America.regions.Wisconsin:Trempealeau,0.0,0.0,8.20395884296684,0.0,False
United_States_of_America.regions.Wisconsin:Vernon,0.0,0.0,8.332318085596885,0.0,False
United_States_of_America.regions.Wisconsin:Waushara,0.0,0.0,7.4856030374810505,0.0,False
Central_African_Republic,0.0,0.0,11.55532397659937,0.0,False
Italy,2.0,0.0,11.571789561965945,0.0,False
United_States_of_America.regions.Alaska,0.0,0.0,11.440056887596796,0.0,False
Brazil.regions.SP:São Paulo,0.0,0.0,11.568591960788789,0.0,False
Brazil.regions.SP:Diadema,0.0,0.0,11.340840279209047,0.0,False
Cameroon,0.0,0.0,11.572788179444727,0.0,False
Mozambique,0.0,0.0,11.573363583635954,0.0,False
Sri_Lanka,0.0,0.0,11.572139203547112,0.0,False
Brazil.regions.MG,0.0,0.0,11.572029942868296,0.0,False
Kazakhstan,5.0,0.0,11.543924833656476,0.0,False
South_Korea,0.0,0.0,11.574817216951491,0.0,False
Brazil.regions.SC:Balneário Camboriú,1.0,0.0,10.17122311465796,0.0,False
China,26.0,0.0,11.574815239711187,0.0,False
Ghana,1.0,0.0,11.570035052856722,0.0,False
Libya,0.0,0.0,11.561780606251661,0.0,False
Palestine,6.0,0.0,11.423550404520759,0.0,False
Brazil.regions.CE:Fortaleza,7.0,0.0,11.27705455156201,0.0,False
Brazil.regions.PE:Olinda,0.0,0.0,11.321965123569022,0.0,False
Germany,0.0,0.0,11.57554801174938,0.0,False
Brazil.regions.MG:Vespasiano,0.0,0.0,10.793060960445446,0.0,False
Brazil.regions.PE:Toritama,0.0,0.0,9.365294093608732,0.0,False
Brazil.regions.SP:Americana,1.0,0.0,10.742018885704294,0.0,False
United_States_of_America.regions.Virginia:Charlottesville city,0.0,0.0,9.46106818447921,0.0,False
Cote_dIvoire,0.0,0.0,11.572764924264263,0.0,False
Mauritania,0.0,0.0,11.554043736158338,0.0,False
Brazil.regions.RJ:Nilópolis,0.0,0.0,10.961312452850207,0.0,False
Niger,0.0,0.0,11.572298135589074,0.0,False
Brazil.regions.MT,0.0,0.0,11.548055076157944,0.0,False
Yemen,0.0,0.0,11.573244944625538,0.0,False
Brazil.regions.RJ:Rio de Janeiro,0.0,0.0,11.561870496208074,0.0,False
Brazil.regions.DF,0.0,0.0,11.543589330318298,0.0,False
Brazil.regions.DF:Brasília,0.0,0.0,11.543589330318298,0.0,False
United_States_of_America.regions.Florida:Miami-Dade,0.0,0.0,11.539947765453341,0.0,False
United_States_of_America.regions.Texas:Harris,3.0,0.0,11.491888098746884,0.0,False
Nigeria,0.0,0.0,11.576243347860345,0.0,False
Jamaica,1.0,0.0,11.50860741101059,0.0,False
United_States_of_America.regions.California:San Diego,0.0,0.0,11.546798780903414,0.0,False
United_States_of_America.regions.Connecticut,0.0,0.0,11.548705645349388,0.0,False
Saudi_Arabia,0.0,0.0,11.57378651449533,0.0,False
United_Kingdom,1.0,0.0,11.573745861441772,0.0,False
Algeria,0.0,0.0,11.57438580527287,0.0,False
Latvia,0.0,0.0,11.524847405371572,0.0,False
Lithuania,0.0,0.0,11.540905583892316,0.0,False
United_States_of_America.regions.California:San Bernardino,0.0,0.0,11.530884107079771,0.0,False
United_States_of_America.regions.West Virginia,0.0,0.0,11.520954884045217,0.0,False
Canada,0.0,0.0,11.574055467878457,0.0,False
Brazil.regions.RS:Esteio,0.0,0.0,10.374859692976615,0.0,False
Brazil.regions.RS:Porto Alegre,0.0,0.0,11.509358033435962,0.0,False
Ethiopia,0.0,0.0,11.5758383332022,0.0,False
Brazil.regions.AL:Rio Largo,1.0,0.0,8.9143470624511,0.0,False
Brazil.regions.AL:Santa Luzia do Norte,0.0,0.0,2.1293864726646436,0.0,False
Brazil.regions.CE:Itaitinga,0.0,0.0,8.943789159939772,0.0,False
Brazil.regions.ES:Viana,0.0,0.0,10.298618932725004,0.0,False
Brazil.regions.MG:Barroso,0.0,0.0,6.771371850341333,0.0,False
Brazil.regions.MG:Viçosa,0.0,0.0,10.30845872056346,0.0,False
Brazil.regions.PB:Lagoa Seca,0.0,0.0,7.940786892792776,0.0,False
Brazil.regions.PE:Camocim de São Félix,0.0,0.0,6.247683800941032,0.0,False
Brazil.regions.PE:Chã Grande,0.0,0.0,6.968034180544561,0.0,False
Brazil.regions.PE:Cupira,0.0,0.0,7.428581148300074,0.0,False
Brazil.regions.PE:Lagoa do Carro,0.0,1.0,6.043025805610036,5.533728072602512,False
Brazil.regions.PE:Nazaré da Mata,1.0,0.0,5.417411695957614,0.0,False
Brazil.regions.PE:Surubim,0.0,0.0,10.040395968273849,0.0,False
Brazil.regions.RJ:Angra dos Reis,0.0,0.0,11.086040626501186,0.0,False
Brazil.regions.RJ:Saquarema,1.0,0.0,9.333847070990387,0.0,False
Brazil.regions.RJ:Três Rios,0.0,0.0,10.35431976741112,0.0,False
Brazil.regions.RS:Erechim,0.0,0.0,10.632127855654879,0.0,False
Brazil.regions.RS:Guaíba,0.0,0.0,10.55783250837466,0.0,False
Brazil.regions.RS:Passo Fundo,0.0,0.0,11.08480946793091,0.0,False
Brazil.regions.SC:Imbituba,1.0,0.0,7.117743332652608,0.0,False
Brazil.regions.SC:Içara,0.0,0.0,9.804364165162443,0.0,False
Brazil.regions.SP:Boituva,0.0,0.0,9.937328988463872,0.0,False
Brazil.regions.SP:Caraguatatuba,0.0,0.0,10.75392532277036,0.0,False
Brazil.regions.SP:Caçapava,1.0,0.0,9.455030614577824,0.0,False
Brazil.regions.SP:Igaraçu do Tietê,0.0,0.0,7.523904725258021,0.0,False
Brazil.regions.SP:Leme,0.0,1.0,10.60955170394206,0.9672021742704877,False
Brazil.regions.SP:Mirassol,0.0,0.0,9.905183939726323,0.0,False
Brazil.regions.SP:Monte Mor,0.0,0.0,9.9037297197437,0.0,False
Brazil.regions.SP:Tremembé,0.0,0.0,9.457436298473224,0.0,False
Luxembourg,0.0,0.0,11.412206580737362,0.0,False
United_States_of_America.regions.Georgia:Chatham,1.0,0.0,10.885740507103817,0.0,False
United_States_of_America.regions.Michigan:Genesee,0.0,0.0,11.330334961125121,0.0,False
United_States_of_America.regions.Minnesota:Washington,0.0,0.0,11.195714402522867,0.0,False
United_States_of_America.regions.Ohio:Stark,0.0,0.0,11.30692554299941,0.0,False
United_States_of_America.regions.Pennsylvania:Chester,0.0,0.0,11.38627369672303,0.0,False
United_States_of_America.regions.South Carolina:Greenville,0.0,0.0,11.385747235001498,0.0,False
United_States_of_America.regions.Tennessee:Hamilton,0.0,0.0,11.30486994002808,0.0,False
United_States_of_America.regions.Virginia:York,0.0,0.0,10.112196174639028,0.0,False
United_States_of_America.regions.Washington:Kitsap,0.0,0.0,11.208393120420798,0.0,False
Pakistan,1.0,0.0,11.575811437896233,0.0,False
Brazil.regions.SP,0.0,0.0,11.574576132763159,0.0,False
Singapore,2.0,0.0,11.523549899122422,0.0,False
Botswana,2.0,0.0,11.443664601038158,0.0,False
India,0.0,0.0,11.576679947472545,0.0,False
Brazil.regions.MG:Santa Cruz de Minas,0.0,0.0,0.045747284037567226,0.0,False
Brazil.regions.RS:Sapucaia do Sul,0.0,0.0,10.867911064106575,0.0,False
United_States_of_America.regions.New Jersey:Essex,0.0,0.0,11.451593516499102,0.0,False
Guinea,0.0,0.0,11.568698663258331,0.0,False
Brazil.regions.PI,2.0,0.0,11.485101206399685,0.0,False
United_States_of_America.regions.Oregon,0.0,0.0,11.553044481443617,0.0,False
Brazil.regions.BA,0.0,0.0,11.570030314056568,0.0,False
Mali,1.0,0.0,11.566270428696386,0.0,False
Rwanda,0.0,0.0,11.56862507835425,0.0,False
Ukraine,0.0,0.0,11.574512857110108,0.0,False
Madagascar,2.0,0.0,11.565330688955585,0.0,False
Chad,0.0,0.0,11.570292991227094,0.0,False
Somalia,0.0,0.0,11.570090833576945,0.0,False
Brazil.regions.RJ,0.0,0.0,11.57096179421899,0.0,False
Democratic_Republic_of_the_Congo,0.0,0.0,11.575564366248965,0.0,False
Papua_New_Guinea,0.0,0.0,11.565134504719872,0.0,False
Brazil.regions.CE:Horizonte,3.0,0.0,5.63648329888766,0.0,False
Brazil.regions.GO:Anápolis,1.0,0.0,11.059855167099485,0.0,False
Brazil.regions.PE:Vitória de Santo Antão,2.0,0.0,9.414700792602453,0.0,False
Brazil.regions.PR:Foz do Iguaçu,0.0,0.0,11.189954565168128,0.0,False
Brazil.regions.RN:São Gonçalo do Amarante,0.0,0.0,10.600191378212548,0.0,False
Brazil.regions.SP:Catanduva,0.0,0.0,10.756153526995597,0.0,False
Brazil.regions.SP:Jaguariúna,0.0,0.0,9.837260418707956,0.0,False
Brazil.regions.SP:Presidente Prudente,0.0,0.0,11.139582030330864,0.0,False
Brazil.regions.SP:Rio Claro,0.0,0.0,11.092314084390125,0.0,False
United_States_of_America.regions.Georgia:Clarke,1.0,0.0,10.018283983954731,0.0,False
United_States_of_America.regions.Georgia:Forsyth,0.0,0.0,11.167340649252294,0.0,False
United_States_of_America.regions.Kansas:Wyandotte,0.0,1.0,10.9722649433825,0.604488934830048,False
United_States_of_America.regions.Kentucky:Kenton,0.0,0.0,10.977944311630912,0.0,False
United_States_of_America.regions.New Jersey:Morris,0.0,0.0,11.373437792860456,0.0,False
United_States_of_America.regions.New Jersey:Somerset,3.0,0.0,10.36070445796411,0.0,False
United_States_of_America.regions.Pennsylvania:Lehigh,0.0,0.0,11.305984514141477,0.0,False
Brazil.regions.AM:Manaus,1.0,0.0,11.485126889849633,0.0,False
Kosovo,1.0,0.0,11.468370417528648,0.0,False
Brazil.regions.RJ:São João de Meriti,0.0,0.0,11.365071554109976,0.0,False
Brazil.regions.SP:Mauá,0.0,0.0,11.365298047106549,0.0,False
Brazil.regions.SP:Ferraz de Vasconcelos,0.0,0.0,11.06202225927866,0.0,False
Brazil.regions.GO,2.0,0.0,11.53400881291661,0.0,False
Brazil.regions.MA,0.0,0.0,11.562619964182646,0.0,False
United_States_of_America.regions.California:Los Angeles,0.0,0.0,11.56679283287256,0.0,False
Brazil.regions.PB:Bayeux,0.0,0.0,10.544549088782325,0.0,False
United_States_of_America.regions.Virginia:Arlington,1.0,0.0,10.732309058459295,0.0,False
United_States_of_America.regions.California,0.0,0.0,11.574223015800682,0.0,False
Laos,1.0,0.0,11.548431311938804,0.0,False
Brazil,0.0,0.0,11.576276481361335,0.0,False
Lebanon,0.0,0.0,11.562153046695194,0.0,False
Brazil.regions.PA,0.0,0.0,11.565129843661268,0.0,False
Brazil.regions.AM,1.0,0.0,11.528498281830077,0.0,False
Mongolia,0.0,0.0,11.545210206630115,0.0,False
Brazil.regions.MG:João Monlevade,0.0,0.0,10.325346044399508,0.0,False
Brazil.regions.MG:São Lourenço,0.0,0.0,9.395776364090718,0.0,False
Brazil.regions.PE:Abreu e Lima,0.0,0.0,10.576653868211547,0.0,False
Brazil.regions.SP:Indaiatuba,1.0,0.0,10.781926614047732,0.0,False
Brazil.regions.SP:Nova Odessa,0.0,0.0,9.914906568743342,0.0,False
Brazil.regions.SP:Paulínia,0.0,0.0,10.662877580508205,0.0,False
United_States_of_America.regions.Colorado:Broomfield,0.0,0.0,10.157609622198924,0.0,False
United_States_of_America.regions.Georgia:Clayton,1.0,0.0,10.892422333265653,0.0,False
United_States_of_America.regions.California:Orange,0.0,0.0,11.545264678378308,0.0,False
Brazil.regions.SP:Santo André,0.0,0.0,11.437627895461388,0.0,False
United_States_of_America.regions.Virginia:Alexandria city,0.0,0.0,10.949511486662757,0.0,False
Brazil.regions.SP:Jandira,0.0,0.0,10.776350474897278,0.0,False
Brazil.regions.RJ:Belford Roxo,0.0,0.0,11.381023156709963,0.0,False
Brazil.regions.SP:Carapicuíba,0.0,0.0,11.327331913615502,0.0,False
Brazil.regions.SP:Poá,0.0,0.0,10.7253422377126,0.0,False
France,2.0,0.0,11.572275413626066,0.0,False
Monaco,0.0,0.0,8.991572139936348,0.0,False
United_States_of_America.regions.Alabama,5.0,0.0,11.454384438756358,0.0,False
United_States_of_America.regions.Wisconsin,0.0,0.0,11.559578930415801,0.0,False
South_Africa,0.0,0.0,11.575023164224838,0.0,False
United_States_of_America.regions.Alaska:Yukon-Koyukuk Census Area,0.0,0.0,7.543705012800837,0.0,False
United_States_of_America.regions.Montana,3.0,0.0,11.202494677517922,0.0,False
Colombia,0.0,0.0,11.574739726176094,0.0,False
Brazil.regions.BA:Salvador,2.0,0.0,11.472309672829285,0.0,False
Philippines,0.0,0.0,11.575816248602836,0.0,False
Burkina_Faso,1.0,0.0,11.566628082926258,0.0,False
Japan,0.0,0.0,11.575963546186161,0.0,False
Brazil.regions.AM:Caapiranga,0.0,0.0,3.9320783946868243,0.0,False
Brazil.regions.AM:Fonte Boa,1.0,0.0,0.21892549499941794,0.0,False
Brazil.regions.AM:Santo Antônio do Içá,0.0,0.0,6.947552878305132,0.0,False
Brazil.regions.AM:São Sebastião do Uatumã,0.0,0.0,4.444086260523532,0.0,False
Brazil.regions.AM:Uarini,0.0,0.0,4.19122950598212,0.0,False
Brazil.regions.AP:Pedra Branca do Amapari,0.0,0.0,5.516882347488999,0.0,False
Brazil.regions.BA:Barra,0.0,0.0,9.710316161239163,0.0,False
Brazil.regions.BA:Cocos,0.0,0.0,6.251089501581563,0.0,False
Brazil.regions.BA:Pilão Arcado,0.0,0.0,8.723524022015333,0.0,False
Brazil.regions.BA:Sento Sé,0.0,0.0,9.118785143574852,0.0,False
Brazil.regions.MA:Alto Parnaíba,1.0,0.0,6.296347104808005,0.0,False
Brazil.regions.MA:Balsas,3.0,0.0,7.3612132878260885,0.0,False
Brazil.regions.MT:Canarana,0.0,0.0,6.94261883951752,0.0,False
Brazil.regions.MT:Cotriguaçu,0.0,0.0,6.513462738972041,0.0,False
Brazil.regions.MT:Nova Ubiratã,0.0,0.0,3.2309017667119644,0.0,False
Brazil.regions.MT:Rondolândia,1.0,0.0,38.4107492460064,0.0,False
Brazil.regions.MT:Santo Antônio do Leverger,0.0,0.0,5.562801508715315,0.0,False
Brazil.regions.MT:Tangará da Serra,0.0,0.0,10.612898456525802,0.0,False
Brazil.regions.PA:Anapu,4.0,0.0,6.350818728456511,0.0,False
Brazil.regions.PA:Chaves,0.0,0.0,7.360369006601467,0.0,False
Brazil.regions.PA:Faro,0.0,0.0,2.3237187378563995,0.0,False
Brazil.regions.PA:Pacajá,0.0,0.0,9.48058148899526,0.0,False
Brazil.regions.PA:Santana do Araguaia,0.0,0.0,10.203448194100321,0.0,False
Brazil.regions.PA:Trairão,2.0,0.0,4.221866375618617,0.0,False
Brazil.regions.PA:Uruará,0.0,0.0,9.377791788318978,0.0,False
Brazil.regions.RO:Nova Mamoré,1.0,0.0,5.037173065342653,0.0,False
Brazil.regions.RO:São Francisco do Guaporé,0.0,0.0,6.642381037000666,0.0,False
Brazil.regions.RO:Vilhena,0.0,0.0,10.575291743495862,0.0,False
Brazil.regions.RR:Caroebe,0.0,0.0,1.7429452441285669,0.0,False
Brazil.regions.RR:Mucajaí,0.0,0.0,5.975454376728203,0.0,False
United_States_of_America.regions.Alaska:Ketchikan Gateway Borough,0.0,0.0,4.3830268082175845,0.0,False
United_States_of_America.regions.Alaska:Prince of Wales-Hyder Census Area,0.0,0.0,4.544477783886434,0.0,False
United_States_of_America.regions.Arizona:Gila,0.0,0.0,9.725519104618561,0.0,False
United_States_of_America.regions.Arizona:Graham,0.0,0.0,9.001889702297827,0.0,False
United_States_of_America.regions.Arizona:La Paz,1.0,0.0,2.1016733400279737,0.0,False
United_States_of_America.regions.Colorado:Las Animas,0.0,0.0,4.683054719243846,0.0,False
United_States_of_America.regions.Colorado:Moffat,1.0,0.0,3.4800856911618396,0.0,False
United_States_of_America.regions.Idaho:Custer,0.0,0.0,11.598217153073664,0.0,False
United_States_of_America.regions.Idaho:Lemhi,0.0,0.0,0.881200525674334,0.0,False
United_States_of_America.regions.Idaho:Valley,0.0,0.0,2.7986639905720985,0.0,False
United_States_of_America.regions.Maine:Piscataquis,0.0,0.0,5.6190535505390296,0.0,False
United_States_of_America.regions.Montana:Big Horn,0.0,0.0,4.068682701697795,0.0,False
United_States_of_America.regions.Montana:Flathead,0.0,0.0,10.61341842554122,0.0,False
United_States_of_America.regions.Montana:Lincoln,0.0,0.0,6.571748873207543,0.0,False
United_States_of_America.regions.Montana:Madison,0.0,0.0,0.051153098531639074,0.0,False
United_States_of_America.regions.Nevada:Churchill,0.0,0.0,7.562140686193599,0.0,False
United_States_of_America.regions.Nevada:Mineral,0.0,0.0,10.620804390377907,0.0,False
United_States_of_America.regions.New Mexico:Cibola,0.0,0.0,7.827925387116016,0.0,False
United_States_of_America.regions.New Mexico:Colfax,0.0,0.0,3.2022458805574114,0.0,False
United_States_of_America.regions.New Mexico:Eddy,0.0,1.0,9.866182547388053,1.7105713308244952,False
United_States_of_America.regions.New Mexico:Grant,0.0,0.0,7.872775805762737,0.0,False
United_States_of_America.regions.New Mexico:Lea,0.0,0.0,10.169690419650568,0.0,False
United_States_of_America.regions.New Mexico:Lincoln,0.0,0.0,6.467414004924176,0.0,False
United_States_of_America.regions.New Mexico:San Juan,0.0,0.0,10.77002901979276,0.0,False
United_States_of_America.regions.New Mexico:San Miguel,0.0,0.0,7.910661566008127,0.0,False
United_States_of_America.regions.New Mexico:Sierra,0.0,0.0,2.3097721341665842,0.0,False
United_States_of_America.regions.New Mexico:Union,0.0,0.0,13.059856124251114,0.0,False
United_States_of_America.regions.Oregon:Douglas,0.0,0.0,10.675690623572072,0.0,False
United_States_of_America.regions.Oregon:Grant,0.0,0.0,2.3140642909776172,0.0,False
United_States_of_America.regions.Texas:Pecos,0.0,0.0,5.256839829043616,0.0,False
United_States_of_America.regions.Utah:Emery,0.0,0.0,1.5887394954718363,0.0,False
United_States_of_America.regions.Utah:Grand,0.0,0.0,1.3245496543044073,0.0,False
United_States_of_America.regions.Utah:Kane,0.0,0.0,1.1039460964260517,0.0,False
United_States_of_America.regions.Utah:Uintah,0.0,0.0,8.778298625512038,0.0,False
United_States_of_America.regions.Wyoming:Albany,0.0,0.0,9.004737417307199,0.0,False
United_States_of_America.regions.Wyoming:Campbell,0.0,0.0,9.418837562207283,0.0,False
United_States_of_America.regions.Wyoming:Converse,0.0,0.0,4.341910874305733,0.0,False
United_States_of_America.regions.Wyoming:Johnson,0.0,0.0,0.26457235032504833,0.0,False
United_States_of_America.regions.Wyoming:Lincoln,0.0,0.0,6.5338895312634815,0.0,False
United_States_of_America.regions.Wyoming:Sublette,0.0,0.0,1.4048486803689926,0.0,False
United_States_of_America.regions.Wyoming:Teton,0.0,0.0,7.31490594094695,0.0,False
Nepal,0.0,0.0,11.573193622613253,0.0,False
Brazil.regions.PR:Colombo,0.0,0.0,11.166457069501126,0.0,False
Brazil.regions.SP:Ribeirão Pires,0.0,0.0,10.766335134847852,0.0,False
Brazil.regions.SP:Vargem Grande Paulista,0.0,0.0,9.675504757540267,0.0,False
Sint_Maarten,0.0,0.0,9.166302159560473,0.0,False
Indonesia,1.0,0.0,11.576006671183691,0.0,False
Paraguay,0.0,0.0,11.56237794674204,0.0,False
Egypt,0.0,0.0,11.575737861677082,0.0,False
Brazil.regions.MG:Betim,0.0,0.0,11.349139729717077,0.0,False
Brazil.regions.PA:Marituba,0.0,0.0,10.816419026743961,0.0,False
Brazil.regions.RJ:Japeri,0.0,0.0,10.62226395762611,0.0,False
Poland,0.0,0.0,11.57412081283048,0.0,False
Brazil.regions.MG:Ibirité,0.0,0.0,11.021827239514185,0.0,False
Brazil.regions.SP:São Vicente,0.0,0.0,11.303378955440964,0.0,False
Greenland,1.0,0.0,8.006918983076448,0.0,False
Brazil.regions.SE:Aracaju,0.0,0.0,11.424549888337157,0.0,False
Brazil.regions.RS,0.0,0.0,11.56796439949983,0.0,False
Russia,1.0,0.0,11.5753695848891,0.0,False
Brazil.regions.SP:Barueri,0.0,0.0,11.212032634658996,0.0,False
Brazil.regions.MS,1.0,0.0,11.504785181716777,0.0,False
Malaysia,2.0,0.0,11.567238703332356,0.0,False
United_States_of_America.regions.New Mexico,3.0,0.0,11.385989633727185,0.0,False
Romania,0.0,0.0,11.571618809472463,0.0,False
Ecuador,0.0,0.0,11.570900570417587,0.0,False
Australia,0.0,0.0,11.572752656879748,0.0,False
Brazil.regions.CE:Pacatuba,0.0,0.0,10.37817299797475,0.0,False
Brazil.regions.MG:Timóteo,0.0,0.0,10.46368871937815,0.0,False
Brazil.regions.RJ:Magé,2.0,0.0,10.35261883163421,0.0,False
Brazil.regions.SP:Mogi das Cruzes,0.0,0.0,11.352459172913361,0.0,False
United_States_of_America.regions.New Jersey:Mercer,0.0,0.0,11.30459319454491,0.0,False
Thailand,0.0,0.0,11.575313548010511,0.0,False
Brazil.regions.SC,1.0,0.0,11.548839584028268,0.0,False
Serbia,0.0,0.0,11.562431506840333,0.0,False
United_States_of_America.regions.Indiana,0.0,0.0,11.561899934809935,0.0,False
New_Zealand,0.0,0.0,11.556285144203747,0.0,False
United_States_of_America.regions.Colorado,1.0,0.0,11.542024034719114,0.0,False
Brazil.regions.RJ:Duque de Caxias,0.0,0.0,11.468010473500044,0.0,False
Brazil.regions.RJ:Queimados,0.0,0.0,10.91150198058151,0.0,False
Brazil.regions.PE:Lagoa de Itaenga,0.0,0.0,6.9101805430125856,0.0,False
Brazil.regions.SP:Itatiba,0.0,1.0,10.749336578571647,0.8274172996409009,False
United_States_of_America.regions.Florida:Lee,0.0,1.0,11.446980993737668,0.12977288447488053,False
United_States_of_America.regions.Indiana:Lake,1.0,0.0,11.164801491669385,0.0,False
United_States_of_America.regions.Louisiana:East Baton Rouge,0.0,0.0,11.349511622060533,0.0,False
United_States_of_America.regions.New Jersey:Ocean,0.0,0.0,11.412059698834236,0.0,False
United_States_of_America.regions.North Carolina:Forsyth,1.0,0.0,11.053597676849726,0.0,False
United_States_of_America.regions.Rhode Island:Kent,6.0,0.0,7.316047331332602,0.0,False
United_States_of_America.regions.Tennessee:Knox,0.0,0.0,11.36412951954077,0.0,False
United_States_of_America.regions.Texas:Fort Bend,0.0,0.0,11.45355383090373,0.0,False
United_States_of_America.regions.Virginia:Buena Vista city,0.0,0.0,3.86010935117924,0.0,False
United_States_of_America.regions.Virginia:Franklin city,0.0,0.0,0.9750221981022502,0.0,False
Angola,1.0,0.0,11.57026242917117,0.0,False
United_States_of_America,0.0,0.0,11.576448224319135,0.0,False
United_States_of_America.regions.Washington,0.0,0.0,11.563621717327294,0.0,False
Brazil.regions.SP:Suzano,0.0,0.0,11.240774144510086,0.0,False
Morocco,0.0,0.0,11.57397834691896,0.0,False
Brazil.regions.SP:Osasco,0.0,0.0,11.433573146902646,0.0,False
Brazil.regions.RJ:Mesquita,0.0,0.0,11.008904381043278,0.0,False
Turkey,0.0,0.0,11.57553910251675,0.0,False
United_States_of_America.regions.Arizona,0.0,0.0,11.563015193221773,0.0,False
Bangladesh,2.0,0.0,11.574894635745645,0.0,False
Togo,0.0,0.0,11.564078151443416,0.0,False
Brazil.regions.SP:Taboão da Serra,0.0,1.0,11.231526304195755,0.3452275740167919,False
Trinidad_and_Tobago,0.0,0.0,11.50480408190242,0.0,False
United_States_of_America.regions.Florida:Palm Beach,1.0,0.0,11.443132814188015,0.0,False
Brazil.regions.SP:São Caetano do Sul,0.0,0.0,10.956125429845732,0.0,False
Brazil.regions.ES:Vila Velha,6.0,0.0,10.159284991654609,0.0,False
Myanmar,1.0,0.0,11.573030065575809,0.0,False
Iraq,0.0,0.0,11.574151988199644,0.0,False
Argentina,0.0,0.0,11.574506409525293,0.0,False
Brazil.regions.PE:Camaragibe,0.0,0.0,10.943152742799313,0.0,False
Afghanistan,0.0,0.0,11.574063709225278,0.0,False
Brazil.regions.SP:Guarujá,0.0,0.0,11.264701478373567,0.0,False
Brazil.regions.RR,1.0,0.0,11.246590662026627,0.0,False
