region,cases_distance,deaths_distance,cases_per_100k_distance,deaths_per_100k_distance,is_same_cluster
Brazil.regions.PE:Jaboatão dos Guararapes,0.8888888888888888,0.0,30.243794229341304,0.0,False
Brazil.regions.RS:Canoas,4.638888888888889,0.0,28.80067904387512,0.0,False
United_States_of_America.regions.Virginia:Manassas Park city,0.0,0.0,21.536805690300515,0.0,False
Brazil.regions.MG:Belo Horizonte,28.5,0.0,29.398261650080308,0.0,False
Brazil.regions.PE:Recife,8.833333333333334,0.0,29.96286091857889,0.0,False
Armenia,0.5833333333333334,0.0,30.561935295073997,0.0,False
Brazil.regions.AL,0.5833333333333334,0.0,30.56584937384885,0.0,False
Brazil.regions.SE,4.888888888888889,0.0,30.314252605707527,0.0,False
Moldova,6.472222222222222,0.0,30.36863268119335,0.0,False
Slovenia,24.444444444444443,0.0,29.336834279681696,0.0,False
United_States_of_America.regions.California:Riverside,5.0,0.0,30.329340395124486,0.0,False
United_States_of_America.regions.Nevada:Clark,2.1666666666666665,0.0,30.43037555575284,0.0,False
Brazil.regions.PB:João Pessoa,0.6111111111111112,0.0,30.36576665270066,0.0,False
Brazil.regions.AC:Cruzeiro do Sul,1.6666666666666667,0.0,26.91834420840132,0.0,False
Brazil.regions.AM:Itacoatiara,2.4722222222222223,0.0,26.593765033006296,0.0,False
Brazil.regions.BA:Barreiras,0.5833333333333334,0.0,29.95247401678892,0.0,False
Brazil.regions.BA:Bom Jesus da Lapa,2.0,0.0,14.985151222233121,0.0,False
Brazil.regions.BA:Campo Alegre de Lourdes,0.9722222222222222,0.0,21.721740159312816,0.0,False
Brazil.regions.BA:Campo Formoso,0.5833333333333334,0.0,29.191437168781526,0.0,False
Brazil.regions.CE:Tauá,4.388888888888889,0.0,20.44915386231442,0.0,False
Brazil.regions.GO:Formosa,1.5833333333333333,0.0,27.99201055630452,0.0,False
Brazil.regions.GO:Jataí,0.5833333333333334,0.0,29.604556092239072,0.0,False
Brazil.regions.GO:Minaçu,0.8055555555555556,0.0,24.86252573747526,0.0,False
Brazil.regions.GO:Padre Bernardo,0.0,0.0,16.36815206504427,0.0,False
Brazil.regions.GO:Quirinópolis,0.21428571428571427,0.0,25.798621901948447,0.0,False
Brazil.regions.MA:Arame,1.6944444444444444,0.0,22.78089758860856,0.0,False
Brazil.regions.MA:Açailândia,0.5833333333333334,0.0,29.7064895351594,0.0,False
Brazil.regions.MA:Parnarama,3.0,0.0,7.86465181671824,0.0,False
Brazil.regions.MA:Santa Luzia,0.25,0.0,28.07288899773916,0.0,False
Brazil.regions.MA:Tuntum,0.5833333333333334,0.0,28.205298765801647,0.0,False
Brazil.regions.MG:Diamantina,3.8666666666666667,0.0,9.12593316037467,0.0,False
Brazil.regions.MG:Paracatu,0.5833333333333334,0.0,29.522368089757574,0.0,False
Brazil.regions.MG:Três Marias,0.5833333333333334,0.0,27.505196317378182,0.0,False
Brazil.regions.MG:Unaí,0.5833333333333334,0.0,29.41067015774311,0.0,False
Brazil.regions.MS:Naviraí,0.5833333333333334,0.0,28.773589362532107,0.0,False
Brazil.regions.MS:Nova Andradina,2.4722222222222223,0.0,23.137183058564922,0.0,False
Brazil.regions.MS:Ponta Porã,0.5833333333333334,0.0,29.51503590947827,0.0,False
Brazil.regions.MS:Sidrolândia,0.5833333333333334,0.0,28.86165903820347,0.0,False
Brazil.regions.MS:Três Lagoas,1.9722222222222223,0.0,27.666729970947422,0.0,False
Brazil.regions.MT:Primavera do Leste,0.5833333333333334,0.0,28.983404104071894,0.0,False
Brazil.regions.MT:Sorriso,7.5,0.0,20.53819875992908,0.0,False
Brazil.regions.PA:Acará,0.5833333333333334,0.0,28.79696087229681,0.0,False
Brazil.regions.PA:Breu Branco,0.5833333333333334,0.0,29.0817169685521,0.0,False
Brazil.regions.PA:Eldorado do Carajás,0.5833333333333334,0.0,27.637933412743596,0.0,False
Brazil.regions.PA:Ipixuna do Pará,5.611111111111111,0.0,19.363795274912363,0.0,False
Brazil.regions.PA:Muaná,0.5555555555555556,0.0,26.396342475508277,0.0,False
Brazil.regions.PA:Ulianópolis,12.472222222222221,0.0,6.945084695856328,0.0,False
Brazil.regions.PA:Xinguara,0.75,0.0,25.381777019097733,0.0,False
Brazil.regions.PI:Floriano,2.2777777777777777,0.0,24.153649008110907,0.0,False
Brazil.regions.RO:Buritis,0.5833333333333334,0.0,28.07399951610416,0.0,False
Brazil.regions.RO:Ji-Paraná,0.5833333333333334,0.0,29.82043307440007,0.0,False
Brazil.regions.RS:Alegrete,0.5833333333333334,0.0,29.236914456054606,0.0,False
Brazil.regions.RS:Caçapava do Sul,0.5833333333333334,0.0,27.62174706127783,0.0,False
Brazil.regions.RS:Itaqui,0.0,0.0,26.387058995754646,0.0,False
Brazil.regions.RS:Sant'Ana do Livramento,1.8333333333333333,0.0,26.160139133512107,0.0,False
Brazil.regions.RS:São Borja,1.3611111111111112,0.0,25.711362714404938,0.0,False
Brazil.regions.RS:São Gabriel,0.5833333333333334,0.0,28.985636890202443,0.0,False
Brazil.regions.RS:Uruguaiana,0.3611111111111111,0.0,29.06439283399264,0.0,False
Brazil.regions.TO:Porto Nacional,0.7222222222222222,0.0,26.246529002366703,0.0,False
Sweden.regions.Kalmar,4.666666666666667,0.0,28.04135209362481,0.0,False
United_States_of_America.regions.California:Del Norte,0.3333333333333333,0.0,23.704303544410102,0.0,False
United_States_of_America.regions.California:Humboldt,0.5833333333333334,0.0,29.85812158911176,0.0,False
United_States_of_America.regions.California:Imperial,10.25,0.0,24.065816607464832,0.0,False
United_States_of_America.regions.California:Mendocino,0.16666666666666666,0.0,28.96274923066862,0.0,False
United_States_of_America.regions.California:Shasta,0.5833333333333334,0.0,30.04050445284293,0.0,False
United_States_of_America.regions.California:Tehama,0.5833333333333334,0.0,29.05933726572206,0.0,False
United_States_of_America.regions.Colorado:Delta,0.6944444444444444,0.0,27.03021692984385,0.0,False
United_States_of_America.regions.Colorado:Eagle,5.583333333333333,0.0,17.59552901224977,0.0,False
United_States_of_America.regions.Colorado:Fremont,0.16666666666666666,0.0,27.63449154923457,0.0,False
United_States_of_America.regions.Colorado:Garfield,3.1666666666666665,0.0,22.687186974509356,0.0,False
United_States_of_America.regions.Colorado:La Plata,12.527777777777779,0.0,6.551831342918486,0.0,False
United_States_of_America.regions.Colorado:Mesa,0.5833333333333334,0.0,29.947346827490506,0.0,False
United_States_of_America.regions.Hawaii:Hawaii,1.6944444444444444,0.0,28.96922942193514,0.0,False
United_States_of_America.regions.Idaho:Jefferson,0.8333333333333334,0.0,22.505469169603213,0.0,False
United_States_of_America.regions.Idaho:Twin Falls,0.5833333333333334,0.0,29.444773815940987,0.0,False
United_States_of_America.regions.Kansas:Butler,0.3611111111111111,0.0,28.76917450202014,0.0,False
United_States_of_America.regions.Kansas:Finney,3.75,0.0,15.970718369909541,0.0,False
United_States_of_America.regions.Kansas:Ford,0.5833333333333334,0.0,27.62130474203228,0.0,False
United_States_of_America.regions.Louisiana:Beauregard,1.3888888888888888,0.0,22.669253153778875,0.0,False
United_States_of_America.regions.Louisiana:Natchitoches,0.4166666666666667,0.0,25.35444835310155,0.0,False
United_States_of_America.regions.Louisiana:Vernon,0.8333333333333334,0.0,25.500477720592546,0.0,False
United_States_of_America.regions.Maine:Hancock,0.6111111111111112,0.0,26.60497092461644,0.0,False
United_States_of_America.regions.Maine:Oxford,2.2222222222222223,0.0,24.031681155253906,0.0,False
United_States_of_America.regions.Maine:Penobscot,1.3333333333333333,0.0,28.678820101302335,0.0,False
United_States_of_America.regions.Michigan:Delta,3.638888888888889,0.0,16.00207795349661,0.0,False
United_States_of_America.regions.Michigan:Marquette,1.3611111111111112,0.0,26.18128758276874,0.0,False
United_States_of_America.regions.Minnesota:Becker,0.8055555555555556,0.0,26.076870766152073,0.0,False
United_States_of_America.regions.Minnesota:Morrison,0.5833333333333334,0.0,27.600545727123126,0.0,False
United_States_of_America.regions.Minnesota:Otter Tail,0.5833333333333334,0.0,28.89356964750072,0.0,False
United_States_of_America.regions.Montana:Cascade,3.4166666666666665,0.0,24.45074032394449,0.0,False
United_States_of_America.regions.Montana:Gallatin,0.0,0.0,29.212191786631884,0.0,False
United_States_of_America.regions.Montana:Missoula,1.7222222222222223,0.0,27.83197076675338,0.0,False
United_States_of_America.regions.Nevada:Lyon,0.5833333333333334,0.0,28.85698517460101,0.0,False
United_States_of_America.regions.New Mexico:Curry,0.5833333333333334,0.0,26.169889548287372,0.0,False
United_States_of_America.regions.New Mexico:Doña Ana,10.63888888888889,0.0,24.99429977742656,0.0,False
United_States_of_America.regions.New Mexico:Sandoval,2.638888888888889,0.0,27.718620859657666,0.0,False
United_States_of_America.regions.New York:Delaware,0.5833333333333334,0.0,28.330037742857105,0.0,False
United_States_of_America.regions.New York:Franklin,4.694444444444445,0.0,18.045779663711254,0.0,False
United_States_of_America.regions.New York:Herkimer,0.5833333333333334,0.0,28.964997307315496,0.0,False
United_States_of_America.regions.New York:St. Lawrence,3.6944444444444446,0.0,25.697188944458944,0.0,False
United_States_of_America.regions.North Dakota:Grand Forks,6.694444444444445,0.0,18.676938346295472,0.0,False
United_States_of_America.regions.North Dakota:Ward,0.16666666666666666,0.0,28.501422721419218,0.0,False
United_States_of_America.regions.Oklahoma:Le Flore,0.5833333333333334,0.0,28.589915866334625,0.0,False
United_States_of_America.regions.Oklahoma:Pittsburg,0.4166666666666667,0.0,26.01433155334287,0.0,False
United_States_of_America.regions.Oregon:Coos,0.5833333333333334,0.0,29.045113063395142,0.0,False
United_States_of_America.regions.Oregon:Linn,9.88888888888889,0.0,21.753955292523237,0.0,False
United_States_of_America.regions.Oregon:Umatilla,0.3888888888888889,0.0,28.065701309419413,0.0,False
United_States_of_America.regions.South Dakota:Pennington,1.5,0.0,27.88578610423785,0.0,False
United_States_of_America.regions.Texas:Maverick,0.5833333333333334,0.0,28.89287393132334,0.0,False
United_States_of_America.regions.Utah:Wasatch,4.777777777777778,0.0,11.936603703141603,0.0,False
United_States_of_America.regions.Washington:Clallam,2.2222222222222223,0.0,25.674687710779878,0.0,False
United_States_of_America.regions.Washington:Grant,5.083333333333333,0.0,23.77450753839131,0.0,False
United_States_of_America.regions.Washington:Grays Harbor,0.5833333333333334,0.0,29.263563434321938,0.0,False
United_States_of_America.regions.Washington:Lewis,0.0,0.0,28.63398420165491,0.0,False
United_States_of_America.regions.Washington:Yakima,4.416666666666667,0.0,28.20416484059564,0.0,False
United_States_of_America.regions.West Virginia:Randolph,0.8333333333333334,0.0,22.173904625778537,0.0,False
United_States_of_America.regions.Wisconsin:Clark,2.4166666666666665,0.0,19.09296624988759,0.0,False
United_States_of_America.regions.Wisconsin:Douglas,1.9166666666666667,0.0,22.484573343558683,0.0,False
United_States_of_America.regions.Wisconsin:Marinette,0.0,0.0,26.671814856718687,0.0,False
United_States_of_America.regions.Wisconsin:Oneida,1.25,0.0,22.63589374016461,0.0,False
United_States_of_America.regions.Wyoming:Laramie,4.25,0.0,24.733166638344706,0.0,False
Brazil.regions.AL:Canapi,0.5833333333333334,0.0,24.953109220759845,0.0,False
Brazil.regions.AL:Maravilha,0.5833333333333334,0.0,10.587810003228345,0.0,False
Brazil.regions.AL:Olho d'Água do Casado,0.0,0.0,8.654728789806882,0.0,False
Brazil.regions.BA:Aiquara,0.5833333333333334,0.0,10.744065663974132,0.0,False
Brazil.regions.BA:Araças,0.2857142857142857,0.0,16.632517162739855,0.0,False
Brazil.regions.BA:Aurelino Leal,0.5833333333333334,0.0,21.923538466845162,0.0,False
Brazil.regions.BA:Barra do Rocha,0.5833333333333334,0.0,8.841746435147845,0.0,False
Brazil.regions.BA:Barro Preto,0.3611111111111111,0.0,8.735283384758864,0.0,False
Brazil.regions.BA:Caldeirão Grande,0.1388888888888889,0.0,17.67300820546765,0.0,False
Brazil.regions.BA:Conde,0.5833333333333334,0.0,26.72539481228066,0.0,False
Brazil.regions.BA:Cravolândia,0.4166666666666667,0.0,8.261059225481668,0.0,False
Brazil.regions.BA:Dário Meira,0.25,0.0,13.477854910079976,0.0,False
Brazil.regions.BA:Itaberaba,0.5833333333333334,0.0,29.045161155322173,0.0,False
Brazil.regions.BA:Itamaraju,0.5833333333333334,0.0,29.045089016312975,0.0,False
Brazil.regions.BA:Itatim,0.5833333333333334,0.0,23.69307281657485,0.0,False
Brazil.regions.BA:Juazeiro,0.3888888888888889,0.0,29.68572621044673,0.0,False
Brazil.regions.BA:Nordestina,0.1388888888888889,0.0,17.47911691949574,0.0,False
Brazil.regions.BA:Ponto Novo,0.6666666666666666,0.0,8.148489342115406,0.0,False
Brazil.regions.CE:Antonina do Norte,0.5833333333333334,0.0,16.995922003638462,0.0,False
Brazil.regions.CE:Apuiarés,0.1388888888888889,0.0,18.799770586548433,0.0,False
Brazil.regions.CE:Caridade,0.8611111111111112,0.0,19.754262468515403,0.0,False
Brazil.regions.CE:Croatá,0.5833333333333334,0.0,25.059634275205863,0.0,False
Brazil.regions.CE:Ibicuitinga,0.16666666666666666,0.0,19.28510129499455,0.0,False
Brazil.regions.CE:Itatira,0.8611111111111112,0.0,19.303511987506756,0.0,False
Brazil.regions.CE:Jucás,2.4166666666666665,0.0,14.488214444793963,0.0,False
Brazil.regions.CE:Milhã,1.6388888888888888,0.0,6.101535574541376,0.0,False
Brazil.regions.CE:Pentecoste,3.5277777777777777,0.0,17.056804671990218,0.0,False
Brazil.regions.CE:Piquet Carneiro,0.0,0.0,13.427097407131095,0.0,False
Brazil.regions.CE:Quixelô,0.5833333333333334,0.0,24.414579430247514,0.0,False
Brazil.regions.CE:São João do Jaguaribe,0.5833333333333334,0.0,17.515368469387866,0.0,False
Brazil.regions.CE:Tejuçuoca,10.805555555555555,0.0,36.940017508835616,0.0,False
Brazil.regions.ES:Conceição da Barra,0.5833333333333334,0.0,27.37654912827669,0.0,False
Brazil.regions.ES:Domingos Martins,8.63888888888889,0.0,5.495337565639196,0.0,False
Brazil.regions.ES:Ibitirama,0.5833333333333334,0.0,19.34595382775107,0.0,False
Brazil.regions.ES:Muniz Freire,0.5833333333333334,0.0,24.870076015845818,0.0,False
Brazil.regions.ES:Pancas,5.138888888888889,0.0,7.3997392837972535,0.0,False
Brazil.regions.ES:Rio Bananal,1.75,0.0,13.181188402600217,0.0,False
Brazil.regions.ES:São Domingos do Norte,0.0,0.0,7.7469176193719935,0.0,False
Brazil.regions.GO:Catalão,0.5833333333333334,0.0,29.676889815151828,0.0,False
Brazil.regions.GO:Guapó,0.5833333333333334,0.0,23.55802025637739,0.0,False
Brazil.regions.GO:Jaraguá,0.0,0.0,27.46118246401009,0.0,False
Brazil.regions.GO:Rio Verde,0.7222222222222222,0.0,29.6174194394469,0.0,False
Brazil.regions.MA:Anapurus,5.583333333333333,0.0,17.218973359324238,0.0,False
Brazil.regions.MA:Bequimão,4.944444444444445,0.0,6.820468038050037,0.0,False
Brazil.regions.MA:Buriticupu,1.9166666666666667,0.0,26.756876559248102,0.0,False
Brazil.regions.MA:Cajari,3.0,0.0,8.744074639399848,0.0,False
Brazil.regions.MA:Cantanhede,0.5833333333333334,0.0,26.04932536636382,0.0,False
Brazil.regions.MA:Caxias,2.4722222222222223,0.0,28.136111872900685,0.0,False
Brazil.regions.MA:Central do Maranhão,0.4285714285714286,0.0,9.673294169406542,0.0,False
Brazil.regions.MA:Codó,2.25,0.0,27.475705330170527,0.0,False
Brazil.regions.MA:Coroatá,15.166666666666666,0.0,12.951261840378603,0.0,False
Brazil.regions.MA:Governador Edison Lobão,0.5833333333333334,0.0,25.130137647009956,0.0,False
Brazil.regions.MA:Lago Verde,1.6666666666666667,0.0,6.4412238325281805,0.0,False
Brazil.regions.MA:Monção,0.5833333333333334,0.0,27.60484592569089,0.0,False
Brazil.regions.MA:Nina Rodrigues,1.6666666666666667,0.0,15.665890591441515,0.0,False
Brazil.regions.MA:Olho d'Água das Cunhãs,0.5833333333333334,0.0,25.468922663621907,0.0,False
Brazil.regions.MA:Peritoró,0.5833333333333334,0.0,26.284725085867713,0.0,False
Brazil.regions.MA:Pirapemas,2.5555555555555554,0.0,8.373590982286634,0.0,False
Brazil.regions.MA:Senador Alexandre Costa,0.0,0.0,16.384042866717515,0.0,False
Brazil.regions.MA:São Bernardo,14.972222222222221,0.0,27.479591277041482,0.0,False
Brazil.regions.MA:Vargem Grande,0.0,0.0,27.793949227631607,0.0,False
Brazil.regions.MA:Vitorino Freire,0.5833333333333334,0.0,27.42352630288148,0.0,False
Brazil.regions.MA:Água Doce do Maranhão,3.3333333333333335,0.0,15.337808782348146,0.0,False
Brazil.regions.MG:Cana Verde,3.4166666666666665,0.0,58.642095058921456,0.0,False
Brazil.regions.MG:Capinópolis,0.5833333333333334,0.0,24.41266845709032,0.0,False
Brazil.regions.MG:Cruzília,0.4642857142857143,0.0,21.809029880300727,0.0,False
Brazil.regions.MG:Divinésia,0.5833333333333334,0.0,9.615180703473257,0.0,False
Brazil.regions.MG:Divisa Nova,0.5833333333333334,0.0,13.959646177391901,0.0,False
Brazil.regions.MG:Goianá,1.25,0.0,40.84476504393626,0.0,False
Brazil.regions.MG:Inhapim,0.2857142857142857,0.0,20.702218425643373,0.0,False
Brazil.regions.MG:Itaipé,0.0,0.0,11.486680901973255,0.0,False
Brazil.regions.MG:Itumirim,0.5833333333333334,0.0,13.992791454550364,0.0,False
Brazil.regions.MG:Lagoa Dourada,0.0,0.0,11.636685564768799,0.0,False
Brazil.regions.MG:Malacacheta,0.0,0.0,13.961741202678375,0.0,False
Brazil.regions.MG:Nanuque,0.4166666666666667,0.0,25.687837744386158,0.0,False
Brazil.regions.MG:Piranguçu,0.4166666666666667,0.0,8.40113568946521,0.0,False
Brazil.regions.MG:Poté,0.5833333333333334,0.0,24.55534204775863,0.0,False
Brazil.regions.MG:Sobrália,0.5833333333333334,0.0,12.587529393956,0.0,False
Brazil.regions.MG:São Francisco do Glória,0.5833333333333334,0.0,11.05207099175433,0.0,False
Brazil.regions.MG:Tombos,0.5833333333333334,0.0,18.130093932506863,0.0,False
Brazil.regions.PA:Bonito,1.0833333333333333,0.0,14.221831461498502,0.0,False
Brazil.regions.PA:Jacundá,3.1666666666666665,0.0,22.566060858975938,0.0,False
Brazil.regions.PA:Magalhães Barata,0.3888888888888889,0.0,10.691856363019378,0.0,False
Brazil.regions.PA:Parauapebas,0.16666666666666666,0.0,29.915616219461988,0.0,False
Brazil.regions.PA:Salvaterra,0.6111111111111112,0.0,21.356825142684826,0.0,False
Brazil.regions.PB:Cuité,0.5833333333333334,0.0,25.67890888746687,0.0,False
Brazil.regions.PB:Lastro,0.0,0.0,17.212682174319,0.0,False
Brazil.regions.PB:Piancó,1.0833333333333333,0.0,14.006907035509377,0.0,False
Brazil.regions.PB:Picuí,0.4642857142857143,0.0,22.948640303679838,0.0,False
Brazil.regions.PB:Pocinhos,0.5833333333333334,0.0,25.209043111856413,0.0,False
Brazil.regions.PB:Santa Helena,0.5833333333333334,0.0,13.615001521710418,0.0,False
Brazil.regions.PB:Soledade,0.4166666666666667,0.0,17.25269491776525,0.0,False
Brazil.regions.PB:São José de Piranhas,0.5833333333333334,0.0,25.657785452792893,0.0,False
Brazil.regions.PB:São José do Bonfim,0.5833333333333334,0.0,9.807157146756957,0.0,False
Brazil.regions.PE:Orocó,0.5833333333333334,0.0,23.925144136401325,0.0,False
Brazil.regions.PE:Ouricuri,0.9722222222222222,0.0,26.916584370872386,0.0,False
Brazil.regions.PE:Serra Talhada,1.4166666666666667,0.0,27.121580430913028,0.0,False
Brazil.regions.PE:Tupanatinga,0.8611111111111112,0.0,21.64311600100591,0.0,False
Brazil.regions.PI:Anísio de Abreu,2.2222222222222223,0.0,8.433189687957041,0.0,False
Brazil.regions.PI:Barras,1.8333333333333333,0.0,23.336503582559537,0.0,False
Brazil.regions.PI:Campo Maior,0.5833333333333334,0.0,28.46056669029879,0.0,False
Brazil.regions.PI:Luís Correia,0.4166666666666667,0.0,23.997548548113485,0.0,False
Brazil.regions.PI:São Pedro do Piauí,0.7222222222222222,0.0,22.626539613515302,0.0,False
Brazil.regions.PR:Alvorada do Sul,0.1388888888888889,0.0,15.496547710714168,0.0,False
Brazil.regions.PR:Anahy,0.0,0.0,16.3778636684276,0.0,False
Brazil.regions.PR:Araruna,2.361111111111111,0.0,8.051529790660224,0.0,False
Brazil.regions.PR:Boa Vista da Aparecida,0.3611111111111111,0.0,14.494874958925639,0.0,False
Brazil.regions.PR:Campo do Tenente,0.5833333333333334,0.0,18.05033584909548,0.0,False
Brazil.regions.PR:Castro,0.16666666666666666,0.0,28.61401774445253,0.0,False
Brazil.regions.PR:Centenário do Sul,0.1388888888888889,0.0,14.689077984944602,0.0,False
Brazil.regions.PR:Cruzeiro do Iguaçu,1.0,0.0,27.713017119536815,0.0,False
Brazil.regions.PR:Guaraci,0.3888888888888889,0.0,7.8656802298798105,0.0,False
Brazil.regions.PR:Guaratuba,0.16666666666666666,0.0,26.773905128142637,0.0,False
Brazil.regions.PR:Jaguapitã,0.5833333333333334,0.0,23.2536692984883,0.0,False
Brazil.regions.PR:Mariópolis,0.5833333333333334,0.0,15.467220163661656,0.0,False
Brazil.regions.PR:Nova Fátima,0.5833333333333334,0.0,18.330389434117592,0.0,False
Brazil.regions.PR:Pinhal de São Bento,0.5833333333333334,0.0,8.389982965309729,0.0,False
Brazil.regions.PR:Santa Mariana,0.5833333333333334,0.0,22.066301092601655,0.0,False
Brazil.regions.PR:São João,0.0,0.0,9.559000078777785,0.0,False
Brazil.regions.PR:São João do Ivaí,2.1944444444444446,0.0,9.999003571646742,0.0,False
Brazil.regions.PR:Tamboara,0.5833333333333334,0.0,11.237545289855072,0.0,False
Brazil.regions.PR:Tupãssi,0.5833333333333334,0.0,18.286605917458143,0.0,False
Brazil.regions.RJ:Cambuci,7.380952380952381,0.0,39.012623620674326,0.0,False
Brazil.regions.RJ:Cantagalo,0.5833333333333334,0.0,25.638446557671656,0.0,False
Brazil.regions.RJ:Laje do Muriaé,0.4722222222222222,0.0,7.534100865069642,0.0,False
Brazil.regions.RJ:São José de Ubá,1.25,0.0,9.811615985031857,0.0,False
Brazil.regions.RN:Antônio Martins,0.2857142857142857,0.0,10.848919237272298,0.0,False
Brazil.regions.RN:Barcelona,0.5833333333333334,0.0,10.324002581000647,0.0,False
Brazil.regions.RN:Caiçara do Norte,1.0666666666666667,0.0,12.233309211938538,0.0,False
Brazil.regions.RN:Riacho da Cruz,0.5833333333333334,0.0,9.835959360358938,0.0,False
Brazil.regions.RN:Rodolfo Fernandes,0.0,0.0,3.0627175778575904,0.0,False
Brazil.regions.RS:Bagé,4.666666666666667,0.0,25.436621175254174,0.0,False
Brazil.regions.RS:Butiá,0.3888888888888889,0.0,21.17781873326956,0.0,False
Brazil.regions.RS:Pinto Bandeira,0.25,0.0,30.454247845552192,0.0,False
Brazil.regions.RS:São Jerônimo,0.0,0.0,15.19962002942222,0.0,False
Brazil.regions.RS:São José das Missões,0.5833333333333334,0.0,8.820820614962953,0.0,False
Brazil.regions.SC:Aurora,0.5833333333333334,0.0,12.98707927247857,0.0,False
Brazil.regions.SC:Caxambu do Sul,0.6388888888888888,0.0,30.420722276606526,0.0,False
Brazil.regions.SC:Ipira,1.1388888888888888,0.0,30.63275679599097,0.0,False
Brazil.regions.SC:Ipuaçu,1.3333333333333333,0.0,13.73453396922631,0.0,False
Brazil.regions.SC:Papanduva,0.4166666666666667,0.0,20.243846330802853,0.0,False
Brazil.regions.SC:Peritiba,1.0277777777777777,0.0,63.09313947260312,0.0,False
Brazil.regions.SC:Piratuba,3.0833333333333335,0.0,90.49050404164234,0.0,False
Brazil.regions.SC:Praia Grande,0.5833333333333334,0.0,16.93274447927317,0.0,False
Brazil.regions.SC:Santa Helena,0.5833333333333334,0.0,14.388442306062444,0.0,False
Brazil.regions.SC:São Domingos,0.5833333333333334,0.0,7.655986135512917,0.0,False
Brazil.regions.SC:Taió,0.5833333333333334,0.0,25.159553351287872,0.0,False
Brazil.regions.SC:Tigrinhos,0.5833333333333334,0.0,30.64117393572384,0.0,False
Brazil.regions.SE:Itabi,0.0,0.0,1.0720046190787258,0.0,False
Brazil.regions.SE:Nossa Senhora Aparecida,0.0,0.0,7.954867495765534,0.0,False
Brazil.regions.SE:Poço Redondo,1.0277777777777777,0.0,23.087226256669574,0.0,False
Brazil.regions.SP:Borborema,0.5833333333333334,0.0,24.36373044244978,0.0,False
Brazil.regions.SP:Brejo Alegre,0.5833333333333334,0.0,8.67541796292081,0.0,False
Brazil.regions.SP:Estrela d'Oeste,0.5833333333333334,0.0,18.71791796754485,0.0,False
Brazil.regions.SP:Flórida Paulista,0.5833333333333334,0.0,23.765212111612684,0.0,False
Brazil.regions.SP:Gastão Vidigal,0.25,0.0,7.535079751675279,0.0,False
Brazil.regions.SP:Guaimbê,0.7142857142857143,0.0,12.107521591287947,0.0,False
Brazil.regions.SP:Herculândia,1.0833333333333333,0.0,8.686794307840598,0.0,False
Brazil.regions.SP:Jacupiranga,0.8888888888888888,0.0,16.758232200242528,0.0,False
Brazil.regions.SP:Marapoama,0.5833333333333334,0.0,8.99401833230531,0.0,False
Brazil.regions.SP:Mendonça,1.0666666666666667,0.0,18.32053008104327,0.0,False
Brazil.regions.SP:Miguelópolis,0.5833333333333334,0.0,26.096578074480963,0.0,False
Brazil.regions.SP:Rinópolis,0.5833333333333334,0.0,20.576777035788286,0.0,False
Brazil.regions.SP:Sarapuí,0.5833333333333334,0.0,20.872915781076678,0.0,False
Brazil.regions.SP:Sarutaiá,0.5833333333333334,0.0,9.91148186214754,0.0,False
Brazil.regions.SP:Trabiju,0.0,0.0,38.680968873645156,0.0,False
Brazil.regions.TO:Praia Norte,8.035714285714285,0.0,84.37065803413466,0.0,False
Brazil.regions.TO:Sítio Novo do Tocantins,0.5833333333333334,0.0,19.520389569554823,0.0,False
Sweden.regions.Kronoberg,11.833333333333334,0.0,23.88365394039498,0.0,False
United_States_of_America.regions.Arkansas:Jefferson,3.5277777777777777,0.0,22.947197271444224,0.0,False
United_States_of_America.regions.Arkansas:Miller,8.916666666666666,0.0,6.32228522059874,0.0,False
United_States_of_America.regions.Arkansas:White,5.944444444444445,0.0,21.037094453759327,0.0,False
United_States_of_America.regions.California:Madera,0.5833333333333334,0.0,29.960194397819603,0.0,False
United_States_of_America.regions.Colorado:Pueblo,0.3888888888888889,0.0,29.622739955512934,0.0,False
United_States_of_America.regions.Florida:Monroe,8.0,0.0,17.685141580144286,0.0,False
United_States_of_America.regions.Florida:Walton,6.083333333333333,0.0,20.24538366168283,0.0,False
United_States_of_America.regions.Georgia:Ben Hill,0.6666666666666666,0.0,17.12275931229329,0.0,False
United_States_of_America.regions.Georgia:Cook,0.3611111111111111,0.0,23.51867236940624,0.0,False
United_States_of_America.regions.Georgia:Fannin,1.3055555555555556,0.0,19.564467210584585,0.0,False
United_States_of_America.regions.Georgia:Gilmer,0.3611111111111111,0.0,26.699539105168036,0.0,False
United_States_of_America.regions.Georgia:Jones,0.9722222222222222,0.0,21.702284213537723,0.0,False
United_States_of_America.regions.Georgia:Monroe,0.8611111111111112,0.0,21.73206512834509,0.0,False
United_States_of_America.regions.Georgia:Towns,0.3611111111111111,0.0,14.441917346367758,0.0,False
United_States_of_America.regions.Idaho:Bannock,1.5277777777777777,0.0,27.0527293042821,0.0,False
United_States_of_America.regions.Illinois:Adams,0.5833333333333334,0.0,29.067579079040836,0.0,False
United_States_of_America.regions.Illinois:Knox,0.5833333333333334,0.0,28.583700284731794,0.0,False
United_States_of_America.regions.Illinois:Woodford,0.1388888888888889,0.0,26.11773987389126,0.0,False
United_States_of_America.regions.Indiana:Blackford,1.8888888888888888,0.0,6.52298541247416,0.0,False
United_States_of_America.regions.Indiana:Clay,0.6388888888888888,0.0,22.122134568771116,0.0,False
United_States_of_America.regions.Indiana:Gibson,2.0555555555555554,0.0,19.784770425790274,0.0,False
United_States_of_America.regions.Indiana:Jennings,0.2222222222222222,0.0,24.085787765332526,0.0,False
United_States_of_America.regions.Indiana:Knox,2.8333333333333335,0.0,18.526439354515233,0.0,False
United_States_of_America.regions.Indiana:Ohio,0.5833333333333334,0.0,13.574536608764175,0.0,False
United_States_of_America.regions.Indiana:Starke,0.5833333333333334,0.0,26.247041732449716,0.0,False
United_States_of_America.regions.Iowa:Marshall,6.305555555555555,0.0,10.834398955929139,0.0,False
United_States_of_America.regions.Kentucky:Bell,0.0,0.0,15.482245560276615,0.0,False
United_States_of_America.regions.Kentucky:Garrard,1.0833333333333333,0.0,22.104926755963632,0.0,False
United_States_of_America.regions.Kentucky:Lincoln,0.5833333333333334,0.0,26.52232752281103,0.0,False
United_States_of_America.regions.Kentucky:Mason,0.5833333333333334,0.0,24.737582390214772,0.0,False
United_States_of_America.regions.Kentucky:Powell,0.5833333333333334,0.0,22.504543684321142,0.0,False
United_States_of_America.regions.Kentucky:Russell,0.3611111111111111,0.0,23.77651831959996,0.0,False
United_States_of_America.regions.Maryland:Kent,1.0555555555555556,0.0,17.00870122382258,0.0,False
United_States_of_America.regions.Michigan:Emmet,1.3333333333333333,0.0,21.867198310997956,0.0,False
United_States_of_America.regions.Michigan:Gratiot,2.138888888888889,0.0,21.452775150365696,0.0,False
United_States_of_America.regions.Minnesota:McLeod,0.0,0.0,26.184553813169785,0.0,False
United_States_of_America.regions.Mississippi:Tate,4.527777777777778,0.0,9.535021051031347,0.0,False
United_States_of_America.regions.Mississippi:Union,0.5555555555555556,0.0,23.172981731703413,0.0,False
United_States_of_America.regions.Missouri:Stone,0.75,0.0,23.293192606945848,0.0,False
United_States_of_America.regions.Montana:Yellowstone,2.25,0.0,28.219289129286704,0.0,False
United_States_of_America.regions.Nebraska:Dakota,15.61111111111111,0.0,59.3421520354189,0.0,False
United_States_of_America.regions.Nebraska:Dodge,1.1944444444444444,0.0,22.998991714620228,0.0,False
United_States_of_America.regions.Nevada:Douglas,2.611111111111111,0.0,22.01909416873655,0.0,False
United_States_of_America.regions.New Mexico:Santa Fe,2.1666666666666665,0.0,28.101765664637355,0.0,False
United_States_of_America.regions.New Mexico:Valencia,2.8333333333333335,0.0,24.83654621793121,0.0,False
United_States_of_America.regions.New York:Clinton,2.9722222222222223,0.0,24.935683297624898,0.0,False
United_States_of_America.regions.New York:Greene,0.4166666666666667,0.0,26.357447518317453,0.0,False
United_States_of_America.regions.New York:Sullivan,15.527777777777779,0.0,8.411026454343325,0.0,False
United_States_of_America.regions.New York:Warren,0.0,0.0,28.119688261850698,0.0,False
United_States_of_America.regions.New York:Washington,0.8055555555555556,0.0,26.69265509574327,0.0,False
United_States_of_America.regions.New York:Yates,0.6388888888888888,0.0,23.459869007592474,0.0,False
United_States_of_America.regions.North Carolina:Avery,0.0,0.0,13.62793760227213,0.0,False
United_States_of_America.regions.North Carolina:Duplin,0.5833333333333334,0.0,28.89342475351211,0.0,False
United_States_of_America.regions.North Carolina:Halifax,5.527777777777778,0.0,16.376434857955946,0.0,False
United_States_of_America.regions.North Carolina:Hertford,1.2222222222222223,0.0,18.74652674272926,0.0,False
United_States_of_America.regions.North Carolina:Mitchell,0.4166666666666667,0.0,17.23040288641209,0.0,False
United_States_of_America.regions.North Carolina:Pender,2.111111111111111,0.0,24.737195309734926,0.0,False
United_States_of_America.regions.Ohio:Carroll,1.7222222222222223,0.0,18.313894665623685,0.0,False
United_States_of_America.regions.Ohio:Fayette,0.5833333333333334,0.0,27.09011644727836,0.0,False
United_States_of_America.regions.Ohio:Putnam,0.5833333333333334,0.0,27.64256315282698,0.0,False
United_States_of_America.regions.Ohio:Van Wert,0.1388888888888889,0.0,24.50484159629587,0.0,False
United_States_of_America.regions.Oklahoma:McClain,0.3611111111111111,0.0,27.576041938456026,0.0,False
United_States_of_America.regions.Oregon:Deschutes,2.9722222222222223,0.0,28.291442994507666,0.0,False
United_States_of_America.regions.Oregon:Jackson,0.4166666666666667,0.0,29.690606455287334,0.0,False
United_States_of_America.regions.Pennsylvania:Clearfield,1.2222222222222223,0.0,27.055903349540017,0.0,False
United_States_of_America.regions.Pennsylvania:Somerset,0.3888888888888889,0.0,27.91058137445151,0.0,False
United_States_of_America.regions.Pennsylvania:Venango,1.25,0.0,25.003855098143234,0.0,False
United_States_of_America.regions.Pennsylvania:Wayne,0.5833333333333334,0.0,28.648810614995412,0.0,False
United_States_of_America.regions.Pennsylvania:Wyoming,4.444444444444445,0.0,8.099068493835654,0.0,False
United_States_of_America.regions.South Carolina:Georgetown,4.888888888888889,0.0,20.269996002495102,0.0,False
United_States_of_America.regions.South Carolina:Orangeburg,7.194444444444445,0.0,20.409822165602243,0.0,False
United_States_of_America.regions.Tennessee:Claiborne,0.3333333333333333,0.0,24.598545872406262,0.0,False
United_States_of_America.regions.Tennessee:DeKalb,1.5833333333333333,0.0,15.141119858161046,0.0,False
United_States_of_America.regions.Tennessee:Dyer,0.5555555555555556,0.0,24.839767861822324,0.0,False
United_States_of_America.regions.Tennessee:Lawrence,1.3611111111111112,0.0,23.92542118682854,0.0,False
United_States_of_America.regions.Tennessee:Monroe,1.4166666666666667,0.0,24.1504377613893,0.0,False
United_States_of_America.regions.Tennessee:White,0.3611111111111111,0.0,26.126176260927863,0.0,False
United_States_of_America.regions.Texas:Camp,0.5833333333333334,0.0,22.958727516407436,0.0,False
United_States_of_America.regions.Texas:Chambers,2.638888888888889,0.0,20.964172758715982,0.0,False
United_States_of_America.regions.Texas:Coryell,0.5833333333333334,0.0,29.279174845566914,0.0,False
United_States_of_America.regions.Texas:Kendall,4.722222222222222,0.0,17.301647878971647,0.0,False
United_States_of_America.regions.Texas:Liberty,0.5555555555555556,0.0,28.17129140207527,0.0,False
United_States_of_America.regions.Texas:Nacogdoches,1.3055555555555556,0.0,26.165273837462525,0.0,False
United_States_of_America.regions.Texas:Tom Green,3.4722222222222223,0.0,26.35457532233138,0.0,False
United_States_of_America.regions.Texas:Upshur,0.5833333333333334,0.0,28.200775722172256,0.0,False
United_States_of_America.regions.Texas:Wise,1.25,0.0,26.547268775305994,0.0,False
United_States_of_America.regions.Texas:Wood,0.9722222222222222,0.0,24.9840176983371,0.0,False
United_States_of_America.regions.Utah:Washington,0.5833333333333334,0.0,30.0326106092713,0.0,False
United_States_of_America.regions.Virginia:Accomack,0.16666666666666666,0.0,26.212019830741475,0.0,False
United_States_of_America.regions.Virginia:Augusta,7.111111111111111,0.0,19.088832548000685,0.0,False
United_States_of_America.regions.Washington:Franklin,1.1111111111111112,0.0,27.76616832785804,0.0,False
United_States_of_America.regions.Washington:Mason,0.3611111111111111,0.0,28.765262308537405,0.0,False
United_States_of_America.regions.Washington:Skagit,3.4444444444444446,0.0,26.704494929072318,0.0,False
United_States_of_America.regions.West Virginia:Logan,0.2222222222222222,0.0,24.95680025733513,0.0,False
United_States_of_America.regions.West Virginia:Upshur,0.5833333333333334,0.0,26.45947965057107,0.0,False
United_States_of_America.regions.Wisconsin:Columbia,3.388888888888889,0.0,21.953279966967628,0.0,False
United_States_of_America.regions.Wisconsin:Sauk,2.75,0.0,23.871420210291838,0.0,False
Brazil.regions.AL:Inhapi,0.5833333333333334,0.0,25.156596451721256,0.0,False
Brazil.regions.AL:Jundiá,0.4642857142857143,0.0,9.310541566074448,0.0,False
Brazil.regions.AL:Major Isidoro,1.8611111111111112,0.0,13.203142812444405,0.0,False
Brazil.regions.AL:Tanque d'Arca,1.8,0.0,26.528810678507984,0.0,False
Brazil.regions.BA:Canarana,0.5833333333333334,0.0,26.77551980597585,0.0,False
Brazil.regions.BA:Ibirapitanga,0.5833333333333334,0.0,26.317738338198694,0.0,False
Brazil.regions.BA:Ibirataia,1.3333333333333333,0.0,11.726775501138322,0.0,False
Brazil.regions.BA:Ribeira do Pombal,0.5833333333333334,0.0,28.73731895654855,0.0,False
Brazil.regions.BA:São José da Vitória,0.25,0.0,6.202965729831252,0.0,False
Brazil.regions.BA:Taperoá,1.3888888888888888,0.0,16.492072945316384,0.0,False
Brazil.regions.CE:Carnaubal,0.5833333333333334,0.0,24.91593134605152,0.0,False
Brazil.regions.CE:Forquilha,0.5833333333333334,0.0,26.466653075679062,0.0,False
Brazil.regions.CE:Icapuí,0.3888888888888889,0.0,22.374237560438985,0.0,False
Brazil.regions.CE:Ipaumirim,0.5833333333333334,0.0,22.57206290361822,0.0,False
Brazil.regions.CE:Jardim,0.5833333333333334,0.0,26.915824980471175,0.0,False
Brazil.regions.CE:Marco,0.4166666666666667,0.0,23.28613885050133,0.0,False
Brazil.regions.CE:Mauriti,0.5833333333333334,0.0,28.510829258885238,0.0,False
Brazil.regions.CE:Milagres,0.19444444444444445,0.0,25.547511049489636,0.0,False
Brazil.regions.CE:Pires Ferreira,0.5833333333333334,0.0,21.464227047993468,0.0,False
Brazil.regions.CE:Reriutaba,0.5833333333333334,0.0,25.187776862504638,0.0,False
Brazil.regions.CE:Russas,1.2222222222222223,0.0,27.00787096398458,0.0,False
Brazil.regions.CE:Várzea Alegre,0.5833333333333334,0.0,28.14007783455232,0.0,False
Brazil.regions.ES:Barra de São Francisco,1.7777777777777777,0.0,23.06812874513347,0.0,False
Brazil.regions.ES:Jaguaré,1.1666666666666667,0.0,21.572615383200986,0.0,False
Brazil.regions.ES:Linhares,0.9166666666666666,0.0,29.15534764604036,0.0,False
Brazil.regions.ES:Mantenópolis,1.0666666666666667,0.0,5.918792322984365,0.0,False
Brazil.regions.ES:Muqui,1.4166666666666667,0.0,13.334717556462596,0.0,False
Brazil.regions.GO:Aragoiânia,0.5833333333333334,0.0,20.89461025534316,0.0,False
Brazil.regions.GO:Goianésia,0.5833333333333334,0.0,29.16895400697447,0.0,False
Brazil.regions.GO:Santo Antônio de Goiás,0.5833333333333334,0.0,14.67984949290612,0.0,False
Brazil.regions.MA:Itapecuru Mirim,0.5833333333333334,0.0,29.12960204077706,0.0,False
Brazil.regions.MA:Magalhães de Almeida,1.9166666666666667,0.0,12.942227004569386,0.0,False
Brazil.regions.MA:Penalva,1.4166666666666667,0.0,22.797528827071897,0.0,False
Brazil.regions.MA:Viana,0.5833333333333334,0.0,28.688908301856355,0.0,False
Brazil.regions.MA:Vitória do Mearim,0.5833333333333334,0.0,26.187180423272,0.0,False
Brazil.regions.MG:Alpercata,0.5833333333333334,0.0,17.125985618301957,0.0,False
Brazil.regions.MG:Alpinópolis,0.5833333333333334,0.0,25.55879109198178,0.0,False
Brazil.regions.MG:Boa Esperança,0.5833333333333334,0.0,28.103725582708073,0.0,False
Brazil.regions.MG:Bom Repouso,0.4166666666666667,0.0,11.633074985109976,0.0,False
Brazil.regions.MG:Botelhos,0.5833333333333334,0.0,23.91623268216566,0.0,False
Brazil.regions.MG:Cajuri,0.5833333333333334,0.0,10.312501135938177,0.0,False
Brazil.regions.MG:Campanha,0.5833333333333334,0.0,24.59521314450286,0.0,False
Brazil.regions.MG:Carmo do Cajuru,0.5833333333333334,0.0,26.147018827784947,0.0,False
Brazil.regions.MG:Carmópolis de Minas,2.4166666666666665,0.0,11.04833788220847,0.0,False
Brazil.regions.MG:Cipotânea,0.0,0.0,4.589621107132208,0.0,False
Brazil.regions.MG:Cláudio,0.5833333333333334,0.0,23.02455602637465,0.0,False
Brazil.regions.MG:Estiva,0.3611111111111111,0.0,19.83112919691486,0.0,False
Brazil.regions.MG:Formiga,0.5833333333333334,0.0,29.1183373243026,0.0,False
Brazil.regions.MG:Igaratinga,0.0,0.0,10.115568366829475,0.0,False
Brazil.regions.MG:Inconfidentes,0.0,0.0,5.677383287977555,0.0,False
Brazil.regions.MG:Itamarati de Minas,1.0,0.0,26.600553531118106,0.0,False
Brazil.regions.MG:Lajinha,0.5833333333333334,0.0,25.57648880557296,0.0,False
Brazil.regions.MG:Miraí,0.3333333333333333,0.0,10.443071169002328,0.0,False
Brazil.regions.MG:Oliveira,0.2857142857142857,0.0,22.445891125627586,0.0,False
Brazil.regions.MG:Pitangui,0.0,0.0,15.750839313512225,0.0,False
Brazil.regions.MG:Recreio,0.5833333333333334,0.0,21.087398257280558,0.0,False
Brazil.regions.MG:Santa Bárbara,0.5833333333333334,0.0,27.403372903142493,0.0,False
Brazil.regions.MG:São Gonçalo do Sapucaí,0.0,0.0,15.394244015168729,0.0,False
Brazil.regions.MG:Toledo,0.5833333333333334,0.0,14.616267023620395,0.0,False
Brazil.regions.MS:Dourados,2.5555555555555554,0.0,28.739384654083025,0.0,False
Brazil.regions.MT:Rondonópolis,4.027777777777778,0.0,28.18233865662911,0.0,False
Brazil.regions.PA:Concórdia do Pará,0.8333333333333334,0.0,23.342476669702847,0.0,False
Brazil.regions.PA:Igarapé-Açu,2.5833333333333335,0.0,19.858918657992334,0.0,False
Brazil.regions.PA:Quatipuru,0.5833333333333334,0.0,23.247194744779286,0.0,False
Brazil.regions.PB:Mataraca,0.5833333333333334,0.0,18.73904298871564,0.0,False
Brazil.regions.PB:Tacima,0.4166666666666667,0.0,12.26568764314876,0.0,False
Brazil.regions.PE:Buíque,0.3611111111111111,0.0,27.26503029922871,0.0,False
Brazil.regions.PE:Ipubi,0.5833333333333334,0.0,27.35474235470008,0.0,False
Brazil.regions.PE:Palmeirina,0.0,0.0,6.324841392294017,0.0,False
Brazil.regions.PE:Terezinha,1.3055555555555556,0.0,9.99974018869788,0.0,False
Brazil.regions.PE:Tuparetama,0.5833333333333334,0.0,18.40366494798606,0.0,False
Brazil.regions.PE:Águas Belas,4.5,0.0,16.592790086093157,0.0,False
Brazil.regions.PI:Matias Olímpio,0.0,0.4642857142857143,14.905784732603218,4.24548019646776,False
Brazil.regions.PI:Piripiri,4.444444444444445,0.0,21.13928881277691,0.0,False
Brazil.regions.PI:Porto,0.5833333333333334,0.0,22.63909773665399,0.0,False
Brazil.regions.PR:Agudos do Sul,4.694444444444445,0.0,36.87642458348878,0.0,False
Brazil.regions.PR:Capanema,0.0,0.0,14.094639914233777,0.0,False
Brazil.regions.PR:Laranjeiras do Sul,0.0,0.0,16.205784178032268,0.0,False
Brazil.regions.PR:Nova Londrina,0.1388888888888889,0.0,17.561511969193468,0.0,False
Brazil.regions.PR:Palotina,0.4166666666666667,0.0,24.315589628549553,0.0,False
Brazil.regions.PR:Realeza,0.4166666666666667,0.0,18.776879272349543,0.0,False
Brazil.regions.PR:Uraí,0.0,1.0,16.60135206491779,8.8386070355312,False
Brazil.regions.PR:Wenceslau Braz,2.6944444444444446,0.0,9.201321754790566,0.0,False
Brazil.regions.RJ:Paraty,0.5833333333333334,0.0,26.348544970214093,0.0,False
Brazil.regions.RN:Açu,1.8333333333333333,0.0,25.281278958799266,0.0,False
Brazil.regions.RN:Ielmo Marinho,0.5833333333333334,0.0,23.331538905511323,0.0,False
Brazil.regions.RN:Itaú,10.095238095238093,0.0,168.99485145117347,0.0,False
Brazil.regions.RN:João Câmara,0.3611111111111111,0.0,25.033105596314197,0.0,False
Brazil.regions.RN:Pilões,0.3611111111111111,0.0,10.343775287775408,0.0,False
Brazil.regions.RN:Serra Caiada,0.3333333333333333,0.0,6.496992004238382,0.0,False
Brazil.regions.RN:Umarizal,0.3333333333333333,0.0,6.691427695279157,0.0,False
Brazil.regions.RS:Brochier,0.0,0.0,0.3846454121513645,0.0,False
Brazil.regions.RS:Cruz Alta,0.5833333333333334,0.0,28.93741090928008,0.0,False
Brazil.regions.RS:Muçum,0.3611111111111111,0.0,7.409010995631089,0.0,False
Brazil.regions.RS:Nova Bassano,0.8611111111111112,0.0,8.980535802945495,0.0,False
Brazil.regions.RS:Não-Me-Toque,1.8333333333333333,0.0,11.20937047489772,0.0,False
Brazil.regions.RS:Paverama,0.5833333333333334,0.0,18.813086681591457,0.0,False
Brazil.regions.RS:Planalto,1.25,0.0,18.928493941285048,0.0,False
Brazil.regions.RS:Tabaí,2.4166666666666665,0.0,54.16790792284864,0.0,False
Brazil.regions.RS:Três Cachoeiras,1.25,0.0,10.173934314144134,0.0,False
Brazil.regions.RS:Westfália,0.0,0.0,21.936812320817396,0.0,False
Brazil.regions.SC:Armazém,0.16666666666666666,0.0,14.263479025737048,0.0,False
Brazil.regions.SC:Canoinhas,0.6666666666666666,0.0,26.45985982129899,0.0,False
Brazil.regions.SC:Luiz Alves,0.1388888888888889,0.0,17.202686038926604,0.0,False
Brazil.regions.SC:Luzerna,0.0,0.0,1.733521981313654,0.0,False
Brazil.regions.SC:Palmitos,0.5833333333333334,0.0,24.411138827614803,0.0,False
Brazil.regions.SC:Planalto Alegre,0.3611111111111111,0.0,37.154864302266205,0.0,False
Brazil.regions.SC:Rio Negrinho,0.5833333333333334,0.0,28.23185878155013,0.0,False
Brazil.regions.SC:Treze de Maio,1.25,0.0,9.41736760799408,0.0,False
Brazil.regions.SC:Três Barras,0.3611111111111111,0.0,24.25484188299279,0.0,False
Brazil.regions.SC:Águas de Chapecó,0.3611111111111111,0.0,7.194984068249564,0.0,False
Brazil.regions.SE:Itaporanga d'Ajuda,0.0,0.5833333333333334,25.987205295167445,1.697908177125781,False
Brazil.regions.SE:Nossa Senhora da Glória,0.5833333333333334,0.0,27.887547577816193,0.0,False
Brazil.regions.SE:São Francisco,0.0,0.0,7.529174904134038,0.0,False
Brazil.regions.SE:Tomar do Geru,0.5833333333333334,0.0,23.208106348716896,0.0,False
Brazil.regions.SP:Bernardino de Campos,0.4642857142857143,0.0,19.32515724812257,0.0,False
Brazil.regions.SP:Cedral,0.5833333333333334,0.0,19.769787438567533,0.0,False
Brazil.regions.SP:Colina,0.5833333333333334,0.0,25.181041707866015,0.0,False
Brazil.regions.SP:Descalvado,0.0,0.0,16.35789654058828,0.0,False
Brazil.regions.SP:Divinolândia,0.5833333333333334,0.0,21.623984745868984,0.0,False
Brazil.regions.SP:Duartina,0.5833333333333334,0.0,22.560457640025128,0.0,False
Brazil.regions.SP:Guaiçara,0.4166666666666667,0.0,14.159258306415499,0.0,False
Brazil.regions.SP:Ibirá,0.5833333333333334,0.0,22.52674195460972,0.0,False
Brazil.regions.SP:Inúbia Paulista,0.5833333333333334,0.0,10.316690815203774,0.0,False
Brazil.regions.SP:Jaci,0.16666666666666666,0.0,10.549588969802945,0.0,False
Brazil.regions.SP:Salto Grande,0.5833333333333334,0.0,19.87884824898426,0.0,False
Brazil.regions.SP:Santa Adélia,0.0,0.0,12.863723177171105,0.0,False
Brazil.regions.SP:São Sebastião da Grama,0.5833333333333334,0.0,22.386980500519364,0.0,False
Brazil.regions.SP:Tabatinga,0.5833333333333334,0.0,24.533737549804684,0.0,False
Brazil.regions.SP:Tarumã,0.5833333333333334,0.0,23.92914653784219,0.0,False
Brazil.regions.TO:Araguaína,0.9722222222222222,0.0,29.179757596620814,0.0,False
Brazil.regions.TO:Buriti do Tocantins,0.5833333333333334,0.0,21.783687719841957,0.0,False
Brazil.regions.TO:Gurupi,0.5833333333333334,0.0,29.441705156913443,0.0,False
Sweden.regions.Sörmland,15.88888888888889,0.0,24.66689611320354,0.0,False
Sweden.regions.Västmanland,12.75,0.0,25.363313785559665,0.0,False
United_States_of_America.regions.Alabama:Baldwin,0.16666666666666666,0.0,29.961202586651957,0.0,False
United_States_of_America.regions.California:Butte,2.7222222222222223,0.0,28.63147444402436,0.0,False
United_States_of_America.regions.California:El Dorado,6.0,0.0,26.663426064019788,0.0,False
United_States_of_America.regions.California:Merced,5.888888888888889,0.0,27.904865991089732,0.0,False
United_States_of_America.regions.California:Yuba,1.3333333333333333,0.0,26.888248925937305,0.0,False
United_States_of_America.regions.Colorado:Larimer,0.3611111111111111,0.0,30.253357153294864,0.0,False
United_States_of_America.regions.Georgia:Bulloch,1.8333333333333333,0.0,26.303949740200412,0.0,False
United_States_of_America.regions.Georgia:Dawson,0.3611111111111111,0.0,24.42486517665873,0.0,False
United_States_of_America.regions.Georgia:Hart,1.2777777777777777,0.0,19.677625411678818,0.0,False
United_States_of_America.regions.Georgia:Liberty,0.8055555555555556,0.0,26.707331249778022,0.0,False
United_States_of_America.regions.Georgia:Lumpkin,1.75,0.0,20.678129975311194,0.0,False
United_States_of_America.regions.Georgia:Murray,4.75,0.0,14.80038888953147,0.0,False
United_States_of_America.regions.Georgia:White,0.5833333333333334,0.0,24.643045708784026,0.0,False
United_States_of_America.regions.Hawaii:Kauai,0.8333333333333334,0.0,27.252935378624375,0.0,False
United_States_of_America.regions.Illinois:Grundy,1.1388888888888888,0.0,25.263768267339934,0.0,False
United_States_of_America.regions.Indiana:DeKalb,0.3611111111111111,0.0,27.784491244250727,0.0,False
United_States_of_America.regions.Indiana:Henry,2.4166666666666665,0.0,22.257615922761172,0.0,False
United_States_of_America.regions.Indiana:Noble,0.5833333333333334,0.0,28.50130918306114,0.0,False
United_States_of_America.regions.Iowa:Woodbury,1.1944444444444444,0.0,27.90174027272171,0.0,False
United_States_of_America.regions.Kansas:Riley,0.3611111111111111,0.0,28.94932352051513,0.0,False
United_States_of_America.regions.Louisiana:Iberia,2.0277777777777777,0.0,25.42452420105603,0.0,False
United_States_of_America.regions.Louisiana:St. Bernard,5.666666666666667,0.0,15.249949179447476,0.0,False
United_States_of_America.regions.Michigan:Shiawassee,7.638888888888889,0.0,17.05801011267036,0.0,False
United_States_of_America.regions.Michigan:St. Joseph,7.305555555555555,0.0,16.015259289265618,0.0,False
United_States_of_America.regions.Michigan:Van Buren,4.083333333333333,0.0,23.107849005787095,0.0,False
United_States_of_America.regions.Minnesota:Stearns,1.5555555555555556,0.0,28.647100562020025,0.0,False
United_States_of_America.regions.Mississippi:Lamar,2.0555555555555554,0.0,24.85107599773164,0.0,False
United_States_of_America.regions.Mississippi:Lowndes,6.055555555555555,0.0,17.55905428499544,0.0,False
United_States_of_America.regions.New York:Genesee,1.2777777777777777,0.0,25.60085665578136,0.0,False
United_States_of_America.regions.New York:Montgomery,0.4166666666666667,0.0,26.5325068921625,0.0,False
United_States_of_America.regions.New York:Oswego,5.555555555555555,0.0,24.50065859154406,0.0,False
United_States_of_America.regions.North Carolina:Rutherford,10.194444444444445,0.0,13.02464583250901,0.0,False
United_States_of_America.regions.Ohio:Ashland,0.5833333333333334,0.0,28.72609515799027,0.0,False
United_States_of_America.regions.Ohio:Belmont,0.4166666666666667,0.0,27.61100587382205,0.0,False
United_States_of_America.regions.Ohio:Huron,0.16666666666666666,0.0,28.16443527112289,0.0,False
United_States_of_America.regions.Ohio:Knox,0.75,0.0,26.851816969899357,0.0,False
United_States_of_America.regions.Ohio:Pickaway,5.555555555555555,0.0,18.383607841782602,0.0,False
United_States_of_America.regions.Ohio:Scioto,1.5555555555555556,0.0,26.428076941810172,0.0,False
United_States_of_America.regions.Ohio:Shelby,3.7222222222222223,0.0,19.676785512482606,0.0,False
United_States_of_America.regions.Oklahoma:Payne,0.3611111111111111,0.0,29.101361695384558,0.0,False
United_States_of_America.regions.Oklahoma:Washington,1.1111111111111112,0.0,25.36662376121807,0.0,False
United_States_of_America.regions.Oregon:Polk,0.5833333333333334,0.0,29.43417064192536,0.0,False
United_States_of_America.regions.South Carolina:Darlington,5.361111111111111,0.0,20.171536816078635,0.0,False
United_States_of_America.regions.South Carolina:Oconee,1.5555555555555556,0.0,26.64980851679497,0.0,False
United_States_of_America.regions.Tennessee:Hawkins,1.7222222222222223,0.0,24.774738369944785,0.0,False
United_States_of_America.regions.Tennessee:McMinn,1.0555555555555556,0.0,25.69026818296577,0.0,False
United_States_of_America.regions.Texas:Hunt,1.0,0.0,27.975640239284473,0.0,False
United_States_of_America.regions.Virginia:Greene,0.5833333333333334,0.0,25.55014995207433,0.0,False
United_States_of_America.regions.Virginia:Isle of Wight,0.4722222222222222,0.0,25.05657594250892,0.0,False
United_States_of_America.regions.Virginia:Powhatan,1.9166666666666667,0.0,18.792224913668438,0.0,False
United_States_of_America.regions.West Virginia:Raleigh,1.4444444444444444,0.0,26.468582417336137,0.0,False
United_States_of_America.regions.Wisconsin:St. Croix,1.9722222222222223,0.0,26.675123849302977,0.0,False
Azerbaijan,3.1666666666666665,0.0,30.54803770229781,0.0,False
Czechia,17.083333333333332,0.0,30.420138421196643,0.0,False
Hungary,7.527777777777778,0.0,30.50254560663347,0.0,False
Jordan,0.5833333333333334,0.0,30.585769021150682,0.0,False
Portugal,19.916666666666668,0.0,30.386705076933065,0.0,False
United_Arab_Emirates,2.3333333333333335,0.0,30.55514574172902,0.0,False
Brazil.regions.AL:Cajueiro,0.5555555555555556,0.0,20.53708065706299,0.0,False
Brazil.regions.BA:Irecê,0.5833333333333334,0.0,29.22533065760409,0.0,False
Brazil.regions.CE:Uruburetama,2.8333333333333335,0.0,10.382235782693447,0.0,False
Brazil.regions.ES:Cachoeiro de Itapemirim,0.5833333333333334,0.0,30.11728019530188,0.0,False
Brazil.regions.MG:Raposos,0.5833333333333334,0.0,24.481101207443924,0.0,False
Brazil.regions.PB:Nova Floresta,0.5833333333333334,0.0,21.19554999713905,0.0,False
Brazil.regions.PE:João Alfredo,1.3888888888888888,0.0,21.807976227918996,0.0,False
Brazil.regions.PR:Paiçandu,0.5833333333333334,0.0,28.17339126705579,0.0,False
Brazil.regions.RJ:Teresópolis,2.4166666666666665,0.0,28.40516071866595,0.0,False
Brazil.regions.RS:Portão,2.138888888888889,0.0,20.55718696803478,0.0,False
Brazil.regions.RS:São Sebastião do Caí,0.4166666666666667,0.0,22.809167302231263,0.0,False
Brazil.regions.RS:Torres,3.5277777777777777,0.0,17.39971924831989,0.0,False
Brazil.regions.SC:Araranguá,2.138888888888889,0.0,25.140249180615115,0.0,False
Brazil.regions.SC:Balneário Piçarras,0.25,0.0,22.675420353023426,0.0,False
Brazil.regions.SC:Cocal do Sul,0.5833333333333334,0.0,24.602046721651032,0.0,False
Brazil.regions.SP:Araraquara,2.4166666666666665,0.0,28.90141488535199,0.0,False
Brazil.regions.SP:Birigui,0.3888888888888889,0.0,29.000654578340345,0.0,False
Brazil.regions.SP:Bom Jesus dos Perdões,0.0,0.0,24.373975208071684,0.0,False
Brazil.regions.SP:Holambra,0.25,0.0,18.316286524446348,0.0,False
Brazil.regions.SP:Mairinque,0.5833333333333334,0.0,28.474922430383728,0.0,False
Brazil.regions.SP:Tatuí,0.5833333333333334,0.0,29.7745658940938,0.0,False
Brazil.regions.SP:Votuporanga,0.5833333333333334,0.0,28.656742336757013,0.0,False
Liechtenstein,0.5833333333333334,0.0,26.785619470812094,0.0,False
Sao_Tome_and_Principe,2.4166666666666665,0.0,28.700330140650028,0.0,False
United_States_of_America.regions.California:Santa Cruz,0.3333333333333333,0.0,29.89428484873272,0.0,False
United_States_of_America.regions.Georgia:Bibb,2.5833333333333335,0.0,27.87532882770654,0.0,False
United_States_of_America.regions.Georgia:Cherokee,1.1666666666666667,0.0,29.533105735027885,0.0,False
United_States_of_America.regions.Georgia:Fayette,1.5833333333333333,0.0,27.82825596705536,0.0,False
United_States_of_America.regions.Georgia:Richmond,7.444444444444445,0.0,26.13804758477245,0.0,False
United_States_of_America.regions.Indiana:St. Joseph,0.5833333333333334,0.0,30.22793080915301,0.0,False
United_States_of_America.regions.Kentucky:Campbell,4.277777777777778,0.0,24.33287177102545,0.0,False
United_States_of_America.regions.Maryland:Harford,0.16666666666666666,0.0,30.041216774543948,0.0,False
United_States_of_America.regions.Missouri:Clay,7.583333333333333,0.0,26.928383712507856,0.0,False
United_States_of_America.regions.New York:Albany,22.27777777777778,0.0,22.78545559742058,0.0,False
United_States_of_America.regions.North Carolina:Cabarrus,0.5833333333333334,0.0,30.133819145752454,0.0,False
United_States_of_America.regions.North Carolina:Gaston,1.3055555555555556,0.0,29.30916921246824,0.0,False
United_States_of_America.regions.Ohio:Lorain,6.138888888888889,0.0,28.103431107630147,0.0,False
United_States_of_America.regions.Ohio:Warren,6.083333333333333,0.0,27.327867208026873,0.0,False
United_States_of_America.regions.Wisconsin:Kenosha,7.111111111111111,0.0,25.468192793892946,0.0,False
United_States_of_America.regions.Wisconsin:Racine,0.5833333333333334,0.0,29.661920894178138,0.0,False
Brazil.regions.AC:Assis Brasil,0.5833333333333334,0.0,17.11327309395203,0.0,False
Brazil.regions.AC:Marechal Thaumaturgo,8.133333333333333,0.0,30.4545241557416,0.0,False
Brazil.regions.AC:Mâncio Lima,0.6388888888888888,0.0,18.885731409587518,0.0,False
Brazil.regions.AC:Santa Rosa do Purus,0.16666666666666666,0.0,8.934243377801419,0.0,False
Brazil.regions.AC:Xapuri,7.194444444444445,0.0,15.04177270160138,0.0,False
Brazil.regions.AM:Alvarães,0.3888888888888889,0.0,18.300929953949527,0.0,False
Brazil.regions.AM:Amaturá,20.583333333333332,0.0,161.55629035536165,0.0,False
Brazil.regions.AM:Anori,0.5833333333333334,0.0,25.83617493701719,0.0,False
Brazil.regions.AM:Benjamin Constant,17.805555555555557,0.0,14.511410155087479,0.0,False
Brazil.regions.AM:Guajará,7.19047619047619,0.0,25.9778630034682,0.0,False
Brazil.regions.AM:Nova Olinda do Norte,1.8333333333333333,0.0,21.454963863541803,0.0,False
Brazil.regions.AM:Tonantins,1.4166666666666667,0.0,14.600078733701073,0.0,False
Brazil.regions.AP:Amapá,0.4166666666666667,0.0,10.833369131659882,0.0,False
Brazil.regions.AP:Porto Grande,0.5833333333333334,0.0,26.044359014895278,0.0,False
Brazil.regions.AP:Pracuúba,0.5833333333333334,0.0,11.237545289855072,0.0,False
Brazil.regions.AP:Serra do Navio,1.8888888888888888,0.0,34.27024675544384,0.0,False
Brazil.regions.AP:Tartarugalzinho,5.638888888888889,0.0,11.114970637375182,0.0,False
Brazil.regions.BA:Curaçá,1.75,0.0,20.98966526983066,0.0,False
Brazil.regions.BA:Morro do Chapéu,0.4642857142857143,0.0,25.471554361092593,0.0,False
Brazil.regions.GO:Jussara,0.0,0.0,13.911830389239483,0.0,False
Brazil.regions.GO:Mineiros,2.361111111111111,0.0,24.691044646486606,0.0,False
Brazil.regions.GO:Niquelândia,0.5833333333333334,0.0,28.440083274354507,0.0,False
Brazil.regions.MA:Amarante do Maranhão,1.8333333333333333,0.0,22.34996629569586,0.0,False
Brazil.regions.MA:Bom Jardim,0.9722222222222222,0.0,24.457077784005484,0.0,False
Brazil.regions.MA:Carolina,5.9,0.0,9.045706020711652,0.0,False
Brazil.regions.MA:Fernando Falcão,2.6666666666666665,0.0,17.972164711295147,0.0,False
Brazil.regions.MA:Formosa da Serra Negra,3.0357142857142856,0.0,16.829633273886394,0.0,False
Brazil.regions.MA:Grajaú,1.6111111111111112,0.0,26.001275191298962,0.0,False
Brazil.regions.MA:Mirador,0.5833333333333334,0.0,25.837307375339215,0.0,False
Brazil.regions.MA:Riachão,0.5833333333333334,0.0,25.64409248155763,0.0,False
Brazil.regions.MA:São Raimundo das Mangabeiras,7.833333333333333,0.0,22.514668395432697,0.0,False
Brazil.regions.MA:Tasso Fragoso,0.0,0.0,7.587959726665636,0.0,False
Brazil.regions.MG:Campina Verde,0.0,0.0,14.259098187885883,0.0,False
Brazil.regions.MS:Alcinópolis,0.5833333333333334,0.0,11.879736094271163,0.0,False
Brazil.regions.MS:Bela Vista,0.3888888888888889,0.0,22.58808969879518,0.0,False
Brazil.regions.MS:Bonito,3.2222222222222223,0.0,8.728523636090785,0.0,False
Brazil.regions.MS:Brasilândia,8.86111111111111,0.0,58.26046807383969,0.0,False
Brazil.regions.MS:Camapuã,0.0,0.0,12.030257450469087,0.0,False
Brazil.regions.MS:Coxim,0.5833333333333334,0.0,27.614565254116823,0.0,False
Brazil.regions.MS:Miranda,0.5833333333333334,0.0,27.02604202684135,0.0,False
Brazil.regions.MS:Paranaíba,0.3333333333333333,0.0,26.04834555084399,0.0,False
Brazil.regions.MS:Paraíso das Águas,0.5833333333333334,0.0,12.594013024490856,0.0,False
Brazil.regions.MS:Rio Verde de Mato Grosso,0.5833333333333334,0.0,25.531496380848367,0.0,False
Brazil.regions.MS:Sonora,4.833333333333333,0.0,9.913566155135108,0.0,False
Brazil.regions.MT:Alta Floresta,0.5833333333333334,0.0,28.66464021003201,0.0,False
Brazil.regions.MT:Alto Araguaia,1.0,0.0,8.82167611846251,0.0,False
Brazil.regions.MT:Campo Novo do Parecis,0.5833333333333334,0.0,27.767758905866327,0.0,False
Brazil.regions.MT:Campo Verde,0.6,0.0,15.690693136511905,0.0,False
Brazil.regions.MT:Chapada dos Guimarães,0.5833333333333334,0.0,25.533034751693954,0.0,False
Brazil.regions.MT:Confresa,0.5833333333333334,0.0,23.591427381385763,0.0,False
Brazil.regions.MT:Nobres,0.2857142857142857,0.0,18.32411538474,0.0,False
Brazil.regions.MT:Nossa Senhora do Livramento,0.4642857142857143,0.0,20.728790165046615,0.0,False
Brazil.regions.MT:Nova Lacerda,0.3611111111111111,0.0,12.188852026463342,0.0,False
Brazil.regions.MT:Nova Monte Verde,0.5833333333333334,0.0,19.700193243733093,0.0,False
Brazil.regions.MT:Nova Mutum,0.5833333333333334,0.0,28.392102155101654,0.0,False
Brazil.regions.MT:Nova Xavantina,0.0,0.0,14.645090043481423,0.0,False
Brazil.regions.MT:Pontes e Lacerda,0.5833333333333334,0.0,28.39491523813858,0.0,False
Brazil.regions.MT:Poxoréu,0.5833333333333334,0.0,24.430204967256252,0.0,False
Brazil.regions.MT:Rosário Oeste,5.333333333333333,0.0,14.229955746865649,0.0,False
Brazil.regions.MT:Santa Rita do Trivelato,0.0,0.0,9.839349791421004,0.0,False
Brazil.regions.MT:Tapurah,5.194444444444445,0.0,18.85896809996234,0.0,False
Brazil.regions.MT:União do Sul,0.5833333333333334,0.0,9.76462123548155,0.0,False
Brazil.regions.MT:Vila Rica,3.0,0.0,3.960918492245986,0.0,False
Brazil.regions.MT:Água Boa,0.7222222222222222,0.0,21.63210434577259,0.0,False
Brazil.regions.PA:Afuá,0.5833333333333334,0.0,28.045963645632828,0.0,False
Brazil.regions.PA:Anajás,0.5833333333333334,0.0,27.180162693869107,0.0,False
Brazil.regions.PA:Belterra,0.0,0.0,21.666570404298316,0.0,False
Brazil.regions.PA:Brasil Novo,2.6944444444444446,0.0,6.297335960888119,0.0,False
Brazil.regions.PA:Conceição do Araguaia,0.5833333333333334,0.0,28.506560321339876,0.0,False
Brazil.regions.PA:Goianésia do Pará,0.5833333333333334,0.0,28.125152302717634,0.0,False
Brazil.regions.PA:Itupiranga,0.3611111111111111,0.0,28.30137887643395,0.0,False
Brazil.regions.PA:Mojuí dos Campos,2.2142857142857144,0.0,7.4050074239298205,0.0,False
Brazil.regions.PA:Rio Maria,0.4166666666666667,0.0,19.60257404659098,0.0,False
Brazil.regions.PA:Rurópolis,0.0,0.0,17.343865518570485,0.0,False
Brazil.regions.PA:Água Azul do Norte,0.5833333333333334,0.0,26.950169748438856,0.0,False
Brazil.regions.PI:Bom Jesus,0.4166666666666667,0.0,22.652685995326603,0.0,False
Brazil.regions.PI:Pimenteiras,0.5833333333333334,0.0,22.349750699355067,0.0,False
Brazil.regions.PI:Ribeiro Gonçalves,0.8928571428571429,0.0,5.035672756573239,0.0,False
Brazil.regions.PI:Uruçuí,1.4722222222222223,0.0,19.772298345369173,0.0,False
Brazil.regions.RO:Alta Floresta D'Oeste,0.3888888888888889,0.0,25.390128112138214,0.0,False
Brazil.regions.RO:Candeias do Jamari,1.4722222222222223,0.0,19.148783812699932,0.0,False
Brazil.regions.RO:Governador Jorge Teixeira,2.138888888888889,0.0,17.327738002163244,0.0,False
Brazil.regions.RO:Itapuã do Oeste,0.6388888888888888,0.0,20.502530018856195,0.0,False
Brazil.regions.RO:Machadinho D'Oeste,0.16666666666666666,0.0,27.05334948350496,0.0,False
Brazil.regions.RO:Pimenta Bueno,0.5833333333333334,0.0,27.868044519293363,0.0,False
Brazil.regions.RO:São Miguel do Guaporé,0.5833333333333334,0.0,26.24893209170729,0.0,False
Brazil.regions.RR:Bonfim,1.0833333333333333,0.0,11.532199176510634,0.0,False
Brazil.regions.RR:Cantá,1.4166666666666667,0.0,14.233664308953912,0.0,False
Brazil.regions.RR:Normandia,1.9166666666666667,0.0,4.427271651055684,0.0,False
Brazil.regions.RR:Pacaraima,4.055555555555555,0.0,6.159775801533856,0.0,False
Brazil.regions.RR:São João da Baliza,2.638888888888889,0.0,20.888423135232912,0.0,False
Brazil.regions.RR:Uiramutã,0.5833333333333334,0.0,21.125219398277206,0.0,False
Brazil.regions.RS:Dom Pedrito,0.5833333333333334,0.0,27.99577680399925,0.0,False
Brazil.regions.TO:Araguaçu,0.0,0.0,7.582448062102564,0.0,False
Brazil.regions.TO:Goiatins,2.138888888888889,0.0,3.038335688164091,0.0,False
Brazil.regions.TO:Ponte Alta do Tocantins,1.8055555555555556,0.0,13.854560466998741,0.0,False
United_States_of_America.regions.Alaska:Juneau City and Borough,2.361111111111111,0.0,18.259400980688117,0.0,False
United_States_of_America.regions.Alaska:Petersburg Borough,0.5833333333333334,0.0,9.389671361502346,0.0,False
United_States_of_America.regions.Alaska:Sitka City and Borough,0.5833333333333334,0.0,18.82141075543315,0.0,False
United_States_of_America.regions.Arizona:Greenlee,0.5833333333333334,0.0,20.067280881914627,0.0,False
United_States_of_America.regions.California:Mariposa,10.0,0.0,39.30333463352224,0.0,False
United_States_of_America.regions.California:Plumas,0.9722222222222222,0.0,17.007492071124716,0.0,False
United_States_of_America.regions.California:Trinity,0.3333333333333333,0.0,14.994130936159921,0.0,False
United_States_of_America.regions.California:Tuolumne,0.5833333333333334,0.0,28.760209841683498,0.0,False
United_States_of_America.regions.Colorado:Baca,4.583333333333333,0.0,141.6093436418097,0.0,False
United_States_of_America.regions.Colorado:Bent,0.5833333333333334,0.0,12.665026042952467,0.0,False
United_States_of_America.regions.Colorado:Cheyenne,2.7777777777777777,0.0,207.5861153105709,0.0,False
United_States_of_America.regions.Colorado:Elbert,1.4166666666666667,0.0,19.372048753912125,0.0,False
United_States_of_America.regions.Colorado:Grand,0.3888888888888889,0.0,18.06103360477438,0.0,False
United_States_of_America.regions.Colorado:Gunnison,6.555555555555555,0.0,17.006885528843764,0.0,False
United_States_of_America.regions.Colorado:Huerfano,0.5833333333333334,0.0,16.09675564325034,0.0,False
United_States_of_America.regions.Colorado:Kit Carson,0.8888888888888888,0.0,11.507285252264248,0.0,False
United_States_of_America.regions.Colorado:Lincoln,0.5833333333333334,0.0,13.055030885617434,0.0,False
United_States_of_America.regions.Colorado:Logan,2.3055555555555554,0.0,13.241674738317199,0.0,False
United_States_of_America.regions.Colorado:Montrose,3.0833333333333335,0.0,19.68167627886531,0.0,False
United_States_of_America.regions.Colorado:Park,0.5833333333333334,0.0,25.289365870998648,0.0,False
United_States_of_America.regions.Colorado:Prowers,0.5833333333333334,0.0,22.38023647102217,0.0,False
United_States_of_America.regions.Colorado:Rio Blanco,0.5833333333333334,0.0,14.783036480916195,0.0,False
United_States_of_America.regions.Colorado:Routt,0.25,0.0,23.444969404940508,0.0,False
United_States_of_America.regions.Colorado:Saguache,1.25,0.0,11.702563463611426,0.0,False
United_States_of_America.regions.Colorado:Washington,0.5833333333333334,0.0,11.096937268936847,0.0,False
United_States_of_America.regions.Colorado:Yuma,0.5833333333333334,0.0,20.614777172968783,0.0,False
United_States_of_America.regions.Idaho:Bingham,0.5833333333333334,0.0,28.459563177805737,0.0,False
United_States_of_America.regions.Idaho:Blaine,11.083333333333334,0.0,28.404670449205714,0.0,False
United_States_of_America.regions.Idaho:Caribou,0.5833333333333334,0.0,16.619572813174127,0.0,False
United_States_of_America.regions.Idaho:Elmore,7.888888888888889,0.0,7.045051983598303,0.0,False
United_States_of_America.regions.Idaho:Fremont,0.5833333333333334,0.0,22.961642657138828,0.0,False
United_States_of_America.regions.Maine:Somerset,0.7777777777777778,0.0,25.918863852018735,0.0,False
United_States_of_America.regions.Maine:Washington,0.5833333333333334,0.0,27.408968499451333,0.0,False
United_States_of_America.regions.Minnesota:Aitkin,0.5833333333333334,0.0,24.3009623924731,0.0,False
United_States_of_America.regions.Minnesota:Beltrami,1.9444444444444444,0.0,23.11980706358791,0.0,False
United_States_of_America.regions.Minnesota:Cass,0.5833333333333334,0.0,27.237742080562455,0.0,False
United_States_of_America.regions.Minnesota:Itasca,0.25,0.0,26.53347477478731,0.0,False
United_States_of_America.regions.Minnesota:Koochiching,0.5833333333333334,0.0,22.418529698089692,0.0,False
United_States_of_America.regions.Minnesota:Lake,0.5833333333333334,0.0,21.19820019821246,0.0,False
United_States_of_America.regions.Minnesota:Marshall,0.5833333333333334,0.0,19.884587840327196,0.0,False
United_States_of_America.regions.Minnesota:Polk,0.5833333333333334,0.0,27.40744437400254,0.0,False
United_States_of_America.regions.Minnesota:Roseau,0.5833333333333334,0.0,24.001681981297516,0.0,False
United_States_of_America.regions.Montana:Carbon,0.2222222222222222,0.0,13.760796369492022,0.0,False
United_States_of_America.regions.Montana:Glacier,0.4166666666666667,0.0,16.05353152051264,0.0,False
United_States_of_America.regions.Montana:Hill,0.5833333333333334,0.0,24.529324488177867,0.0,False
United_States_of_America.regions.Montana:Jefferson,0.25,0.0,15.594313054493856,0.0,False
United_States_of_America.regions.Montana:Lewis and Clark,0.5833333333333334,0.0,27.95534003171629,0.0,False
United_States_of_America.regions.Montana:Liberty,0.5833333333333334,0.0,12.194088378717503,0.0,False
United_States_of_America.regions.Montana:Meagher,0.5833333333333334,0.0,23.109879598928302,0.0,False
United_States_of_America.regions.Montana:Musselshell,0.5833333333333334,0.0,10.895372516633977,0.0,False
United_States_of_America.regions.Montana:Park,2.8055555555555554,0.0,4.166276357050776,0.0,False
United_States_of_America.regions.Montana:Pondera,0.1388888888888889,0.0,5.490913571892536,0.0,False
United_States_of_America.regions.Montana:Ravalli,0.5833333333333334,0.0,28.31302089295336,0.0,False
United_States_of_America.regions.Montana:Richland,1.25,0.0,8.591726846317961,0.0,False
United_States_of_America.regions.Montana:Roosevelt,0.5833333333333334,0.0,21.508208697057018,0.0,False
United_States_of_America.regions.Montana:Stillwater,0.5833333333333334,0.0,20.224520941492884,0.0,False
United_States_of_America.regions.Montana:Wheatland,0.5833333333333334,0.0,16.4408754126125,0.0,False
United_States_of_America.regions.Nebraska:Holt,0.5833333333333334,0.0,20.662367292121854,0.0,False
United_States_of_America.regions.Nebraska:Lincoln,1.3611111111111112,0.0,22.162392672789647,0.0,False
United_States_of_America.regions.New Mexico:Guadalupe,3.5,0.0,87.62124105905704,0.0,False
United_States_of_America.regions.New Mexico:Harding,0.5833333333333334,0.0,129.40418679549114,0.0,False
United_States_of_America.regions.New Mexico:Hidalgo,0.0,0.0,4.497195581977152,0.0,False
United_States_of_America.regions.New Mexico:Luna,0.8333333333333334,0.0,20.402778210765273,0.0,False
United_States_of_America.regions.New Mexico:Quay,0.3611111111111111,0.0,15.786383636809568,0.0,False
United_States_of_America.regions.New Mexico:Roosevelt,0.5833333333333334,0.0,25.190407799103454,0.0,False
United_States_of_America.regions.New Mexico:Taos,0.9722222222222222,0.0,22.78615163449524,0.0,False
United_States_of_America.regions.New Mexico:Torrance,3.1666666666666665,0.0,0.12664976683840243,0.0,False
United_States_of_America.regions.New York:Hamilton,0.3333333333333333,0.0,12.806964573268917,0.0,False
United_States_of_America.regions.North Dakota:Bottineau,0.0,0.0,3.4051742037290804,0.0,False
United_States_of_America.regions.North Dakota:Dunn,0.5833333333333334,0.0,10.7254239064916,0.0,False
United_States_of_America.regions.North Dakota:Grant,0.5833333333333334,0.0,13.379560586168367,0.0,False
United_States_of_America.regions.North Dakota:McKenzie,1.4166666666666667,0.0,10.627762086297995,0.0,False
United_States_of_America.regions.North Dakota:McLean,0.4166666666666667,0.0,10.965416762518212,0.0,False
United_States_of_America.regions.North Dakota:Morton,6.027777777777778,0.0,10.450969869965895,0.0,False
United_States_of_America.regions.North Dakota:Mountrail,6.666666666666667,0.0,47.69987378683032,0.0,False
United_States_of_America.regions.North Dakota:Richland,1.2777777777777777,0.0,12.909523341672045,0.0,False
United_States_of_America.regions.North Dakota:Stutsman,0.5833333333333334,0.0,25.765828660459402,0.0,False
United_States_of_America.regions.North Dakota:Williams,3.1666666666666665,0.0,17.959137581321222,0.0,False
United_States_of_America.regions.Oklahoma:Beaver,0.5833333333333334,0.0,11.766967412755893,0.0,False
United_States_of_America.regions.Oklahoma:Cimarron,0.5833333333333334,0.0,16.198758625158902,0.0,False
United_States_of_America.regions.Oklahoma:Osage,10.25,0.0,6.750268987238147,0.0,False
United_States_of_America.regions.Oklahoma:Texas,0.3611111111111111,0.0,24.479503229919345,0.0,False
United_States_of_America.regions.Oregon:Baker,0.5833333333333334,0.0,24.393878200787697,0.0,False
United_States_of_America.regions.Oregon:Crook,0.5833333333333334,0.0,26.49812430105041,0.0,False
United_States_of_America.regions.Oregon:Curry,1.25,0.0,18.23667107437436,0.0,False
United_States_of_America.regions.Oregon:Jefferson,0.5833333333333334,0.0,26.540334252444623,0.0,False
United_States_of_America.regions.Oregon:Morrow,0.3611111111111111,0.0,20.062138963172803,0.0,False
United_States_of_America.regions.Oregon:Union,0.5833333333333334,0.0,26.869336588149626,0.0,False
United_States_of_America.regions.Oregon:Wallowa,0.5833333333333334,0.0,16.722339286639823,0.0,False
United_States_of_America.regions.Oregon:Wasco,3.8333333333333335,0.0,10.294986180047921,0.0,False
United_States_of_America.regions.South Dakota:Corson,0.5833333333333334,0.0,10.413784786510318,0.0,False
United_States_of_America.regions.South Dakota:Fall River,0.5833333333333334,0.0,15.699343667789059,0.0,False
United_States_of_America.regions.South Dakota:Hand,0.5833333333333334,0.0,9.269730537426367,0.0,False
United_States_of_America.regions.South Dakota:Lyman,0.5833333333333334,0.0,10.084748686222875,0.0,False
United_States_of_America.regions.South Dakota:Meade,0.5833333333333334,0.0,27.066235342021212,0.0,False
United_States_of_America.regions.South Dakota:Spink,1.1666666666666667,0.0,13.14131899615506,0.0,False
United_States_of_America.regions.South Dakota:Stanley,3.7777777777777777,0.0,142.45490051760578,0.0,False
United_States_of_America.regions.South Dakota:Tripp,0.5714285714285714,0.0,10.637227836751581,0.0,False
United_States_of_America.regions.South Dakota:Ziebach,0.5833333333333334,0.0,8.44534191539934,0.0,False
United_States_of_America.regions.Texas:Andrews,8.027777777777779,0.0,21.563292427860144,0.0,False
United_States_of_America.regions.Texas:Dallam,0.3611111111111111,0.0,13.823173953483442,0.0,False
United_States_of_America.regions.Texas:Deaf Smith,0.25,0.0,20.710483034481175,0.0,False
United_States_of_America.regions.Texas:Duval,0.5833333333333334,0.0,21.63283032380616,0.0,False
United_States_of_America.regions.Texas:Gaines,0.5833333333333334,0.0,25.94291910437858,0.0,False
United_States_of_America.regions.Texas:Hartley,1.6944444444444444,0.0,28.651085743594006,0.0,False
United_States_of_America.regions.Texas:La Salle,0.5833333333333334,0.0,17.297940864083323,0.0,False
United_States_of_America.regions.Texas:Reeves,0.5833333333333334,0.0,21.55447341704989,0.0,False
United_States_of_America.regions.Texas:Val Verde,3.0555555555555554,0.0,21.133520723348454,0.0,False
United_States_of_America.regions.Utah:Carbon,0.0,0.0,22.8582706480248,0.0,False
United_States_of_America.regions.Utah:Duchesne,0.4166666666666667,0.0,20.564716805672465,0.0,False
United_States_of_America.regions.Utah:Iron,1.4166666666666667,0.0,25.12525393099913,0.0,False
United_States_of_America.regions.Utah:Juab,0.25,0.0,15.339648326974258,0.0,False
United_States_of_America.regions.Utah:Sevier,3.0833333333333335,0.0,10.912392503511837,0.0,False
United_States_of_America.regions.Washington:Adams,3.361111111111111,0.0,7.43522493314164,0.0,False
United_States_of_America.regions.Washington:Ferry,0.5833333333333334,0.0,17.48449813960785,0.0,False
United_States_of_America.regions.Washington:Kittitas,0.8611111111111112,0.0,25.49631504148717,0.0,False
United_States_of_America.regions.Washington:Klickitat,0.4444444444444444,0.0,21.55332590115199,0.0,False
United_States_of_America.regions.Washington:Lincoln,0.5833333333333334,0.0,21.454209767265965,0.0,False
United_States_of_America.regions.Washington:Skamania,0.5833333333333334,0.0,22.31972282960196,0.0,False
United_States_of_America.regions.Washington:Stevens,0.2222222222222222,0.0,26.646913185797146,0.0,False
United_States_of_America.regions.Washington:Whitman,2.6944444444444446,0.0,22.058016266584186,0.0,False
United_States_of_America.regions.Wisconsin:Bayfield,0.5833333333333334,0.0,23.945108229781535,0.0,False
United_States_of_America.regions.Wyoming:Big Horn,0.3888888888888889,0.0,13.867889351903068,0.0,False
United_States_of_America.regions.Wyoming:Crook,0.9166666666666666,0.0,7.483336390876287,0.0,False
United_States_of_America.regions.Wyoming:Goshen,0.3611111111111111,0.0,21.344263569945067,0.0,False
United_States_of_America.regions.Wyoming:Hot Springs,0.5833333333333334,0.0,10.716033327093534,0.0,False
United_States_of_America.regions.Wyoming:Niobrara,0.4166666666666667,0.0,54.293830258988585,0.0,False
United_States_of_America.regions.Wyoming:Sheridan,1.0833333333333333,0.0,21.848341770470256,0.0,False
United_States_of_America.regions.Wyoming:Uinta,0.8611111111111112,0.0,18.510158876196563,0.0,False
United_States_of_America.regions.Wyoming:Washakie,0.16666666666666666,0.0,12.445055143436896,0.0,False
Kuwait,35.02777777777778,0.0,29.710911663166137,0.0,False
United_States_of_America.regions.Arizona:Maricopa,0.5833333333333334,0.0,30.573518718425746,0.0,False
United_States_of_America.regions.Maryland,7.222222222222222,0.0,30.450162830100094,0.0,False
Bermuda,5.75,0.0,19.131747838492515,0.0,False
Brazil.regions.SC:Itapema,0.1388888888888889,0.0,27.958897749122066,0.0,False
Brazil.regions.SE:Nossa Senhora do Socorro,0.5833333333333334,0.0,30.051233946443645,0.0,False
United_States_of_America.regions.Pennsylvania:Delaware,1.25,0.0,30.223316991717063,0.0,False
United_States_of_America.regions.Virginia:Harrisonburg city,0.5833333333333334,0.0,28.709590177498146,0.0,False
United_States_of_America.regions.Virginia:Lexington city,1.3888888888888888,0.0,9.32121905740656,0.0,False
United_States_of_America.regions.Virginia:Winchester city,6.0,0.0,3.822932948422915,0.0,False
Brazil.regions.PR:Fazenda Rio Grande,0.6944444444444444,0.0,28.322786053476737,0.0,False
Brazil.regions.PR:Maringá,0.3611111111111111,0.0,30.307325994720436,0.0,False
Brazil.regions.SP:Valinhos,0.5833333333333334,0.0,29.821777459538154,0.0,False
United_States_of_America.regions.California:Alameda,0.9166666666666666,0.0,30.44623164396632,0.0,False
United_States_of_America.regions.Minnesota:Hennepin,22.13888888888889,0.0,28.721787577142575,0.0,False
United_States_of_America.regions.New York:Westchester,84.91666666666667,0.0,21.65530017409871,0.0,False
United_States_of_America.regions.Virginia:Hopewell city,3.9444444444444446,0.0,6.637833310186688,0.0,False
Antigua_and_Barbuda,0.5833333333333334,0.0,29.557240618670832,0.0,False
Brazil.regions.BA:Alagoinhas,0.5833333333333334,0.0,29.166575845563596,0.0,False
Brazil.regions.CE:Maranguape,0.16666666666666666,0.0,29.497434669668294,0.0,False
Brazil.regions.ES:Guarapari,0.8333333333333334,0.0,28.66029660845518,0.0,False
Brazil.regions.GO:Goianira,0.5833333333333334,0.0,28.33791620976976,0.0,False
Brazil.regions.MG:Nova Lima,3.25,0.0,25.502142354006338,0.0,False
Brazil.regions.MG:Pedro Leopoldo,0.5833333333333334,0.0,29.039586742434096,0.0,False
Brazil.regions.PB:Esperança,0.3888888888888889,0.0,24.620649687005837,0.0,False
Brazil.regions.PE:Araçoiaba,0.4166666666666667,0.0,20.851124060092566,0.0,False
Brazil.regions.PE:Feira Nova,0.4166666666666667,0.0,21.558715920156594,0.0,False
Brazil.regions.PE:Lajedo,0.16666666666666666,0.0,27.079464250312405,0.0,False
Brazil.regions.PR:Cambé,0.9722222222222222,0.0,28.196973825578805,0.0,False
Brazil.regions.RJ:Araruama,0.5833333333333334,0.0,29.21112035455921,0.0,False
Brazil.regions.RJ:Macaé,3.138888888888889,0.0,28.75602459405574,0.0,False
Brazil.regions.RN:Brejinho,0.5833333333333334,0.0,22.721177406414522,0.0,False
Brazil.regions.RS:Garibaldi,0.5833333333333334,0.0,27.744373227320377,0.0,False
Brazil.regions.RS:Pelotas,0.3888888888888889,0.0,30.0198221348042,0.0,False
Brazil.regions.SC:Barra Velha,0.5833333333333334,0.0,27.167398503466625,0.0,False
Brazil.regions.SC:Morro da Fumaça,0.16666666666666666,0.0,22.635222809663574,0.0,False
Brazil.regions.SE:São Cristóvão,0.9722222222222222,0.0,27.758576820776337,0.0,False
Brazil.regions.SP:Araras,1.25,0.0,28.48510271452604,0.0,False
Brazil.regions.SP:Iperó,0.0,0.0,26.331861104400236,0.0,False
Brazil.regions.SP:Iracemápolis,0.5833333333333334,0.0,26.46954953626046,0.0,False
Brazil.regions.SP:Jaú,0.5833333333333334,0.0,29.930264659397974,0.0,False
Brazil.regions.SP:Lorena,0.5833333333333334,0.0,29.468493744720337,0.0,False
Brazil.regions.SP:Peruíbe,1.8055555555555556,0.0,25.632880615778134,0.0,False
Seychelles,4.166666666666667,0.0,24.653397793500403,0.0,False
United_States_of_America.regions.California:Solano,9.0,0.0,28.231578014115325,0.0,False
United_States_of_America.regions.Florida:Manatee,0.16666666666666666,0.0,30.244503563497712,0.0,False
United_States_of_America.regions.Georgia:Columbia,3.2222222222222223,0.0,27.52936377717272,0.0,False
United_States_of_America.regions.Georgia:Paulding,2.0555555555555554,0.0,28.43837346295367,0.0,False
United_States_of_America.regions.Illinois:Winnebago,0.8333333333333334,0.0,29.740573949852816,0.0,False
United_States_of_America.regions.Indiana:Floyd,0.7777777777777778,0.0,27.588871059490756,0.0,False
United_States_of_America.regions.Kentucky:Boone,3.0277777777777777,0.0,27.14389181515625,0.0,False
United_States_of_America.regions.Massachusetts:Barnstable,4.111111111111111,0.0,27.92223958863748,0.0,False
United_States_of_America.regions.New Jersey:Burlington,2.25,0.0,29.735065042206184,0.0,False
United_States_of_America.regions.Ohio:Mahoning,15.444444444444445,0.0,23.149795014360148,0.0,False
United_States_of_America.regions.South Carolina:Richland,29.194444444444443,0.0,23.19302029376543,0.0,False
United_States_of_America.regions.Virginia:Norton city,0.4166666666666667,0.0,19.642820304659693,0.0,False
United_States_of_America.regions.Virginia:Stafford,1.8055555555555556,0.0,28.379143558056764,0.0,False
Brazil.regions.PR:Curitiba,7.0,0.0,30.151795247215627,0.0,False
Brazil.regions.SP:Itaquaquecetuba,8.75,0.0,27.809203672326664,0.0,False
United_States_of_America.regions.District of Columbia,7.833333333333333,0.0,29.26153335903027,0.0,False
United_States_of_America.regions.District of Columbia:District of Columbia,7.833333333333333,0.0,29.26153335903027,0.0,False
Dominican_Republic,0.0,0.0,30.580914279599597,0.0,False
Switzerland,21.055555555555557,0.0,30.32999068839065,0.0,False
United_States_of_America.regions.New Jersey:Middlesex,16.333333333333332,0.0,28.424259228363226,0.0,False
United_States_of_America.regions.New Jersey:Passaic,0.6666666666666666,0.0,30.147450624650503,0.0,False
United_States_of_America.regions.Ohio:Cuyahoga,10.666666666666666,0.0,29.603968194663278,0.0,False
United_States_of_America.regions.Virginia:Hampton city,9.777777777777779,0.0,22.149518422625647,0.0,False
Brazil.regions.MG:Ipatinga,0.5833333333333334,0.0,30.216176896092318,0.0,False
Brazil.regions.SC:São José,3.3055555555555554,0.0,28.613182848815956,0.0,False
United_States_of_America.regions.Virginia:Manassas city,4.75,0.0,15.180617066421153,0.0,False
Barbados,11.416666666666666,0.0,26.060523416934853,0.0,False
Brazil.regions.AL:Arapiraca,1.2777777777777777,0.0,29.361229321605904,0.0,False
Brazil.regions.BA:Madre de Deus,0.5833333333333334,0.0,23.74783309525724,0.0,False
Brazil.regions.BA:Simões Filho,0.5833333333333334,0.0,29.231492425407275,0.0,False
Brazil.regions.SP:São José dos Campos,0.3611111111111111,0.0,30.42651721725469,0.0,False
Brazil.regions.SP:Votorantim,0.3333333333333333,0.0,29.030931863337507,0.0,False
United_States_of_America.regions.California:San Mateo,1.9166666666666667,0.0,30.23345009260983,0.0,False
United_States_of_America.regions.Nebraska:Douglas,9.472222222222221,0.0,28.660747024273096,0.0,False
United_States_of_America.regions.Pennsylvania:Montgomery,11.527777777777779,0.0,29.017900769288516,0.0,False
United_States_of_America.regions.Virginia:Lynchburg city,3.8055555555555554,0.0,24.037434165358718,0.0,False
United_States_of_America.regions.Virginia:Salem city,0.5833333333333334,0.0,26.643400256404036,0.0,False
Israel,1.6388888888888888,0.0,30.559542439495893,0.0,False
Brazil.regions.CE:Juazeiro do Norte,0.5833333333333334,0.0,30.23112521331972,0.0,False
Brazil.regions.GO:Águas Lindas de Goiás,0.5833333333333334,0.0,30.125092059715044,0.0,False
Brazil.regions.RS:Campo Bom,0.5833333333333334,0.0,29.096832511380185,0.0,False
Brazil.regions.SP:São José do Rio Preto,0.5833333333333334,0.0,30.37873854602156,0.0,False
United_States_of_America.regions.Georgia:DeKalb,5.416666666666667,0.0,29.673907810440394,0.0,False
United_States_of_America.regions.Illinois:DuPage,43.25,0.0,25.73804820259284,0.0,False
United_States_of_America.regions.Virginia:Fredericksburg city,0.5833333333333334,0.0,27.151812653468767,0.0,False
United_States_of_America.regions.Virginia:Portsmouth city,0.8611111111111112,0.0,28.006304481395613,0.0,False
United_States_of_America.regions.New York,51.138888888888886,0.0,30.324797413506776,0.0,False
Aruba,0.8611111111111112,0.0,28.286356504197602,0.0,False
Brazil.regions.GO:Novo Gama,0.9722222222222222,0.0,28.67531971450167,0.0,False
Brazil.regions.PR:Almirante Tamandaré,1.3333333333333333,0.0,28.137043263884635,0.0,False
Brazil.regions.RS:Gravataí,0.8055555555555556,0.0,30.003786852231865,0.0,False
Brazil.regions.RS:Imbé,0.5833333333333334,0.0,26.20984829222816,0.0,False
Brazil.regions.RS:Sapiranga,0.6944444444444444,0.0,28.6926204627422,0.0,False
Brazil.regions.SP:Cajamar,0.5833333333333334,0.0,29.293746825164835,0.0,False
Brazil.regions.SP:Franca,0.5555555555555556,0.0,30.084595193779265,0.0,False
United_States_of_America.regions.Connecticut:Fairfield,7.555555555555555,0.0,29.62702502718752,0.0,False
United_States_of_America.regions.Florida:Seminole,4.166666666666667,0.0,29.377143610209266,0.0,False
United_States_of_America.regions.Illinois:Lake,5.777777777777778,0.0,29.538994651082092,0.0,False
United_States_of_America.regions.Utah:Salt Lake,0.5833333333333334,0.0,30.509638771945944,0.0,False
United_States_of_America.regions.Virginia:Waynesboro city,0.7222222222222222,0.0,20.40776390907998,0.0,False
Brazil.regions.RN:Natal,0.5833333333333334,0.0,30.482706642292328,0.0,False
United_States_of_America.regions.Massachusetts:Suffolk,0.5833333333333334,0.0,30.47142070637164,0.0,False
Kyrgyzstan,23.444444444444443,0.0,30.19954071681486,0.0,False
United_States_of_America.regions.Minnesota,5.0,0.0,30.479079819540953,0.0,False
United_States_of_America.regions.Missouri,1.0555555555555556,0.0,30.552816547132366,0.0,False
Belgium,0.5833333333333334,0.0,30.587058222486334,0.0,False
Burundi,1.3333333333333333,0.0,30.569714161893323,0.0,False
Haiti,4.166666666666667,0.0,30.54411933577928,0.0,False
Brazil.regions.MS:Campo Grande,7.138888888888889,0.0,29.622331346366373,0.0,False
Brazil.regions.RJ:Campos dos Goytacazes,0.5833333333333334,0.0,30.398787504476545,0.0,False
Cyprus,19.916666666666668,0.0,28.787973908809413,0.0,False
Sweden.regions.Skåne,15.25,0.0,29.360034448548976,0.0,False
United_States_of_America.regions.Alabama:Montgomery,0.6666666666666666,0.0,29.602374316453968,0.0,False
United_States_of_America.regions.California:Sonoma,0.2222222222222222,0.0,30.23056455671555,0.0,False
United_States_of_America.regions.Florida:Osceola,6.75,0.0,28.37803245786192,0.0,False
United_States_of_America.regions.New York:Saratoga,1.0,0.0,29.471955370349672,0.0,False
United_States_of_America.regions.Oregon:Marion,0.25,0.0,30.0687176162031,0.0,False
United_States_of_America.regions.South Carolina:Anderson,4.555555555555555,0.0,27.565131183117998,0.0,False
United_States_of_America.regions.Texas:Brazoria,5.25,0.0,28.77000753435802,0.0,False
United_States_of_America.regions.Texas:Jefferson,12.305555555555555,0.0,25.074819072221423,0.0,False
United_States_of_America.regions.Utah:Utah,2.638888888888889,0.0,29.932186993718474,0.0,False
United_States_of_America.regions.Washington:Spokane,2.4166666666666665,0.0,29.830699336437437,0.0,False
Tunisia,0.3611111111111111,0.0,30.585245105388235,0.0,False
United_States_of_America.regions.Illinois,0.16666666666666666,0.0,30.584633543222083,0.0,False
Djibouti,2.5833333333333335,0.0,30.161296595546,0.0,False
Equatorial_Guinea,1.8888888888888888,0.0,30.330550317528505,0.0,False
Fiji,2.4722222222222223,0.0,30.13677148491091,0.0,False
Montenegro,22.694444444444443,0.0,26.6947972442653,0.0,False
United_States_of_America.regions.Arizona:Pima,0.6388888888888888,0.0,30.383623117414377,0.0,False
United_States_of_America.regions.California:Fresno,0.3611111111111111,0.0,30.473481005639858,0.0,False
United_States_of_America.regions.California:Kern,4.361111111111111,0.0,29.935467588253346,0.0,False
United_States_of_America.regions.New Hampshire,1.5555555555555556,0.0,30.364963495350892,0.0,False
Brazil.regions.BA:Lauro de Freitas,1.8333333333333333,0.0,28.87405011910941,0.0,False
Brazil.regions.PE:Paulista,14.277777777777779,0.0,25.8151157685702,0.0,False
Brazil.regions.SP:Várzea Paulista,1.7777777777777777,0.0,27.837140942069297,0.0,False
Brazil.regions.AL:São Miguel dos Campos,2.3055555555555554,0.0,24.246710514121943,0.0,False
Brazil.regions.CE:Aquiraz,1.8055555555555556,0.0,26.37400347386032,0.0,False
Brazil.regions.MG:Pará de Minas,1.4444444444444444,0.0,27.373710407014176,0.0,False
Brazil.regions.MG:Uberlândia,2.4166666666666665,0.0,30.017197398171568,0.0,False
Brazil.regions.MG:Visconde do Rio Branco,0.6666666666666667,0.0,20.257790339059262,0.0,False
Brazil.regions.PB:Alagoa Nova,0.5833333333333334,0.0,25.799420092129367,0.0,False
Brazil.regions.PB:Belém,5.25,0.0,8.822246491599186,0.0,False
Brazil.regions.PB:Cuitegi,2.8333333333333335,0.0,34.326524979625596,0.0,False
Brazil.regions.PE:Gravatá,0.5833333333333334,0.0,29.406384843779026,0.0,False
Brazil.regions.PE:Orobó,0.5833333333333334,0.0,26.40890983823855,0.0,False
Brazil.regions.PR:Ponta Grossa,0.8611111111111112,0.0,29.900847535812886,0.0,False
Brazil.regions.RJ:Barra do Piraí,1.1388888888888888,0.0,27.88373415792087,0.0,False
Brazil.regions.RJ:Guapimirim,0.5833333333333334,0.0,28.943384961205325,0.0,False
Brazil.regions.RN:Jaçanã,0.0,0.0,13.25941406585416,0.0,False
Brazil.regions.RS:Santa Cruz do Sul,0.5833333333333334,0.0,29.82903612194231,0.0,False
Brazil.regions.RS:Viamão,0.5833333333333334,0.0,30.204000522315955,0.0,False
Brazil.regions.SC:Guaramirim,0.5833333333333334,0.0,28.364616613777248,0.0,False
Brazil.regions.SC:São Bento do Sul,0.5833333333333334,0.0,29.412479279508563,0.0,False
Brazil.regions.SC:São Miguel do Oeste,5.694444444444445,0.0,12.739723052196874,0.0,False
Brazil.regions.SE:General Maynard,0.0,0.0,10.562760062487182,0.0,False
Brazil.regions.SE:Santana do São Francisco,0.5833333333333334,0.0,17.74234276749086,0.0,False
Brazil.regions.SP:Araçatuba,3.5,0.0,28.015650510446783,0.0,False
Brazil.regions.SP:Capivari,0.0,0.0,17.530528476497178,0.0,False
Brazil.regions.SP:Itanhaém,0.4166666666666667,0.0,28.63148539748442,0.0,False
Brazil.regions.SP:Pirapora do Bom Jesus,10.194444444444445,0.0,33.7678474866827,0.0,False
Brazil.regions.SP:São João da Boa Vista,1.0,0.0,27.763552475722488,0.0,False
United_States_of_America.regions.California:Ventura,4.0,0.0,29.93584940598576,0.0,False
United_States_of_America.regions.Colorado:Adams,6.75,0.0,28.985261384359823,0.0,False
United_States_of_America.regions.Colorado:Boulder,14.583333333333334,0.0,25.63969275340993,0.0,False
United_States_of_America.regions.Connecticut:Middlesex,6.75,0.0,25.465587556663966,0.0,False
United_States_of_America.regions.Florida:Leon,3.5,0.0,28.86432648756663,0.0,False
United_States_of_America.regions.Florida:Polk,8.527777777777779,0.0,29.200748086395134,0.0,False
United_States_of_America.regions.Florida:St. Johns,0.7777777777777778,0.0,29.703723708411385,0.0,False
United_States_of_America.regions.Idaho:Ada,1.3333333333333333,0.0,29.990176701308673,0.0,False
United_States_of_America.regions.Indiana:Elkhart,5.333333333333333,0.0,27.24375681888183,0.0,False
United_States_of_America.regions.Maryland:Calvert,1.7222222222222223,0.0,27.023205200666055,0.0,False
United_States_of_America.regions.Missouri:Greene,2.0833333333333335,0.0,29.344758337791696,0.0,False
United_States_of_America.regions.New Hampshire:Rockingham,1.25,0.0,29.681153140611784,0.0,False
United_States_of_America.regions.Ohio:Clermont,4.361111111111111,0.0,27.716143564516003,0.0,False
United_States_of_America.regions.South Carolina:Charleston,0.5833333333333334,0.0,30.352744313923885,0.0,False
United_States_of_America.regions.Texas:Gregg,0.5833333333333334,0.0,29.789003732565657,0.0,False
United_States_of_America.regions.Texas:Nueces,19.61111111111111,0.0,24.745745457197433,0.0,False
United_States_of_America.regions.Utah:Weber,0.8055555555555556,0.0,29.95531228154703,0.0,False
United_States_of_America.regions.Washington:Snohomish,0.5833333333333334,0.0,30.47417098590076,0.0,False
United_States_of_America.regions.Wisconsin:Dane,0.5833333333333334,0.0,30.41289585571291,0.0,False
Eswatini,0.5833333333333334,0.0,30.522660314969716,0.0,False
Guinea_Bissau,4.333333333333333,0.0,30.28014131333901,0.0,False
Lesotho,0.2857142857142857,0.0,24.797285137059255,0.0,False
North_Macedonia,0.5833333333333334,0.0,30.54780455527061,0.0,False
Sweden.regions.Västra Götaland,10.36111111111111,0.0,29.89723169538304,0.0,False
Timor_Leste,0.5833333333333334,0.0,30.516947109673954,0.0,False
United_States_of_America.regions.Hawaii,0.3333333333333333,0.0,30.46044315222541,0.0,False
Brazil.regions.CE:Caucaia,1.0,0.0,29.973234344519923,0.0,False
Brazil.regions.ES:Marataízes,17.166666666666668,0.0,20.894450737348976,0.0,False
Brazil.regions.ES:Piúma,0.6666666666666666,0.0,20.232402951641646,0.0,False
Brazil.regions.MG:Poços de Caldas,0.5833333333333334,0.0,29.998430933619893,0.0,False
Brazil.regions.MT:Várzea Grande,0.3333333333333333,0.0,29.923230146349724,0.0,False
Brazil.regions.PE:Condado,2.9722222222222223,0.0,13.353636316595624,0.0,False
Brazil.regions.PR:Araucária,0.3333333333333333,0.0,29.263341922161672,0.0,False
Brazil.regions.PR:Matinhos,0.0,0.0,26.035521345829903,0.0,False
Brazil.regions.RJ:Pinheiral,1.3888888888888888,0.0,18.780650928223988,0.0,False
Brazil.regions.RJ:Seropédica,0.5833333333333334,0.0,29.38092351649253,0.0,False
Brazil.regions.RJ:São Pedro da Aldeia,0.2222222222222222,0.0,28.86761193765757,0.0,False
Brazil.regions.RN:Passa e Fica,0.5833333333333334,0.0,23.0639912567797,0.0,False
Brazil.regions.RS:Caxias do Sul,0.16666666666666666,0.0,30.318528015713525,0.0,False
Brazil.regions.SE:Pedrinhas,0.5833333333333334,0.0,20.18131622471298,0.0,False
Brazil.regions.SP:Aparecida,0.5833333333333334,0.0,27.830097022303477,0.0,False
Brazil.regions.SP:Artur Nogueira,0.5833333333333334,0.0,28.757848199362556,0.0,False
Brazil.regions.SP:Atibaia,7.527777777777778,0.0,24.21374029166073,0.0,False
Brazil.regions.SP:Itupeva,0.5833333333333334,0.0,28.96321345266402,0.0,False
Brazil.regions.SP:Mairiporã,0.6111111111111112,0.0,28.405289796963917,0.0,False
Brazil.regions.SP:Piracicaba,4.5,0.0,29.09056669874273,0.0,False
Brazil.regions.SP:Sertãozinho,1.2777777777777777,0.0,28.32175119989008,0.0,False
Brazil.regions.SP:São Roque,1.7222222222222223,0.0,26.963973137316763,0.0,False
Saint_Lucia,0.4166666666666667,0.0,29.496241487692558,0.0,False
United_States_Virgin_Islands,21.944444444444443,0.0,8.602508309271771,0.0,False
United_States_of_America.regions.Colorado:Jefferson,1.0555555555555556,0.0,30.143081190789264,0.0,False
United_States_of_America.regions.Florida:Sarasota,2.1666666666666665,0.0,29.731243944441815,0.0,False
United_States_of_America.regions.Indiana:Vanderburgh,1.4444444444444444,0.0,29.110869917095485,0.0,False
United_States_of_America.regions.Massachusetts:Plymouth,11.722222222222221,0.0,28.042953554017195,0.0,False
United_States_of_America.regions.Michigan:Kent,4.638888888888889,0.0,29.648682545297465,0.0,False
United_States_of_America.regions.Minnesota:Dakota,3.6944444444444446,0.0,29.365622193398035,0.0,False
United_States_of_America.regions.Nebraska:Sarpy,2.4166666666666665,0.0,28.459015409684184,0.0,False
United_States_of_America.regions.New York:Schenectady,10.88888888888889,0.0,22.564710478656007,0.0,False
United_States_of_America.regions.Rhode Island:Newport,17.86111111111111,0.0,7.292133131652396,0.0,False
United_States_of_America.regions.Virginia:Emporia city,1.9722222222222223,0.0,35.947234014866865,0.0,False
United_States_of_America.regions.Virginia:Galax city,0.5833333333333334,0.0,14.840338176936775,0.0,False
United_States_of_America.regions.Virginia:Loudoun,2.6944444444444446,0.0,29.561379179636226,0.0,False
United_States_of_America.regions.Virginia:Poquoson city,0.75,0.0,11.580791337233709,0.0,False
United_States_of_America.regions.Washington:Clark,0.5833333333333334,0.0,30.299966595058923,0.0,False
Brazil.regions.RJ:São Gonçalo,3.1944444444444446,0.0,30.155399670539502,0.0,False
Brazil.regions.SP:Guarulhos,0.5833333333333334,0.0,30.52330645775607,0.0,False
Brazil.regions.SP:Campinas,0.8055555555555556,0.0,30.457394133018454,0.0,False
Malta,6.972222222222222,0.0,28.82641822269686,0.0,False
United_States_of_America.regions.Virginia:Fairfax city,0.3611111111111111,0.0,25.50724905853183,0.0,False
United_States_of_America.regions.Virginia:Richmond city,7.027777777777778,0.0,26.858935671870245,0.0,False
Brazil.regions.AC:Acrelândia,6.638888888888889,0.0,23.64441990001523,0.0,False
Brazil.regions.AC:Brasiléia,0.8611111111111112,0.0,21.293566289049366,0.0,False
Brazil.regions.AC:Capixaba,0.3611111111111111,0.0,20.178850601404605,0.0,False
Brazil.regions.AC:Porto Acre,0.5833333333333334,0.0,25.191576282762203,0.0,False
Brazil.regions.AC:Rodrigues Alves,3.4,0.0,3.9198572926954385,0.0,False
Brazil.regions.AM:Anamã,0.5833333333333334,0.0,23.250433448375468,0.0,False
Brazil.regions.AM:Boa Vista do Ramos,7.944444444444445,0.0,22.847950211388806,0.0,False
Brazil.regions.AM:Urucurituba,2.7222222222222223,0.0,11.928761153541783,0.0,False
Brazil.regions.AP:Vitória do Jari,0.4166666666666667,0.0,18.04167347693369,0.0,False
Brazil.regions.BA:Boa Vista do Tupim,0.5833333333333334,0.0,25.212522937497663,0.0,False
Brazil.regions.BA:Lafaiete Coutinho,0.6944444444444444,0.0,13.000928823092929,0.0,False
Brazil.regions.BA:Manoel Vitorino,0.3333333333333333,0.0,16.11947886412618,0.0,False
Brazil.regions.BA:Mirante,0.5833333333333334,0.0,19.023078567314087,0.0,False
Brazil.regions.BA:Morpará,0.6111111111111112,0.0,8.066714817694299,0.0,False
Brazil.regions.BA:Oliveira dos Brejinhos,0.5833333333333334,0.0,26.013911715390876,0.0,False
Brazil.regions.BA:Potiraguá,0.5833333333333334,0.0,16.753066803622925,0.0,False
Brazil.regions.BA:Remanso,0.5833333333333334,0.0,28.15726462862123,0.0,False
Brazil.regions.CE:Aiuaba,0.5833333333333334,0.0,22.293931231726262,0.0,False
Brazil.regions.CE:Arneiroz,0.8333333333333334,0.0,2.8642495645601262,0.0,False
Brazil.regions.CE:Independência,0.6388888888888888,0.0,22.10692092006305,0.0,False
Brazil.regions.GO:Aparecida do Rio Doce,0.0,1.0,21.09670036983664,40.42037186742118,False
Brazil.regions.GO:Bom Jardim de Goiás,0.0,0.0,8.01273382085114,0.0,False
Brazil.regions.GO:Britânia,0.3888888888888889,0.0,8.35627766218536,0.0,False
Brazil.regions.GO:Caçu,4.964285714285714,0.0,12.361361089114771,0.0,False
Brazil.regions.GO:Corumbaíba,0.8333333333333334,0.0,18.362754582117905,0.0,False
Brazil.regions.GO:Córrego do Ouro,0.0,0.0,23.65011449296123,0.0,False
Brazil.regions.GO:Ipameri,0.5833333333333334,0.0,26.890050743882583,0.0,False
Brazil.regions.GO:Montividiu,0.5833333333333334,0.0,23.130898304538718,0.0,False
Brazil.regions.GO:Porangatu,3.111111111111111,0.0,20.254260478500033,0.0,False
Brazil.regions.GO:Portelândia,0.0,0.0,5.607767046419447,0.0,False
Brazil.regions.GO:Santa Fé de Goiás,0.3611111111111111,0.0,8.206690247516327,0.0,False
Brazil.regions.GO:Santa Rita do Araguaia,0.0,0.0,7.902931433628399,0.0,False
Brazil.regions.GO:Urutaí,0.0,0.0,13.228411835748787,0.0,False
Brazil.regions.MA:Feira Nova do Maranhão,1.619047619047619,0.0,11.958918478612537,0.0,False
Brazil.regions.MA:Fortaleza dos Nogueiras,0.4166666666666667,0.0,14.76175414346856,0.0,False
Brazil.regions.MA:Itinga do Maranhão,11.11111111111111,0.0,19.755667038275735,0.0,False
Brazil.regions.MA:Jenipapo dos Vieiras,0.6,0.0,9.635509220866409,0.0,False
Brazil.regions.MA:Junco do Maranhão,0.5833333333333334,0.0,9.63649876693355,0.0,False
Brazil.regions.MA:Lajeado Novo,0.5833333333333334,0.0,17.350780091926072,0.0,False
Brazil.regions.MA:Montes Altos,0.0,0.0,13.31051480567334,0.0,False
Brazil.regions.MA:Nova Colinas,0.0,0.0,0.7501202345830578,0.0,False
Brazil.regions.MA:São Domingos do Azeitão,0.4,0.0,6.570362005144614,0.0,False
Brazil.regions.MA:São Francisco do Maranhão,0.0,0.0,11.13366330757635,0.0,False
Brazil.regions.MA:São Pedro dos Crentes,0.5833333333333334,0.0,10.922345168461186,0.0,False
Brazil.regions.MA:Sítio Novo,1.1666666666666667,0.0,15.386477437681801,0.0,False
Brazil.regions.MG:Abadia dos Dourados,0.5833333333333334,0.0,16.28761460671232,0.0,False
Brazil.regions.MG:Carlos Chagas,0.5833333333333334,0.0,25.287112243633985,0.0,False
Brazil.regions.MG:Coromandel,1.0833333333333333,0.0,21.063151923795814,0.0,False
Brazil.regions.MG:Delfinópolis,0.0,0.0,5.266882068290192,0.0,False
Brazil.regions.MG:Marliéria,0.5833333333333334,0.0,10.366319687395716,0.0,False
Brazil.regions.MG:Matias Cardoso,0.16666666666666666,0.0,17.898254123513368,0.0,False
Brazil.regions.MG:Monte Alegre de Minas,2.4166666666666665,0.0,11.65641926511492,0.0,False
Brazil.regions.MG:Riachinho,0.5833333333333334,0.0,18.304761090447894,0.0,False
Brazil.regions.MG:Riacho dos Machados,0.5833333333333334,0.0,20.04840259381378,0.0,False
Brazil.regions.MG:Sacramento,0.0,0.0,24.54909434511098,0.0,False
Brazil.regions.MG:Salto da Divisa,0.0,0.0,5.056300973972043,0.0,False
Brazil.regions.MS:Amambai,1.4166666666666667,0.0,22.980826911484186,0.0,False
Brazil.regions.MS:Chapadão do Sul,2.361111111111111,0.0,14.954428303071612,0.0,False
Brazil.regions.MS:Guia Lopes da Laguna,22.63888888888889,0.0,215.7329902787644,0.0,False
Brazil.regions.MS:São Gabriel do Oeste,0.5833333333333334,0.0,26.860427899514647,0.0,False
Brazil.regions.MS:Tacuru,0.4642857142857143,0.0,19.63886642617222,0.0,False
Brazil.regions.MT:Acorizal,0.5833333333333334,0.0,12.073864695525714,0.0,False
Brazil.regions.MT:Alto Paraguai,0.0,0.0,10.517753920973059,0.0,False
Brazil.regions.MT:Guarantã do Norte,0.6666666666666666,0.0,14.670257753261707,0.0,False
Brazil.regions.MT:Jangada,0.3888888888888889,0.0,10.61128240599511,0.0,False
Brazil.regions.PA:Bagre,1.1388888888888888,0.0,21.720834486345577,0.0,False
Brazil.regions.PA:Bom Jesus do Tocantins,0.5833333333333334,0.0,24.70687851279459,0.0,False
Brazil.regions.PA:Brejo Grande do Araguaia,0.0,0.0,5.773535996229528,0.0,False
Brazil.regions.PA:Cachoeira do Arari,0.3611111111111111,0.0,25.45329533425926,0.0,False
Brazil.regions.PA:Curralinho,0.5833333333333334,0.0,27.692887054950106,0.0,False
Brazil.regions.PA:Floresta do Araguaia,0.4166666666666667,0.0,20.74553739678624,0.0,False
Brazil.regions.PA:Oeiras do Pará,0.5833333333333334,0.0,27.520025802934057,0.0,False
Brazil.regions.PA:Sapucaia,0.4285714285714286,0.0,8.720906550659466,0.0,False
Brazil.regions.PA:Soure,9.25,0.0,12.098808586826108,0.0,False
Brazil.regions.PA:São Geraldo do Araguaia,0.5833333333333334,0.0,26.571182464379266,0.0,False
Brazil.regions.PB:São José de Espinharas,0.5833333333333334,0.0,10.933021315057976,0.0,False
Brazil.regions.PI:Alto Longá,0.5833333333333334,0.0,23.604761750370155,0.0,False
Brazil.regions.PI:Aroazes,0.5833333333333334,0.0,13.457852621818198,0.0,False
Brazil.regions.PI:Bertolínia,0.5833333333333334,0.0,12.417300206872067,0.0,False
Brazil.regions.PI:Caracol,0.5833333333333334,0.0,21.434948418873095,0.0,False
Brazil.regions.PI:Colônia do Piauí,0.5833333333333334,0.0,17.534162211823382,0.0,False
Brazil.regions.PI:Corrente,0.5833333333333334,0.0,26.84262299282893,0.0,False
Brazil.regions.PI:Dirceu Arcoverde,0.0,0.0,5.060370969842422,0.0,False
Brazil.regions.PI:Fartura do Piauí,0.3888888888888889,0.0,7.715025304591178,0.0,False
Brazil.regions.PI:Francisco Ayres,0.5833333333333334,0.0,10.65957361705532,0.0,False
Brazil.regions.PI:Juazeiro do Piauí,0.0,0.0,1.068833965638575,0.0,False
Brazil.regions.PI:Lagoa do Barro do Piauí,0.5833333333333334,0.0,10.912374102959262,0.0,False
Brazil.regions.PI:Lagoa do Sítio,0.0,0.0,0.00746520050129007,0.0,False
Brazil.regions.PI:Landri Sales,2.866666666666667,0.0,53.701194728414826,0.0,False
Brazil.regions.PI:Marcos Parente,0.3888888888888889,0.0,12.759258728272465,0.0,False
Brazil.regions.PI:Nazaré do Piauí,0.5833333333333334,0.0,16.969978622140687,0.0,False
Brazil.regions.PI:Nova Santa Rita,0.0,0.0,3.5386970437963434,0.0,False
Brazil.regions.PI:Passagem Franca do Piauí,0.0,0.0,3.862046100375114,0.0,False
Brazil.regions.PI:Pavussu,0.0,0.6,7.87241226635345,16.317650258362793,False
Brazil.regions.PI:Queimada Nova,0.5833333333333334,0.0,19.47481676322772,0.0,False
Brazil.regions.PI:Ribeira do Piauí,0.5833333333333334,0.0,10.770022627730137,0.0,False
Brazil.regions.PI:São João da Fronteira,0.0,0.0,2.772860507846044,0.0,False
Brazil.regions.PI:São Lourenço do Piauí,0.5833333333333334,0.0,10.848173114404966,0.0,False
Brazil.regions.PI:São Miguel da Baixa Grande,0.5833333333333334,0.0,10.187221053239922,0.0,False
Brazil.regions.RO:Alto Paraíso,0.5833333333333334,0.0,25.929022090079133,0.0,False
Brazil.regions.RO:Cabixi,0.0,0.0,0.49837029276526223,0.0,False
Brazil.regions.RO:Espigão D'Oeste,0.0,0.0,25.70505724808292,0.0,False
Brazil.regions.RO:Monte Negro,0.5833333333333334,0.0,24.287460946118745,0.0,False
Brazil.regions.RO:Primavera de Rondônia,1.0277777777777777,0.0,38.16582993906097,0.0,False
Brazil.regions.RO:Santa Luzia D'Oeste,1.0,0.0,11.4692461313608,0.0,False
Brazil.regions.RO:Vale do Paraíso,4.0,0.0,53.936401762488714,0.0,False
Brazil.regions.RR:São Luiz,0.5833333333333334,0.0,18.07389985614923,0.0,False
Brazil.regions.RS:Campestre da Serra,0.5833333333333334,0.0,9.573430522047124,0.0,False
Brazil.regions.RS:Coxilha,0.3611111111111111,0.0,15.458391859813794,0.0,False
Brazil.regions.RS:Derrubadas,0.5833333333333334,0.0,8.550982975535407,0.0,False
Brazil.regions.RS:Eugênio de Castro,0.5833333333333334,0.0,11.14041384056627,0.0,False
Brazil.regions.RS:Hulha Negra,0.0,0.0,4.565702194160693,0.0,False
Brazil.regions.RS:Piratini,0.5833333333333334,0.0,25.756244894002155,0.0,False
Brazil.regions.RS:Pontão,0.5833333333333334,0.0,10.223627940128297,0.0,False
Brazil.regions.RS:Rosário do Sul,0.5833333333333334,0.0,28.059158544674247,0.0,False
Brazil.regions.RS:Santa Bárbara do Sul,0.5833333333333334,0.0,18.086431167981463,0.0,False
Brazil.regions.SC:Vargem,0.0,0.0,21.047745539153446,0.0,False
Brazil.regions.SC:Água Doce,1.1388888888888888,0.0,7.503868002240228,0.0,False
Brazil.regions.SP:Barra do Turvo,0.5833333333333334,0.0,17.53927840884363,0.0,False
Brazil.regions.SP:Borebi,1.4444444444444444,0.0,83.53075210939154,0.0,False
Brazil.regions.SP:Piquerobi,0.6388888888888888,0.0,29.594387830762596,0.0,False
Brazil.regions.SP:Santo Antônio do Aracanguá,0.1388888888888889,0.0,11.372228023403624,0.0,False
Brazil.regions.TO:Alvorada,0.5833333333333334,0.0,13.424576347109374,0.0,False
Brazil.regions.TO:Ananás,0.5833333333333334,0.0,20.123512440030897,0.0,False
Brazil.regions.TO:Aragominas,0.8,0.0,14.28501912063535,0.0,False
Brazil.regions.TO:Arapoema,0.0,0.0,4.270231786610584,0.0,False
Brazil.regions.TO:Aurora do Tocantins,0.0,0.0,11.547741049772043,0.0,False
Brazil.regions.TO:Barrolândia,0.9722222222222222,0.0,15.302481335090029,0.0,False
Brazil.regions.TO:Cariri do Tocantins,0.5833333333333334,0.0,10.689315314957765,0.0,False
Brazil.regions.TO:Cristalândia,0.0,0.0,5.604368438179958,0.0,False
Brazil.regions.TO:Dianópolis,0.5833333333333334,0.0,26.07889735465114,0.0,False
Brazil.regions.TO:Filadélfia,0.0,0.0,8.031891913122031,0.0,False
Brazil.regions.TO:Itaguatins,6.933333333333334,0.0,115.96509612406165,0.0,False
Brazil.regions.TO:Maurilândia do Tocantins,4.75,0.0,154.2650546686182,0.0,False
Brazil.regions.TO:Miracema do Tocantins,0.3611111111111111,0.0,23.897971127447146,0.0,False
Brazil.regions.TO:Nova Olinda,2.0833333333333335,0.0,16.721758232295794,0.0,False
Brazil.regions.TO:Oliveira de Fátima,1.8,0.0,232.47488965349459,0.0,False
Brazil.regions.TO:Pedro Afonso,0.3214285714285714,0.0,15.14384949225196,0.0,False
Brazil.regions.TO:Presidente Kennedy,0.4,0.0,18.678500055075613,0.0,False
Brazil.regions.TO:Pugmil,2.5277777777777777,0.0,122.34730848861282,0.0,False
Brazil.regions.TO:Santa Fé do Araguaia,1.0,0.0,7.300396660029943,0.0,False
Brazil.regions.TO:Silvanópolis,0.5833333333333334,0.0,12.08757703941539,0.0,False
Brazil.regions.TO:São Bento do Tocantins,0.8333333333333334,0.0,14.976389841643165,0.0,False
Brazil.regions.TO:Tabocão,1.8055555555555556,0.0,100.29985650923733,0.0,False
United_States_of_America.regions.Alabama:Bullock,1.1111111111111112,0.0,10.917750048184832,0.0,False
United_States_of_America.regions.Alabama:Choctaw,1.1388888888888888,0.0,8.971996998120565,0.0,False
United_States_of_America.regions.Alabama:Clarke,6.527777777777778,0.0,6.837153770925898,0.0,False
United_States_of_America.regions.Alabama:Conecuh,0.6944444444444444,0.0,11.719723225410677,0.0,False
United_States_of_America.regions.Alabama:Coosa,2.4166666666666665,0.0,7.9254800198276705,0.0,False
United_States_of_America.regions.Alabama:Greene,2.1666666666666665,0.0,16.02629325939413,0.0,False
United_States_of_America.regions.Alabama:Lowndes,0.3611111111111111,0.0,18.029267633644967,0.0,False
United_States_of_America.regions.Alabama:Marengo,2.6666666666666665,0.0,10.183949476191707,0.0,False
United_States_of_America.regions.Alabama:Monroe,1.6944444444444444,0.0,14.786341455231003,0.0,False
United_States_of_America.regions.Alabama:Perry,4.777777777777778,0.0,40.69311553146684,0.0,False
United_States_of_America.regions.Alabama:Sumter,4.75,0.0,22.247931138460523,0.0,False
United_States_of_America.regions.Alabama:Washington,0.16666666666666666,0.0,21.918447856801723,0.0,False
United_States_of_America.regions.Arkansas:Arkansas,0.8333333333333334,0.0,23.447237200848786,0.0,False
United_States_of_America.regions.Arkansas:Bradley,1.0,0.0,9.690861053621559,0.0,False
United_States_of_America.regions.Arkansas:Chicot,0.25,0.0,12.697830654636004,0.0,False
United_States_of_America.regions.Arkansas:Cleveland,0.5833333333333334,0.0,18.02668298831982,0.0,False
United_States_of_America.regions.Arkansas:Dallas,0.5833333333333334,0.0,16.32844268089636,0.0,False
United_States_of_America.regions.Arkansas:Desha,0.5833333333333334,0.0,21.793771130747746,0.0,False
United_States_of_America.regions.Arkansas:Fulton,0.5833333333333334,0.0,22.58106606978096,0.0,False
United_States_of_America.regions.Arkansas:Lafayette,0.3333333333333333,0.0,8.907004830917876,0.0,False
United_States_of_America.regions.Arkansas:Lee,0.1388888888888889,0.0,12.055871210916022,0.0,False
United_States_of_America.regions.Arkansas:Madison,0.5833333333333334,0.0,24.562994671690326,0.0,False
United_States_of_America.regions.Arkansas:Monroe,0.5833333333333334,0.0,15.672667405374398,0.0,False
United_States_of_America.regions.Arkansas:Montgomery,0.5833333333333334,0.0,19.467391214747,0.0,False
United_States_of_America.regions.Arkansas:Nevada,0.5833333333333334,0.0,18.4775388467774,0.0,False
United_States_of_America.regions.Arkansas:Perry,0.3333333333333333,0.0,12.26327693796972,0.0,False
United_States_of_America.regions.Arkansas:Pike,0.6944444444444444,0.0,11.751317156554451,0.0,False
United_States_of_America.regions.Arkansas:Prairie,0.3333333333333333,0.0,10.47777470177781,0.0,False
United_States_of_America.regions.Arkansas:Searcy,0.4444444444444444,0.0,10.247030046989222,0.0,False
United_States_of_America.regions.Arkansas:Stone,2.7222222222222223,0.0,6.238079259260977,0.0,False
United_States_of_America.regions.Arkansas:Woodruff,0.5833333333333334,0.0,14.773028394382273,0.0,False
United_States_of_America.regions.California:Colusa,0.3611111111111111,0.0,24.92345871329327,0.0,False
United_States_of_America.regions.California:Glenn,0.3333333333333333,0.0,23.84532306022447,0.0,False
United_States_of_America.regions.Colorado:Lake,1.2222222222222223,0.0,6.337793328019147,0.0,False
United_States_of_America.regions.Colorado:Morgan,1.1111111111111112,0.0,21.32636073290969,0.0,False
United_States_of_America.regions.Colorado:Otero,1.1666666666666667,0.0,15.550403422256968,0.0,False
United_States_of_America.regions.Colorado:Pitkin,9.222222222222221,0.0,30.222307781338813,0.0,False
United_States_of_America.regions.Florida:Lafayette,0.5833333333333334,0.0,18.722148991732794,0.0,False
United_States_of_America.regions.Florida:Liberty,0.25,0.0,10.95871610386917,0.0,False
United_States_of_America.regions.Florida:Taylor,0.5833333333333334,0.0,25.95952964940663,0.0,False
United_States_of_America.regions.Georgia:Charlton,0.5833333333333334,0.0,23.1286686405901,0.0,False
United_States_of_America.regions.Georgia:Echols,0.3333333333333333,0.0,17.24908611318128,0.0,False
United_States_of_America.regions.Georgia:Hancock,1.3055555555555556,0.0,10.022283801144637,0.0,False
United_States_of_America.regions.Georgia:Miller,0.2222222222222222,0.0,5.160695467430873,0.0,False
United_States_of_America.regions.Georgia:Quitman,1.3611111111111112,0.0,97.47919525327472,0.0,False
United_States_of_America.regions.Georgia:Randolph,0.3888888888888889,0.0,8.911167401338075,0.0,False
United_States_of_America.regions.Georgia:Screven,0.8333333333333334,0.0,13.291884616032082,0.0,False
United_States_of_America.regions.Georgia:Stewart,0.8055555555555556,0.0,11.814990657015048,0.0,False
United_States_of_America.regions.Georgia:Talbot,1.5,0.0,20.943075229491345,0.0,False
United_States_of_America.regions.Georgia:Taliaferro,0.5833333333333334,0.0,34.46599551377353,0.0,False
United_States_of_America.regions.Georgia:Taylor,0.0,0.0,10.853502315065802,0.0,False
United_States_of_America.regions.Georgia:Warren,2.888888888888889,0.0,54.52451839469599,0.0,False
United_States_of_America.regions.Georgia:Webster,0.8333333333333334,0.0,62.10333012754586,0.0,False
United_States_of_America.regions.Georgia:Wilkes,0.0,0.0,14.4013431898486,0.0,False
United_States_of_America.regions.Georgia:Wilkinson,0.5555555555555556,0.0,7.545154448975268,0.0,False
United_States_of_America.regions.Idaho:Bonner,0.3611111111111111,0.0,26.344639273193255,0.0,False
United_States_of_America.regions.Idaho:Gooding,0.8055555555555556,0.0,14.857695483388303,0.0,False
United_States_of_America.regions.Illinois:Brown,2.5833333333333335,0.0,34.1204689030776,0.0,False
United_States_of_America.regions.Illinois:Calhoun,0.5833333333333334,0.0,10.97583725545963,0.0,False
United_States_of_America.regions.Illinois:Gallatin,0.5833333333333334,0.0,11.040668563812543,0.0,False
United_States_of_America.regions.Illinois:Hamilton,0.25,0.0,10.66619365417231,0.0,False
United_States_of_America.regions.Illinois:Henderson,1.0277777777777777,0.0,11.781611562671978,0.0,False
United_States_of_America.regions.Illinois:Jasper,1.4722222222222223,0.0,9.86794150618066,0.0,False
United_States_of_America.regions.Illinois:Pike,0.5833333333333334,0.0,24.169490988712955,0.0,False
United_States_of_America.regions.Illinois:Pope,0.5833333333333334,0.0,10.50264908244944,0.0,False
United_States_of_America.regions.Illinois:Schuyler,0.5833333333333334,0.0,15.820399492924935,0.0,False
United_States_of_America.regions.Illinois:Stark,0.5833333333333334,0.0,11.87623252311612,0.0,False
United_States_of_America.regions.Indiana:Benton,1.9722222222222223,0.0,10.048397535723828,0.0,False
United_States_of_America.regions.Iowa:Adair,0.5833333333333334,0.0,16.61371029623145,0.0,False
United_States_of_America.regions.Iowa:Adams,0.0,0.0,8.438682750055662,0.0,False
United_States_of_America.regions.Iowa:Allamakee,1.8333333333333333,0.0,5.632953069587641,0.0,False
United_States_of_America.regions.Iowa:Audubon,0.5833333333333334,0.0,12.400762258366207,0.0,False
United_States_of_America.regions.Iowa:Calhoun,0.5833333333333334,0.0,20.25241229428958,0.0,False
United_States_of_America.regions.Iowa:Cherokee,0.25,0.0,14.277759503277585,0.0,False
United_States_of_America.regions.Iowa:Clarke,0.0,0.0,13.742877245665504,0.0,False
United_States_of_America.regions.Iowa:Davis,1.0555555555555556,0.0,11.044015029522276,0.0,False
United_States_of_America.regions.Iowa:Franklin,0.5833333333333334,0.0,20.66532661066576,0.0,False
United_States_of_America.regions.Iowa:Fremont,0.8611111111111112,0.0,7.2787680233957115,0.0,False
United_States_of_America.regions.Iowa:Greene,0.5833333333333334,0.0,19.344688091997607,0.0,False
United_States_of_America.regions.Iowa:Guthrie,0.5833333333333334,0.0,21.240401098605595,0.0,False
United_States_of_America.regions.Iowa:Hancock,1.3333333333333333,0.0,9.08997262631358,0.0,False
United_States_of_America.regions.Iowa:Harrison,0.5833333333333334,0.0,23.477868866833578,0.0,False
United_States_of_America.regions.Iowa:Howard,0.5833333333333334,0.0,19.67639848513782,0.0,False
United_States_of_America.regions.Iowa:Humboldt,2.0555555555555554,0.0,7.968133531058282,0.0,False
United_States_of_America.regions.Iowa:Ida,3.2222222222222223,0.0,39.719706608201136,0.0,False
United_States_of_America.regions.Iowa:Keokuk,0.6111111111111112,0.0,16.325132811736278,0.0,False
United_States_of_America.regions.Iowa:Kossuth,0.5833333333333334,0.0,23.84498622820426,0.0,False
United_States_of_America.regions.Iowa:Lucas,0.5,0.0,5.813953488372093,0.0,False
United_States_of_America.regions.Iowa:Lyon,0.3888888888888889,0.0,13.818082687943802,0.0,False
United_States_of_America.regions.Iowa:Monona,2.5555555555555554,0.0,17.875673414125895,0.0,False
United_States_of_America.regions.Iowa:Monroe,0.9722222222222222,0.0,10.32229729461495,0.0,False
United_States_of_America.regions.Iowa:Osceola,0.3333333333333333,0.0,7.9226080145559985,0.0,False
United_States_of_America.regions.Iowa:Palo Alto,0.5833333333333334,0.0,19.342155765841294,0.0,False
United_States_of_America.regions.Iowa:Pocahontas,0.8611111111111112,0.0,8.67693541835395,0.0,False
United_States_of_America.regions.Iowa:Ringgold,0.0,0.0,1.109511992403199,0.0,False
United_States_of_America.regions.Iowa:Sac,0.0,0.0,14.308051314442679,0.0,False
United_States_of_America.regions.Iowa:Shelby,2.0833333333333335,0.0,7.333682556312204,0.0,False
United_States_of_America.regions.Iowa:Taylor,0.5833333333333334,0.0,14.258613400555255,0.0,False
United_States_of_America.regions.Iowa:Van Buren,3.1944444444444446,0.0,38.08634202679089,0.0,False
United_States_of_America.regions.Iowa:Wayne,0.5833333333333334,0.0,15.070273692010801,0.0,False
United_States_of_America.regions.Iowa:Worth,0.5833333333333334,0.0,17.04751351611975,0.0,False
United_States_of_America.regions.Kansas:Anderson,0.5833333333333334,0.0,17.86992875553965,0.0,False
United_States_of_America.regions.Kansas:Brown,0.5833333333333334,0.0,20.139937002083098,0.0,False
United_States_of_America.regions.Kansas:Clay,0.5833333333333334,0.0,18.09893742345412,0.0,False
United_States_of_America.regions.Kansas:Cloud,0.5833333333333334,0.0,9.729283118766388,0.0,False
United_States_of_America.regions.Kansas:Doniphan,0.5833333333333334,0.0,17.437918467666755,0.0,False
United_States_of_America.regions.Kansas:Grant,1.0555555555555556,0.0,14.318209970383883,0.0,False
United_States_of_America.regions.Kansas:Jackson,0.5833333333333334,0.0,23.003375272688952,0.0,False
United_States_of_America.regions.Kansas:Linn,0.5833333333333334,0.0,9.769211607280518,0.0,False
United_States_of_America.regions.Kansas:Nemaha,0.5833333333333334,0.0,20.821597585312293,0.0,False
United_States_of_America.regions.Kansas:Pratt,0.5833333333333334,0.0,19.683547818214663,0.0,False
United_States_of_America.regions.Kansas:Rice,1.3055555555555556,0.0,8.575972519606239,0.0,False
United_States_of_America.regions.Kansas:Sumner,0.5833333333333334,0.0,26.21676258268367,0.0,False
United_States_of_America.regions.Kansas:Wilson,0.5833333333333334,0.0,18.865607925916482,0.0,False
United_States_of_America.regions.Kentucky:Cumberland,0.5833333333333334,0.0,15.4763696000335,0.0,False
United_States_of_America.regions.Kentucky:Hickman,0.5555555555555556,0.0,15.119596467621086,0.0,False
United_States_of_America.regions.Louisiana:Caldwell,10.277777777777779,0.0,90.53611595761573,0.0,False
United_States_of_America.regions.Louisiana:Claiborne,0.9722222222222222,0.0,14.287226379010738,0.0,False
United_States_of_America.regions.Louisiana:East Carroll,0.5833333333333334,0.0,16.020678384511776,0.0,False
United_States_of_America.regions.Louisiana:Madison,0.5833333333333334,0.0,21.464227047993468,0.0,False
United_States_of_America.regions.Louisiana:Red River,0.0,0.0,11.84038400131846,0.0,False
United_States_of_America.regions.Louisiana:Winn,0.5833333333333334,0.0,23.403638290814957,0.0,False
United_States_of_America.regions.Maine:Franklin,0.5555555555555556,0.0,23.51316514037134,0.0,False
United_States_of_America.regions.Michigan:Alcona,0.8055555555555556,0.0,10.840353756593862,0.0,False
United_States_of_America.regions.Michigan:Chippewa,0.5833333333333334,0.0,27.91836534780587,0.0,False
United_States_of_America.regions.Michigan:Lake,0.3333333333333333,0.0,14.425504703144927,0.0,False
United_States_of_America.regions.Michigan:Menominee,0.5833333333333334,0.0,26.205997576765224,0.0,False
United_States_of_America.regions.Michigan:Montmorency,1.5555555555555556,0.0,5.9221211292581275,0.0,False
United_States_of_America.regions.Michigan:Oscoda,0.4166666666666667,0.0,10.447937055619745,0.0,False
United_States_of_America.regions.Michigan:Presque Isle,0.1388888888888889,0.0,16.91869898736923,0.0,False
United_States_of_America.regions.Minnesota:Big Stone,0.5833333333333334,0.0,11.153409470380018,0.0,False
United_States_of_America.regions.Minnesota:Chippewa,0.0,0.0,17.17773410846366,0.0,False
United_States_of_America.regions.Minnesota:Cottonwood,2.611111111111111,0.0,8.843306702014003,0.0,False
United_States_of_America.regions.Minnesota:Faribault,0.3611111111111111,0.0,16.35392904392551,0.0,False
United_States_of_America.regions.Minnesota:Grant,0.16666666666666666,0.0,6.874000299842637,0.0,False
United_States_of_America.regions.Minnesota:Jackson,0.5833333333333334,0.0,20.439404510623017,0.0,False
United_States_of_America.regions.Minnesota:Lincoln,0.5833333333333334,0.0,12.862172488069774,0.0,False
United_States_of_America.regions.Minnesota:Mahnomen,0.5833333333333334,0.0,12.502815194738638,0.0,False
United_States_of_America.regions.Minnesota:Murray,0.5833333333333334,0.0,18.39176145932946,0.0,False
United_States_of_America.regions.Minnesota:Pine,3.1666666666666665,0.0,14.5371229174809,0.0,False
United_States_of_America.regions.Minnesota:Pipestone,0.5833333333333334,0.0,19.638109939113285,0.0,False
United_States_of_America.regions.Minnesota:Pope,2.9166666666666665,0.0,11.14674140295741,0.0,False
United_States_of_America.regions.Minnesota:Red Lake,0.5833333333333334,0.0,10.382601547561608,0.0,False
United_States_of_America.regions.Minnesota:Redwood,0.5833333333333334,0.0,24.003855393038847,0.0,False
United_States_of_America.regions.Minnesota:Renville,0.5833333333333334,0.0,23.722016118998823,0.0,False
United_States_of_America.regions.Minnesota:Rock,1.1388888888888888,0.0,6.14301902546669,0.0,False
United_States_of_America.regions.Minnesota:Swift,0.5833333333333334,0.0,19.803669884845576,0.0,False
United_States_of_America.regions.Minnesota:Yellow Medicine,0.3611111111111111,0.0,18.00726420644292,0.0,False
United_States_of_America.regions.Mississippi:Benton,2.2777777777777777,0.0,16.55540366932945,0.0,False
United_States_of_America.regions.Mississippi:Carroll,2.138888888888889,0.0,9.914867639066763,0.0,False
United_States_of_America.regions.Mississippi:Choctaw,3.2777777777777777,0.0,29.010678492575792,0.0,False
United_States_of_America.regions.Mississippi:Claiborne,0.5833333333333334,0.0,19.469867499123904,0.0,False
United_States_of_America.regions.Mississippi:Franklin,1.3055555555555556,0.0,7.212241582221119,0.0,False
United_States_of_America.regions.Mississippi:Greene,0.0,0.0,18.941659418749005,0.0,False
United_States_of_America.regions.Mississippi:Humphreys,0.5833333333333334,0.0,18.195019553715202,0.0,False
United_States_of_America.regions.Mississippi:Jefferson,0.5833333333333334,0.0,16.28966155930142,0.0,False
United_States_of_America.regions.Mississippi:Kemper,1.0,0.0,9.509929448697491,0.0,False
United_States_of_America.regions.Mississippi:Noxubee,0.5555555555555556,0.0,10.063136916816731,0.0,False
United_States_of_America.regions.Mississippi:Perry,0.5833333333333334,0.0,22.243687588539597,0.0,False
United_States_of_America.regions.Mississippi:Quitman,2.138888888888889,0.0,24.20722304729064,0.0,False
United_States_of_America.regions.Mississippi:Sharkey,0.0,0.0,6.046939244769859,0.0,False
United_States_of_America.regions.Mississippi:Tallahatchie,0.3888888888888889,0.0,16.31366227234706,0.0,False
United_States_of_America.regions.Missouri:Atchison,0.5833333333333334,0.0,11.252102900523296,0.0,False
United_States_of_America.regions.Missouri:Bates,0.5833333333333334,0.0,24.412286120660227,0.0,False
United_States_of_America.regions.Missouri:Bollinger,0.5833333333333334,0.0,22.353828534600343,0.0,False
United_States_of_America.regions.Missouri:Caldwell,0.5833333333333334,0.0,19.509338703400214,0.0,False
United_States_of_America.regions.Missouri:Carroll,0.6666666666666666,0.0,14.832849350951518,0.0,False
United_States_of_America.regions.Missouri:Carter,1.5,0.0,21.382181972649022,0.0,False
United_States_of_America.regions.Missouri:Chariton,1.8055555555555556,0.0,16.992132356480887,0.0,False
United_States_of_America.regions.Missouri:Clark,0.5833333333333334,0.0,15.883440098726895,0.0,False
United_States_of_America.regions.Missouri:Daviess,0.3888888888888889,0.0,10.532869007050616,0.0,False
United_States_of_America.regions.Missouri:Dent,0.0,0.0,12.902301177158163,0.0,False
United_States_of_America.regions.Missouri:Gentry,0.5833333333333334,0.0,15.377429396869234,0.0,False
United_States_of_America.regions.Missouri:Harrison,0.9722222222222222,0.0,7.188535361948656,0.0,False
United_States_of_America.regions.Missouri:Holt,0.5833333333333334,0.0,10.707455720243445,0.0,False
United_States_of_America.regions.Missouri:Howard,0.16666666666666666,0.0,16.430563062856358,0.0,False
United_States_of_America.regions.Missouri:Iron,0.5833333333333334,0.0,20.719269994632313,0.0,False
United_States_of_America.regions.Missouri:Linn,0.9722222222222222,0.0,10.779953672182055,0.0,False
United_States_of_America.regions.Missouri:Macon,0.6388888888888888,0.0,16.15642753031987,0.0,False
United_States_of_America.regions.Missouri:Maries,0.3333333333333333,0.0,11.006071836643097,0.0,False
United_States_of_America.regions.Missouri:Oregon,0.5833333333333334,0.0,21.098235086928838,0.0,False
United_States_of_America.regions.Missouri:Ralls,0.5833333333333334,0.0,20.895551297437365,0.0,False
United_States_of_America.regions.Missouri:Ripley,0.3888888888888889,0.0,15.753683296153785,0.0,False
United_States_of_America.regions.Missouri:Schuyler,0.0,0.0,2.1355559702266156,0.0,False
United_States_of_America.regions.Missouri:Scotland,0.9722222222222222,0.0,21.53710306549431,0.0,False
United_States_of_America.regions.Missouri:Shelby,0.5833333333333334,0.0,13.732406796414422,0.0,False
United_States_of_America.regions.Missouri:St. Clair,0.4166666666666667,0.0,10.945522237285104,0.0,False
United_States_of_America.regions.Missouri:Worth,0.5833333333333334,0.0,19.08128565291787,0.0,False
United_States_of_America.regions.Montana:Deer Lodge,1.3611111111111112,0.0,8.880173739210303,0.0,False
United_States_of_America.regions.Montana:Lake,1.8888888888888888,0.0,19.195779642810052,0.0,False
United_States_of_America.regions.Nebraska:Burt,0.5833333333333334,0.0,15.113540406862164,0.0,False
United_States_of_America.regions.Nebraska:Butler,0.5833333333333334,0.0,18.120763304309254,0.0,False
United_States_of_America.regions.Nebraska:Cedar,2.0833333333333335,0.0,13.044589874123217,0.0,False
United_States_of_America.regions.Nebraska:Clay,0.8055555555555556,0.0,10.228891202800506,0.0,False
United_States_of_America.regions.Nebraska:Cuming,0.1388888888888889,0.0,12.039491512732509,0.0,False
United_States_of_America.regions.Nebraska:Dixon,0.2222222222222222,0.0,5.040539557259195,0.0,False
United_States_of_America.regions.Nebraska:Fillmore,0.5833333333333334,0.0,12.287501230872827,0.0,False
United_States_of_America.regions.Nebraska:Hamilton,4.777777777777778,0.0,37.6271716851427,0.0,False
United_States_of_America.regions.Nebraska:Howard,3.4444444444444446,0.0,47.41470313028986,0.0,False
United_States_of_America.regions.Nebraska:Jefferson,2.0277777777777777,0.0,20.939767182881784,0.0,False
United_States_of_America.regions.Nebraska:Johnson,0.5833333333333334,0.0,11.206090900517006,0.0,False
United_States_of_America.regions.Nebraska:Kearney,0.3611111111111111,0.0,11.77791909793115,0.0,False
United_States_of_America.regions.Nebraska:Merrick,0.3888888888888889,0.0,10.193413215306524,0.0,False
United_States_of_America.regions.Nebraska:Nance,0.5833333333333334,0.0,9.75655962868239,0.0,False
United_States_of_America.regions.Nebraska:Nemaha,0.5833333333333334,0.0,16.2527265722656,0.0,False
United_States_of_America.regions.Nebraska:Phelps,0.5833333333333334,0.0,19.52651942545196,0.0,False
United_States_of_America.regions.Nebraska:Pierce,0.5833333333333334,0.0,16.60588595213057,0.0,False
United_States_of_America.regions.Nebraska:Polk,0.8888888888888888,0.0,16.96922069902662,0.0,False
United_States_of_America.regions.Nebraska:Red Willow,0.5833333333333334,0.0,21.27093442793295,0.0,False
United_States_of_America.regions.Nebraska:Richardson,0.4642857142857143,0.0,15.580817952359453,0.0,False
United_States_of_America.regions.Nebraska:Stanton,0.5833333333333334,0.0,13.703921312616966,0.0,False
United_States_of_America.regions.Nebraska:Thurston,2.4444444444444446,0.0,26.986668164625698,0.0,False
United_States_of_America.regions.Nebraska:Wayne,0.5833333333333334,0.0,19.940512192255266,0.0,False
United_States_of_America.regions.Nevada:Storey,0.0,0.0,4.9305123491290175,0.0,False
United_States_of_America.regions.New Hampshire:Coos,0.3611111111111111,0.0,26.72348730956154,0.0,False
United_States_of_America.regions.New York:Essex,1.1944444444444444,0.0,23.06489880088197,0.0,False
United_States_of_America.regions.New York:Lewis,2.638888888888889,0.0,14.5392942578165,0.0,False
United_States_of_America.regions.North Carolina:Tyrrell,2.3055555555555554,0.0,66.23906948694754,0.0,False
United_States_of_America.regions.North Dakota:Rolette,0.5833333333333334,0.0,23.541637132274097,0.0,False
United_States_of_America.regions.North Dakota:Stark,9.444444444444445,0.0,6.976407186096235,0.0,False
United_States_of_America.regions.Oklahoma:Atoka,0.5833333333333334,0.0,23.327314876263475,0.0,False
United_States_of_America.regions.Oklahoma:Caddo,0.16666666666666666,0.0,25.67033282530481,0.0,False
United_States_of_America.regions.Oklahoma:Choctaw,0.5833333333333334,0.0,23.780109823919975,0.0,False
United_States_of_America.regions.Oklahoma:Coal,0.0,0.0,1.1253093501778082,0.0,False
United_States_of_America.regions.Oklahoma:Craig,0.16666666666666666,0.0,20.57837106996872,0.0,False
United_States_of_America.regions.Oklahoma:Johnston,1.25,0.0,8.905711029615247,0.0,False
United_States_of_America.regions.Oklahoma:Kingfisher,1.3888888888888888,0.0,11.742516520574686,0.0,False
United_States_of_America.regions.Oklahoma:Latimer,0.0,0.0,14.877225560973336,0.0,False
United_States_of_America.regions.Oklahoma:Love,0.25,0.0,12.806274994648282,0.0,False
United_States_of_America.regions.Oklahoma:McCurtain,0.1388888888888889,0.0,25.350253317136104,0.0,False
United_States_of_America.regions.Oklahoma:Noble,0.9166666666666666,0.0,8.136016241073406,0.0,False
United_States_of_America.regions.Oklahoma:Nowata,4.333333333333333,0.0,28.646750610550367,0.0,False
United_States_of_America.regions.Oklahoma:Okfuskee,0.5833333333333334,0.0,22.257615922761172,0.0,False
United_States_of_America.regions.Oklahoma:Woodward,0.5833333333333334,0.0,25.64801250192116,0.0,False
United_States_of_America.regions.Pennsylvania:Cameron,0.5833333333333334,0.0,10.744908634057156,0.0,False
United_States_of_America.regions.Pennsylvania:Forest,2.4722222222222223,0.0,26.286850441973105,0.0,False
United_States_of_America.regions.Pennsylvania:Potter,0.5833333333333334,0.0,24.544742164934853,0.0,False
United_States_of_America.regions.Pennsylvania:Sullivan,0.5833333333333334,0.0,14.110485146480505,0.0,False
United_States_of_America.regions.South Carolina:Allendale,0.25,0.0,11.34220336118006,0.0,False
United_States_of_America.regions.South Dakota:Beadle,0.5833333333333334,0.0,25.176640170313874,0.0,False
United_States_of_America.regions.South Dakota:Bon Homme,0.5833333333333334,0.0,16.10515967603472,0.0,False
United_States_of_America.regions.South Dakota:Brown,0.25,0.0,25.875471966749558,0.0,False
United_States_of_America.regions.South Dakota:Grant,1.3611111111111112,0.0,11.15751130548043,0.0,False
United_States_of_America.regions.South Dakota:Hamlin,0.5833333333333334,0.0,14.372581536760643,0.0,False
United_States_of_America.regions.South Dakota:McCook,0.5833333333333334,0.0,12.693915603363132,0.0,False
United_States_of_America.regions.South Dakota:Moody,0.0,0.0,6.518359838734323,0.0,False
United_States_of_America.regions.South Dakota:Turner,0.9444444444444444,0.0,5.732297390320954,0.0,False
United_States_of_America.regions.Tennessee:Perry,0.0,0.0,10.990397982451734,0.0,False
United_States_of_America.regions.Tennessee:Van Buren,0.5833333333333334,0.0,13.565840452465261,0.0,False
United_States_of_America.regions.Texas:Blanco,0.5833333333333334,0.0,22.214286090268644,0.0,False
United_States_of_America.regions.Texas:Bosque,0.5833333333333334,0.0,20.784021214499045,0.0,False
United_States_of_America.regions.Texas:Callahan,0.5833333333333334,0.0,23.423755541165242,0.0,False
United_States_of_America.regions.Texas:Childress,0.5833333333333334,0.0,16.90843296908592,0.0,False
United_States_of_America.regions.Texas:Comanche,0.5833333333333334,0.0,17.15002418116208,0.0,False
United_States_of_America.regions.Texas:Dawson,1.25,0.0,11.166120620114553,0.0,False
United_States_of_America.regions.Texas:Delta,0.5833333333333334,0.0,11.837606489070856,0.0,False
United_States_of_America.regions.Texas:Eastland,1.25,0.0,15.16371443907676,0.0,False
United_States_of_America.regions.Texas:Frio,0.5833333333333334,0.0,25.6711603925321,0.0,False
United_States_of_America.regions.Texas:Gonzales,0.5833333333333334,0.0,25.796657855850224,0.0,False
United_States_of_America.regions.Texas:Hamilton,0.1388888888888889,0.0,11.439370423216168,0.0,False
United_States_of_America.regions.Texas:Houston,1.5833333333333333,0.0,16.808514934451964,0.0,False
United_States_of_America.regions.Texas:Jackson,0.3611111111111111,0.0,22.315174842569682,0.0,False
United_States_of_America.regions.Texas:Karnes,0.25,0.0,18.844429746183536,0.0,False
United_States_of_America.regions.Texas:Lavaca,0.5833333333333334,0.0,25.63401901973164,0.0,False
United_States_of_America.regions.Texas:Leon,0.3333333333333333,0.0,19.583019210790937,0.0,False
United_States_of_America.regions.Texas:Newton,0.5833333333333334,0.0,23.240167746619925,0.0,False
United_States_of_America.regions.Texas:Nolan,0.5833333333333334,0.0,23.799564733664763,0.0,False
United_States_of_America.regions.Texas:Robertson,0.25,0.0,19.85823950570756,0.0,False
United_States_of_America.regions.Texas:Sabine,0.5833333333333334,0.0,21.109947144937617,0.0,False
United_States_of_America.regions.Texas:Scurry,0.3333333333333333,0.0,19.120828670792363,0.0,False
United_States_of_America.regions.Texas:Terry,1.3888888888888888,0.0,8.445763458667964,0.0,False
United_States_of_America.regions.Texas:Trinity,1.0,0.0,12.96334215588874,0.0,False
United_States_of_America.regions.Texas:Uvalde,1.5,0.0,19.065454080566845,0.0,False
United_States_of_America.regions.Texas:Yoakum,0.5833333333333334,0.0,19.118710025351277,0.0,False
United_States_of_America.regions.Texas:Young,0.5833333333333334,0.0,18.565459697198108,0.0,False
United_States_of_America.regions.Texas:Zapata,0.8611111111111112,0.0,13.86546985314708,0.0,False
United_States_of_America.regions.Utah:Morgan,1.1388888888888888,0.0,9.6483766865666,0.0,False
United_States_of_America.regions.Utah:Sanpete,2.0,0.0,19.013883170140154,0.0,False
United_States_of_America.regions.Utah:Summit,23.47222222222222,0.0,29.70287572102218,0.0,False
United_States_of_America.regions.Virginia:Craig,0.4166666666666667,0.0,8.382943373156316,0.0,False
United_States_of_America.regions.Virginia:King and Queen,0.5833333333333334,0.0,16.360937759669,0.0,False
United_States_of_America.regions.Washington:Douglas,2.888888888888889,0.0,20.29803471036388,0.0,False
United_States_of_America.regions.Washington:Jefferson,0.5833333333333334,0.0,27.492247207177925,0.0,False
United_States_of_America.regions.Washington:Wahkiakum,0.3888888888888889,0.0,13.348532210424793,0.0,False
United_States_of_America.regions.West Virginia:Pendleton,0.5833333333333334,0.0,16.24655219145103,0.0,False
United_States_of_America.regions.West Virginia:Ritchie,0.5833333333333334,0.0,20.128993024479552,0.0,False
United_States_of_America.regions.West Virginia:Tucker,0.4166666666666667,0.0,9.61874670209858,0.0,False
United_States_of_America.regions.Wisconsin:Ashland,0.5833333333333334,0.0,24.169903938347698,0.0,False
United_States_of_America.regions.Wisconsin:Florence,0.3888888888888889,0.0,15.323214088208772,0.0,False
United_States_of_America.regions.Wisconsin:Jackson,1.2222222222222223,0.0,17.004980692007983,0.0,False
United_States_of_America.regions.Wisconsin:Menominee,0.5833333333333334,0.0,10.834573933402044,0.0,False
United_States_of_America.regions.Wisconsin:Rusk,1.25,0.0,11.835714718932442,0.0,False
United_States_of_America.regions.Wisconsin:Washburn,0.5833333333333334,0.0,24.234490049292575,0.0,False
Andorra,0.5833333333333334,0.0,29.29721309542645,0.0,False
Brazil.regions.AL:Marechal Deodoro,0.3333333333333333,0.0,26.90288500145561,0.0,False
Brazil.regions.AL:Palmeira dos Índios,0.5833333333333334,0.0,29.230028834545188,0.0,False
Brazil.regions.AL:União dos Palmares,0.5833333333333334,0.0,29.071678531969187,0.0,False
Brazil.regions.BA:Ipiaú,0.5833333333333334,0.0,28.415881654359527,0.0,False
Brazil.regions.BA:Ubatã,2.4166666666666665,0.0,15.800177916918695,0.0,False
Brazil.regions.MA:Pedreiras,1.6111111111111112,0.0,22.452744443020052,0.0,False
Brazil.regions.MG:Ipaba,0.0,0.0,22.086470842315414,0.0,False
Brazil.regions.MG:Matozinhos,0.5833333333333334,0.0,27.95170955564582,0.0,False
Brazil.regions.MG:Ouro Branco,0.5833333333333334,0.0,26.938991826168493,0.0,False
Brazil.regions.PB:Alagoinha,1.3055555555555556,0.0,11.041118909056703,0.0,False
Brazil.regions.PB:Sertãozinho,0.4166666666666667,0.0,9.213103992943376,0.0,False
Brazil.regions.PE:Belém de Maria,0.0,1.0,11.04072608219483,8.282945415389712,False
Brazil.regions.PE:Fernando de Noronha,0.8055555555555556,0.0,47.44694696827418,0.0,False
Brazil.regions.PE:Ribeirão,0.16666666666666666,0.0,27.608010469790585,0.0,False
Brazil.regions.PE:Santa Maria do Cambucá,0.5833333333333334,0.0,23.522176647955135,0.0,False
Brazil.regions.PE:São Vicente Ferrer,0.5833333333333334,0.0,25.045807654503307,0.0,False
Brazil.regions.PR:Pato Branco,0.0,0.0,28.685443718941194,0.0,False
Brazil.regions.RN:Macaíba,0.5833333333333334,0.0,29.358066892992863,0.0,False
Brazil.regions.RN:São José de Mipibu,0.5833333333333334,0.0,28.317856986827355,0.0,False
Brazil.regions.RS:Bom Princípio,3.3333333333333335,0.0,6.420600917376011,0.0,False
Brazil.regions.RS:Encantado,0.3333333333333333,0.0,22.154578875843892,0.0,False
Brazil.regions.RS:Gramado,0.0,0.0,16.56368032955628,0.0,False
Brazil.regions.RS:Montenegro,0.5833333333333334,0.0,29.063574910809418,0.0,False
Brazil.regions.RS:Santa Maria,0.3888888888888889,0.0,29.89674853334691,0.0,False
Brazil.regions.RS:Santa Rosa,0.3611111111111111,0.0,28.92734155487577,0.0,False
Brazil.regions.SC:Braço do Norte,2.75,0.0,17.641154509939852,0.0,False
Brazil.regions.SC:Indaial,0.5833333333333334,0.0,29.15540989158124,0.0,False
Brazil.regions.SC:Maravilha,5.138888888888889,0.0,9.50456807583752,0.0,False
Brazil.regions.SC:Pinhalzinho,1.3611111111111112,0.0,16.10044351788234,0.0,False
Brazil.regions.SC:Pomerode,0.5833333333333334,0.0,27.606008438760064,0.0,False
Brazil.regions.SC:Sangão,0.3611111111111111,0.0,20.955316105422078,0.0,False
Brazil.regions.SP:Amparo,1.9444444444444444,0.0,25.70935600140923,0.0,False
Brazil.regions.SP:Araçariguama,0.5833333333333334,0.0,26.124341195923634,0.0,False
Brazil.regions.SP:Bady Bassitt,0.25,0.0,20.12081987041371,0.0,False
Brazil.regions.SP:Conchal,0.0,0.0,24.951131089238505,0.0,False
Brazil.regions.SP:Estiva Gerbi,0.5833333333333334,0.0,21.749387160630583,0.0,False
Brazil.regions.SP:Guaratinguetá,0.5833333333333334,0.0,29.774781660476933,0.0,False
Brazil.regions.SP:Lindóia,1.4166666666666667,0.0,8.227089462787404,0.0,False
Brazil.regions.SP:Matão,0.3333333333333333,0.0,28.291296351476912,0.0,False
Brazil.regions.SP:Orlândia,0.3333333333333333,0.0,26.24252287411305,0.0,False
Brazil.regions.SP:Palmares Paulista,0.0,0.0,11.790714812085483,0.0,False
Brazil.regions.SP:Rio das Pedras,0.3611111111111111,0.0,27.126350781940953,0.0,False
Brazil.regions.SP:Salto de Pirapora,0.3611111111111111,0.0,27.904997691712808,0.0,False
Brazil.regions.SP:Santa Fé do Sul,2.2222222222222223,0.0,18.821926825090642,0.0,False
Brazil.regions.SP:Santa Isabel,0.16666666666666666,0.0,28.12715069681244,0.0,False
Brazil.regions.SP:Santo Antônio de Posse,0.5833333333333334,0.0,26.305808914504567,0.0,False
Brazil.regions.SP:Vargem Grande do Sul,0.3611111111111111,0.0,27.743153098960434,0.0,False
United_States_of_America.regions.Colorado:Douglas,1.3611111111111112,0.0,29.75730803457075,0.0,False
United_States_of_America.regions.Connecticut:New London,7.388888888888889,0.0,27.212698862366437,0.0,False
United_States_of_America.regions.Florida:Hernando,5.138888888888889,0.0,27.129320721927265,0.0,False
United_States_of_America.regions.Florida:Lake,3.5833333333333335,0.0,29.188454625886543,0.0,False
United_States_of_America.regions.Georgia:Catoosa,0.5833333333333334,0.0,27.389736455963927,0.0,False
United_States_of_America.regions.Georgia:Houston,1.6388888888888888,0.0,28.765815745389943,0.0,False
United_States_of_America.regions.Georgia:Newton,1.6666666666666667,0.0,27.68737964208045,0.0,False
United_States_of_America.regions.Illinois:Kendall,2.5833333333333335,0.0,27.365588639297087,0.0,False
United_States_of_America.regions.Illinois:St. Clair,1.1388888888888888,0.0,29.54753866440187,0.0,False
United_States_of_America.regions.Indiana:Hendricks,0.3888888888888889,0.0,29.437800966766012,0.0,False
United_States_of_America.regions.Indiana:Porter,10.86111111111111,0.0,23.292264005649514,0.0,False
United_States_of_America.regions.Indiana:Tippecanoe,2.0555555555555554,0.0,28.73669518145239,0.0,False
United_States_of_America.regions.Maryland:Frederick,0.8055555555555556,0.0,29.953668750261006,0.0,False
United_States_of_America.regions.Minnesota:Scott,3.0833333333333335,0.0,27.46409539017946,0.0,False
United_States_of_America.regions.Mississippi:DeSoto,20.305555555555557,0.0,18.760462754975816,0.0,False
United_States_of_America.regions.Nevada:Carson City,0.3611111111111111,0.0,28.409994794353942,0.0,False
United_States_of_America.regions.New York:Niagara,11.694444444444445,0.0,24.251339612650174,0.0,False
United_States_of_America.regions.New York:Putnam,12.916666666666666,0.0,15.848050796046696,0.0,False
United_States_of_America.regions.North Carolina:Alamance,3.611111111111111,0.0,27.531406922574302,0.0,False
United_States_of_America.regions.North Carolina:Buncombe,10.0,0.0,26.16099985591211,0.0,False
United_States_of_America.regions.North Carolina:Catawba,3.8333333333333335,0.0,27.20086947700689,0.0,False
United_States_of_America.regions.Ohio:Greene,1.25,0.0,28.918659393719434,0.0,False
United_States_of_America.regions.Ohio:Medina,4.75,0.0,27.072322649318014,0.0,False
United_States_of_America.regions.Pennsylvania:Lebanon,1.3888888888888888,0.0,28.499643279179523,0.0,False
United_States_of_America.regions.South Carolina:Spartanburg,0.5833333333333334,0.0,30.28310310240901,0.0,False
United_States_of_America.regions.South Carolina:York,3.4444444444444446,0.0,28.806434717939478,0.0,False
United_States_of_America.regions.Tennessee:Hamblen,0.3888888888888889,0.0,27.55854117102529,0.0,False
United_States_of_America.regions.Tennessee:Montgomery,3.111111111111111,0.0,28.34959230503163,0.0,False
United_States_of_America.regions.Tennessee:Washington,3.7777777777777777,0.0,26.451959205582394,0.0,False
United_States_of_America.regions.Tennessee:Williamson,2.1944444444444446,0.0,29.011254634563645,0.0,False
United_States_of_America.regions.Texas:Brazos,8.0,0.0,26.414803857953356,0.0,False
United_States_of_America.regions.Washington:Island,7.805555555555555,0.0,19.56835417902303,0.0,False
United_States_of_America.regions.Washington:Thurston,2.611111111111111,0.0,29.152121391981513,0.0,False
United_States_of_America.regions.West Virginia:Ohio,6.555555555555555,0.0,10.941883357635106,0.0,False
United_States_of_America.regions.Wisconsin:Winnebago,2.4166666666666665,0.0,28.268973692447105,0.0,False
Bahrain,33.47222222222222,0.0,28.362177137381973,0.0,False
Brazil.regions.AL:Maceió,0.5833333333333334,0.0,30.497672769471947,0.0,False
Brazil.regions.SP:São Bernardo do Campo,1.9722222222222223,0.0,30.17199594603437,0.0,False
Benin,0.9166666666666666,0.0,30.574045772626985,0.0,False
United_States_of_America.regions.Ohio,24.0,0.0,30.376948336098692,0.0,False
United_States_of_America.regions.Pennsylvania,18.02777777777778,0.0,30.442625202932604,0.0,False
Belarus,2.0,0.0,30.55803579267413,0.0,False
Brazil.regions.PR,10.75,0.0,30.487947368269197,0.0,False
Brazil.regions.AL:Branquinha,0.5833333333333334,0.0,21.06655839223518,0.0,False
Brazil.regions.AL:Capela,0.5833333333333334,0.0,24.731742366533137,0.0,False
Brazil.regions.AL:Coruripe,1.25,0.0,25.61920327119543,0.0,False
Brazil.regions.AL:Murici,3.888888888888889,0.0,14.501365189971162,0.0,False
Brazil.regions.AL:Olivença,0.5833333333333334,0.0,21.992922633276926,0.0,False
Brazil.regions.AL:São José da Tapera,4.285714285714286,0.0,10.18139509743057,0.0,False
Brazil.regions.AP:Macapá,0.2222222222222222,0.0,30.237089043962026,0.0,False
Brazil.regions.BA:Capim Grosso,0.5833333333333334,0.0,27.334447344486687,0.0,False
Brazil.regions.BA:Conceição do Coité,0.4166666666666667,0.0,27.593351185653393,0.0,False
Brazil.regions.BA:Guanambi,0.0,0.0,18.139973387950423,0.0,False
Brazil.regions.BA:Itororó,1.1666666666666667,0.0,17.10351607959472,0.0,False
Brazil.regions.BA:Ituberá,0.5833333333333334,0.0,27.099554201641926,0.0,False
Brazil.regions.BA:Porto Seguro,3.9166666666666665,0.0,26.89674268004791,0.0,False
Brazil.regions.BA:Presidente Dutra,0.5833333333333334,0.0,23.991665799938787,0.0,False
Brazil.regions.BA:Presidente Tancredo Neves,0.5833333333333334,0.0,26.988179451487458,0.0,False
Brazil.regions.BA:Saubara,0.5833333333333334,0.0,22.292234362027745,0.0,False
Brazil.regions.BA:Teofilândia,0.5238095238095238,0.0,16.808821174024665,0.0,False
Brazil.regions.BA:Valente,0.5833333333333334,0.0,27.083714022827973,0.0,False
Brazil.regions.CE:Abaiara,0.5833333333333334,0.0,22.07574845201674,0.0,False
Brazil.regions.CE:Chorozinho,1.1388888888888888,0.0,17.162028057340372,0.0,False
Brazil.regions.CE:Groaíras,1.2222222222222223,0.0,11.160452313430214,0.0,False
Brazil.regions.CE:Guaraciaba do Norte,0.5833333333333334,0.0,28.135304371282146,0.0,False
Brazil.regions.CE:Ipu,0.5555555555555556,0.0,25.498851787844842,0.0,False
Brazil.regions.CE:Massapê,0.3611111111111111,0.0,27.440632828583457,0.0,False
Brazil.regions.CE:Porteiras,0.0,0.0,20.037442083320986,0.0,False
Brazil.regions.ES:Anchieta,5.0,0.0,10.39734986000414,0.0,False
Brazil.regions.ES:Aracruz,2.4166666666666665,0.0,26.644025020355528,0.0,False
Brazil.regions.ES:Guaçuí,3.75,0.0,13.374663841392767,0.0,False
Brazil.regions.ES:Iconha,0.8333333333333334,0.0,13.159545768241422,0.0,False
Brazil.regions.ES:Irupi,0.5833333333333334,0.0,23.12029552490954,0.0,False
Brazil.regions.ES:Itapemirim,0.5833333333333334,0.0,27.684435540598297,0.0,False
Brazil.regions.MA:Alto Alegre do Maranhão,1.8611111111111112,0.0,17.86360441271333,0.0,False
Brazil.regions.MA:Dom Pedro,0.5833333333333334,0.0,26.313157958256184,0.0,False
Brazil.regions.MA:Presidente Dutra,4.305555555555555,0.0,18.276992836152886,0.0,False
Brazil.regions.MA:Rosário,3.888888888888889,0.0,17.792298412224763,0.0,False
Brazil.regions.MG:Além Paraíba,1.7777777777777777,0.0,21.09094608412225,0.0,False
Brazil.regions.MG:Arceburgo,0.5833333333333334,0.0,21.312486060060287,0.0,False
Brazil.regions.MG:Borda da Mata,0.3333333333333333,0.0,20.72219551098595,0.0,False
Brazil.regions.MG:Brumadinho,4.916666666666667,0.0,14.387549483590224,0.0,False
Brazil.regions.MG:Guaranésia,0.5833333333333334,0.0,25.33846606187703,0.0,False
Brazil.regions.MG:Machado,0.3611111111111111,0.0,27.694946372756494,0.0,False
Brazil.regions.MG:Maria da Fé,0.0,0.0,12.22895705984066,0.0,False
Brazil.regions.MG:Orizânia,0.0,0.0,6.851733358397712,0.0,False
Brazil.regions.MG:Piranguinho,0.2857142857142857,0.0,13.211402674651506,0.0,False
Brazil.regions.MG:Santa Margarida,0.5833333333333334,0.0,24.42602050954341,0.0,False
Brazil.regions.MG:São João Nepomuceno,0.5833333333333334,0.0,26.802330407953338,0.0,False
Brazil.regions.MG:Uberaba,1.3611111111111112,0.0,29.713669882516893,0.0,False
Brazil.regions.MS:Ladário,0.5833333333333334,0.0,26.309670304504568,0.0,False
Brazil.regions.PA:Mãe do Rio,0.8055555555555556,0.0,23.76150274949155,0.0,False
Brazil.regions.PB:Ingá,0.3611111111111111,0.0,23.84432327343543,0.0,False
Brazil.regions.PB:Massaranduba,0.9722222222222222,0.0,12.234298938410596,0.0,False
Brazil.regions.PB:Nova Olinda,0.4642857142857143,0.0,11.48582829829952,0.0,False
Brazil.regions.PB:Pedras de Fogo,2.7777777777777777,0.0,15.27108514522461,0.0,False
Brazil.regions.PB:Princesa Isabel,0.3611111111111111,0.0,22.266644455550004,0.0,False
Brazil.regions.PE:Alagoinha,0.5833333333333334,0.0,23.763345317107927,0.0,False
Brazil.regions.PE:Brejo da Madre de Deus,0.5833333333333334,0.0,28.625059194024445,0.0,False
Brazil.regions.PE:Frei Miguelinho,0.5833333333333334,0.0,24.126252487681526,0.0,False
Brazil.regions.PE:Lagoa do Ouro,0.5833333333333334,0.0,22.98835789830878,0.0,False
Brazil.regions.PE:Pesqueira,0.5833333333333334,0.0,29.112023605873944,0.0,False
Brazil.regions.PE:Petrolina,0.3333333333333333,0.0,30.04685312584049,0.0,False
Brazil.regions.PE:Riacho das Almas,0.6666666666666666,0.0,11.211792461924722,0.0,False
Brazil.regions.PI:Demerval Lobão,0.5833333333333334,0.0,23.358352105862263,0.0,False
Brazil.regions.PI:Ilha Grande,0.5833333333333334,0.0,19.98685924736903,0.0,False
Brazil.regions.PR:Bandeirantes,0.75,0.0,23.15699746397475,0.0,False
Brazil.regions.PR:Cambará,0.0,0.0,15.3804538319694,0.0,False
Brazil.regions.PR:Jacarezinho,0.5833333333333334,0.0,28.056324149706683,0.0,False
Brazil.regions.PR:Mandirituba,0.16666666666666666,0.0,25.323318259901068,0.0,False
Brazil.regions.PR:Marechal Cândido Rondon,0.1388888888888889,0.0,27.34290027344543,0.0,False
Brazil.regions.PR:Nova Esperança,3.4166666666666665,0.0,12.67723522285748,0.0,False
Brazil.regions.PR:Paraíso do Norte,0.5833333333333334,0.0,23.365155214631773,0.0,False
Brazil.regions.PR:Santo Antônio da Platina,0.3214285714285714,0.0,24.412797716674774,0.0,False
Brazil.regions.RJ:Bom Jardim,0.3333333333333333,0.0,23.612403357293726,0.0,False
Brazil.regions.RJ:Conceição de Macabu,0.4166666666666667,0.0,21.985515288200954,0.0,False
Brazil.regions.RJ:Macuco,0.5833333333333334,0.0,12.735481002329898,0.0,False
Brazil.regions.RJ:Porciúncula,0.5833333333333334,0.0,25.28992897890266,0.0,False
Brazil.regions.RJ:Santo Antônio de Pádua,0.5833333333333334,0.0,28.2417088235206,0.0,False
Brazil.regions.RN:Portalegre,0.5,0.0,12.416979793085815,0.0,False
Brazil.regions.RN:Poço Branco,0.5833333333333334,0.0,24.10778361909395,0.0,False
Brazil.regions.RN:Santa Cruz,0.2222222222222222,0.0,26.04483383374827,0.0,False
Brazil.regions.RN:São Paulo do Potengi,0.3611111111111111,0.0,23.643072876718755,0.0,False
Brazil.regions.RR:Boa Vista,6.638888888888889,0.0,28.536205370539967,0.0,False
Brazil.regions.RS:Marau,0.3888888888888889,0.0,26.884645230756252,0.0,False
Brazil.regions.RS:Nova Araçá,5.666666666666667,0.0,121.7471159822951,0.0,False
Brazil.regions.RS:Osório,0.5833333333333334,0.0,28.421616570165252,0.0,False
Brazil.regions.RS:Paraí,0.5833333333333334,0.0,17.53586805627848,0.0,False
Brazil.regions.RS:Pareci Novo,0.5833333333333334,0.0,10.149082352230192,0.0,False
Brazil.regions.RS:Rolante,0.5833333333333334,0.0,25.911753061176615,0.0,False
Brazil.regions.RS:Sarandi,0.5833333333333334,0.0,26.512347158529035,0.0,False
Brazil.regions.RS:São Vendelino,0.0,0.0,25.259476072633916,0.0,False
Brazil.regions.SC:Fraiburgo,0.5555555555555556,0.0,24.726678147326716,0.0,False
Brazil.regions.SC:Gravatal,1.0555555555555556,0.0,9.529008726306,0.0,False
Brazil.regions.SC:Santo Amaro da Imperatriz,0.5833333333333334,0.0,26.293812774308815,0.0,False
Brazil.regions.SC:São Carlos,5.083333333333333,0.0,28.500602597872735,0.0,False
Brazil.regions.SC:São Lourenço do Oeste,0.5833333333333334,0.0,26.442299331772524,0.0,False
Brazil.regions.SC:Trombudo Central,0.5833333333333334,0.0,17.008856682769725,0.0,False
Brazil.regions.SE:Amparo de São Francisco,0.25,0.0,46.62968525098117,0.0,False
Brazil.regions.SE:Cedro de São João,3.6944444444444446,0.0,58.90355558941648,0.0,False
Brazil.regions.SE:Ribeirópolis,0.5833333333333334,0.0,25.23445785387621,0.0,False
Brazil.regions.SE:Simão Dias,0.5833333333333334,0.0,28.125701555462324,0.0,False
Brazil.regions.SP:Cajati,2.638888888888889,0.0,15.806425757585247,0.0,False
Brazil.regions.SP:Chavantes,0.5833333333333334,0.0,22.542986662392575,0.0,False
Brazil.regions.SP:Guapiaçu,1.5555555555555556,0.0,15.965026922748397,0.0,False
Brazil.regions.SP:Igarapava,0.16666666666666666,0.0,25.940625682602093,0.0,False
Brazil.regions.SP:Monte Azul Paulista,0.5833333333333334,0.0,25.334870443566093,0.0,False
Brazil.regions.SP:Nova Europa,1.2777777777777777,0.0,5.018206275212317,0.0,False
Brazil.regions.SP:Nova Guataporanga,0.5833333333333334,0.0,12.582079714316698,0.0,False
Brazil.regions.SP:Olímpia,1.0555555555555556,0.0,25.777860803849965,0.0,False
Brazil.regions.SP:Piracaia,0.5833333333333334,0.0,26.933212025151278,0.0,False
Brazil.regions.SP:Pracinha,0.5833333333333334,0.0,10.420760789895795,0.0,False
Brazil.regions.SP:Tupi Paulista,2.5,0.0,12.900114784313054,0.0,False
Brazil.regions.SP:Álvares Machado,0.5833333333333334,0.0,26.582166806756497,0.0,False
Brazil.regions.TO:Axixá do Tocantins,0.5833333333333334,0.0,20.345710703483846,0.0,False
French_Polynesia,18.555555555555557,0.0,23.343234187410378,0.0,False
Sweden.regions.Halland,30.0,0.0,21.00633400178676,0.0,False
United_States_of_America.regions.Alabama:Houston,3.7777777777777777,0.0,25.53252472194231,0.0,False
United_States_of_America.regions.Alabama:Limestone,0.5833333333333334,0.0,29.584844190709127,0.0,False
United_States_of_America.regions.Alabama:Marshall,3.75,0.0,25.08469107115348,0.0,False
United_States_of_America.regions.Alaska:Anchorage,0.8333333333333334,0.0,29.75669283413849,0.0,False
United_States_of_America.regions.Arkansas:Saline,0.5833333333333334,0.0,29.77906663280259,0.0,False
United_States_of_America.regions.California:Napa,0.5833333333333334,0.0,29.86982876961514,0.0,False
United_States_of_America.regions.California:Santa Barbara,8.805555555555555,0.0,28.26906916053812,0.0,False
United_States_of_America.regions.Florida:Collier,3.2222222222222223,0.0,29.347299152735793,0.0,False
United_States_of_America.regions.Georgia:Baldwin,0.4166666666666667,0.0,26.140477940530243,0.0,False
United_States_of_America.regions.Georgia:Gordon,1.0,0.0,26.138947042761995,0.0,False
United_States_of_America.regions.Georgia:Habersham,0.1388888888888889,0.0,26.79634660059467,0.0,False
United_States_of_America.regions.Georgia:Peach,2.0555555555555554,0.0,17.38558707770682,0.0,False
United_States_of_America.regions.Georgia:Troup,1.5555555555555556,0.0,26.106684047893072,0.0,False
United_States_of_America.regions.Illinois:DeKalb,1.0,0.0,28.13307992011242,0.0,False
United_States_of_America.regions.Illinois:Kankakee,1.6944444444444444,0.0,27.612272236951576,0.0,False
United_States_of_America.regions.Illinois:Macon,1.0555555555555556,0.0,28.058639605215635,0.0,False
United_States_of_America.regions.Indiana:LaPorte,0.3611111111111111,0.0,29.48356962720995,0.0,False
United_States_of_America.regions.Indiana:Warrick,4.583333333333333,0.0,20.807142664703363,0.0,False
United_States_of_America.regions.Indiana:Wayne,0.5833333333333334,0.0,29.077994007131654,0.0,False
United_States_of_America.regions.Iowa:Story,0.25,0.0,28.70805582595172,0.0,False
United_States_of_America.regions.Kansas:Leavenworth,4.555555555555555,0.0,23.087203785383036,0.0,False
United_States_of_America.regions.Kentucky:Boyle,0.0,0.0,25.328569913313473,0.0,False
United_States_of_America.regions.Kentucky:Hardin,2.138888888888889,0.0,27.241190534469542,0.0,False
United_States_of_America.regions.Louisiana:Tangipahoa,3.5,0.0,26.82361909853123,0.0,False
United_States_of_America.regions.Maryland:Allegany,4.416666666666667,0.0,22.07502247512917,0.0,False
United_States_of_America.regions.Massachusetts:Dukes,0.5833333333333334,0.0,24.826138614155752,0.0,False
United_States_of_America.regions.New Hampshire:Merrimack,2.2777777777777777,0.0,28.045390054446365,0.0,False
United_States_of_America.regions.New Jersey:Salem,0.7222222222222222,0.0,26.900124247939882,0.0,False
United_States_of_America.regions.New Mexico:Los Alamos,1.5555555555555556,0.0,14.39007780831448,0.0,False
United_States_of_America.regions.New York:Ontario,2.2777777777777777,0.0,27.078581807120415,0.0,False
United_States_of_America.regions.North Carolina:Brunswick,0.8333333333333334,0.0,28.903706590122447,0.0,False
United_States_of_America.regions.North Carolina:Burke,2.4444444444444446,0.0,26.144492236638186,0.0,False
United_States_of_America.regions.North Carolina:Caldwell,1.3611111111111112,0.0,27.012805046066887,0.0,False
United_States_of_America.regions.North Carolina:Davie,1.2777777777777777,0.0,23.918151086432236,0.0,False
United_States_of_America.regions.North Carolina:Nash,0.4722222222222222,0.0,28.415962565518047,0.0,False
United_States_of_America.regions.North Carolina:Pasquotank,0.5833333333333334,0.0,28.08476459060769,0.0,False
United_States_of_America.regions.North Carolina:Randolph,10.083333333333334,0.0,22.47518239390749,0.0,False
United_States_of_America.regions.North Carolina:Vance,0.9722222222222222,0.0,24.857505007460347,0.0,False
United_States_of_America.regions.North Carolina:Watauga,0.1388888888888889,0.0,27.530106203027426,0.0,False
United_States_of_America.regions.Oklahoma:Canadian,0.3888888888888889,0.0,29.265980141637346,0.0,False
United_States_of_America.regions.Pennsylvania:Fayette,5.888888888888889,0.0,24.815670080429598,0.0,False
United_States_of_America.regions.Pennsylvania:Mercer,2.6944444444444446,0.0,26.68645348655139,0.0,False
United_States_of_America.regions.Pennsylvania:Schuylkill,10.88888888888889,0.0,21.772729975126772,0.0,False
United_States_of_America.regions.South Carolina:Lancaster,0.3888888888888889,0.0,28.583587944109908,0.0,False
United_States_of_America.regions.Tennessee:Carter,0.5833333333333334,0.0,27.34470339384167,0.0,False
United_States_of_America.regions.Tennessee:Madison,2.0555555555555554,0.0,26.882054949192796,0.0,False
United_States_of_America.regions.Tennessee:Sevier,0.4166666666666667,0.0,28.560189794839648,0.0,False
United_States_of_America.regions.Texas:Ector,13.805555555555555,0.0,21.337835133550634,0.0,False
United_States_of_America.regions.Texas:Kaufman,1.2222222222222223,0.0,28.53523800616319,0.0,False
United_States_of_America.regions.Virginia:Gloucester,0.8055555555555556,0.0,24.199516511543,0.0,False
United_States_of_America.regions.Virginia:Warren,1.0,0.0,24.16385091655613,0.0,False
United_States_of_America.regions.West Virginia:Putnam,0.5555555555555556,0.0,26.806816058558656,0.0,False
United_States_of_America.regions.Wisconsin:Eau Claire,2.638888888888889,0.0,26.561046254771433,0.0,False
Vietnam,1.0833333333333333,0.0,30.59302206400053,0.0,False
Brazil.regions.AM:Atalaia do Norte,0.5833333333333334,0.0,25.57598488263746,0.0,False
Brazil.regions.AM:Jutaí,0.5833333333333334,0.0,23.611109705172403,0.0,False
Brazil.regions.AM:Lábrea,0.4166666666666667,0.0,26.254499088726007,0.0,False
Brazil.regions.PA:São Félix do Xingu,2.4444444444444446,0.0,27.460892260729015,0.0,False
United_States_of_America.regions.Alaska:Valdez-Cordova Census Area,0.5833333333333334,0.0,19.728610422504943,0.0,False
United_States_of_America.regions.Maine,27.75,0.0,28.413617737325605,0.0,False
Brazil.regions.CE,87.66666666666667,0.0,29.618489094925035,0.0,False
United_States_of_America.regions.Georgia,6.472222222222222,0.0,30.51994210513234,0.0,False
United_States_of_America.regions.Michigan,40.72222222222222,0.0,30.172200895295305,0.0,False
Sweden.regions.Stockholm,48.02777777777778,0.0,28.479410185252576,0.0,False
United_States_of_America.regions.Maryland:Baltimore city,10.583333333333334,0.0,28.545792704303853,0.0,False
United_States_of_America.regions.Virginia:Falls Church city,5.305555555555555,0.0,39.26431297082702,0.0,False
Congo,1.5,0.0,30.537019918587703,0.0,False
Norway,26.5,0.0,30.067368384058415,0.0,False
Brazil.regions.SC:Itajaí,12.5,0.0,24.18076813976625,0.0,False
Brazil.regions.SP:Cotia,1.2777777777777777,0.0,29.44774085142868,0.0,False
Brazil.regions.SP:Santana de Parnaíba,0.5833333333333334,0.0,29.878694872812943,0.0,False
United_States_of_America.regions.Georgia:Fulton,2.0,0.0,30.259013813818115,0.0,False
United_States_of_America.regions.Kentucky:Jefferson,1.4166666666666667,0.0,30.20455495711105,0.0,False
United_States_of_America.regions.Massachusetts:Middlesex,27.805555555555557,0.0,28.772340652320832,0.0,False
United_States_of_America.regions.Missouri:St. Louis,0.16666666666666666,0.0,30.45332079432518,0.0,False
United_States_of_America.regions.Ohio:Hamilton,32.69444444444444,0.0,26.402674375730687,0.0,False
United_States_of_America.regions.Rhode Island:Bristol,11.805555555555555,0.0,5.283903272603593,0.0,False
United_States_of_America.regions.Oklahoma,0.3611111111111111,0.0,30.546673485151693,0.0,False
Uruguay,85.02777777777777,0.0,28.084836014328737,0.0,False
Brazil.regions.SC:Florianópolis,2.1944444444444446,0.0,29.84172510439612,0.0,False
Brazil.regions.SC:Navegantes,0.8611111111111112,0.0,27.59557454916127,0.0,False
Brazil.regions.SP:Santa Bárbara d'Oeste,0.3611111111111111,0.0,29.96409219547812,0.0,False
United_States_of_America.regions.Maryland:Prince George's,5.694444444444445,0.0,29.795465499252355,0.0,False
United_States_of_America.regions.New York:Rockland,4.388888888888889,0.0,28.762656706830235,0.0,False
United_States_of_America.regions.Virginia:Radford city,0.5833333333333334,0.0,25.116060889313506,0.0,False
Brazil.regions.AM:Apuí,15.38888888888889,0.0,46.64544753468115,0.0,False
Brazil.regions.AM:Coari,0.4166666666666667,0.0,28.24555408844131,0.0,False
Brazil.regions.AM:Japurá,8.472222222222221,0.0,334.3971289209196,0.0,False
Brazil.regions.AM:Santa Isabel do Rio Negro,0.5833333333333334,0.0,26.620618419964416,0.0,False
Brazil.regions.MS:Corumbá,0.5833333333333334,0.0,29.698429079234035,0.0,False
Brazil.regions.PA:Itaituba,0.5833333333333334,0.0,29.608129618822367,0.0,False
Brazil.regions.PA:Jacareacanga,0.0,0.5833333333333334,11.378270622480294,7.080147267063155,False
Sweden.regions.Västerbotten,12.527777777777779,0.0,25.37245500470019,0.0,False
United_States_of_America.regions.Alaska:Matanuska-Susitna Borough,0.6388888888888888,0.0,28.544221836374383,0.0,False
United_States_of_America.regions.Alaska:Nome Census Area,0.5833333333333334,0.0,20.599811605148602,0.0,False
United_States_of_America.regions.Alaska:Southeast Fairbanks Census Area,0.5833333333333334,0.0,16.088341856764767,0.0,False
Austria,12.333333333333334,0.0,30.438510068253564,0.0,False
Sierra_Leone,2.9444444444444446,0.0,30.536627758336433,0.0,False
Brazil.regions.BA:Cruz das Almas,1.0277777777777777,0.0,26.46685621418467,0.0,False
Brazil.regions.BA:Dias d'Ávila,0.3611111111111111,0.0,29.088553006180817,0.0,False
Brazil.regions.MG:Mário Campos,0.5833333333333334,0.0,24.109046209179333,0.0,False
Brazil.regions.MG:Sabará,1.9444444444444444,0.0,28.00840358048596,0.0,False
Brazil.regions.MG:Sete Lagoas,0.16666666666666666,0.0,30.00464621304809,0.0,False
Brazil.regions.MG:São Joaquim de Bicas,2.2142857142857144,0.0,16.6462171228836,0.0,False
Brazil.regions.PE:São Lourenço da Mata,1.0833333333333333,0.0,28.24072474149846,0.0,False
Brazil.regions.RS:Bento Gonçalves,0.4166666666666667,0.0,28.935428327294314,0.0,False
Brazil.regions.SP:Embu-Guaçu,1.7777777777777777,0.0,25.751666615028267,0.0,False
Brazil.regions.SP:Pedreira,0.5555555555555556,0.0,26.132262444082116,0.0,False
United_States_of_America.regions.Kentucky:Fayette,1.5833333333333333,0.0,29.615882191652165,0.0,False
United_States_of_America.regions.New York:Monroe,6.0,0.0,29.573483731311867,0.0,False
United_States_of_America.regions.North Carolina:Durham,29.805555555555557,0.0,20.83218629187483,0.0,False
United_States_of_America.regions.Ohio:Montgomery,7.611111111111111,0.0,28.86651674917998,0.0,False
United_States_of_America.regions.Oklahoma:Oklahoma,9.694444444444445,0.0,29.181554748288306,0.0,False
United_States_of_America.regions.Oklahoma:Tulsa,0.1388888888888889,0.0,30.331487069031986,0.0,False
Brazil.regions.MG:Coronel Fabriciano,0.5555555555555556,0.0,29.40737794388754,0.0,False
Brazil.regions.MG:São José da Lapa,0.4166666666666667,0.0,22.180429883798595,0.0,False
Brazil.regions.PR:Piraquara,0.4166666666666667,0.0,28.82646538611472,0.0,False
Brazil.regions.RS:Dois Irmãos,0.5833333333333334,0.0,27.53499474165189,0.0,False
Brazil.regions.SP:Jacareí,1.0555555555555556,0.0,29.60910781143871,0.0,False
Brazil.regions.SP:Taubaté,0.5833333333333334,0.0,30.278276274963943,0.0,False
United_States_of_America.regions.Delaware:New Castle,9.11111111111111,0.0,28.681828949490196,0.0,False
United_States_of_America.regions.Maryland:Howard,13.88888888888889,0.0,25.845215328546374,0.0,False
United_States_of_America.regions.North Carolina:Wake,1.8333333333333333,0.0,30.31847541937938,0.0,False
United_States_of_America.regions.Ohio:Summit,6.027777777777778,0.0,29.188987285148116,0.0,False
United_States_of_America.regions.Texas:Travis,7.777777777777778,0.0,29.86100558106946,0.0,False
United_States_of_America.regions.Virginia:Bristol city,0.5833333333333334,0.0,24.629938010617916,0.0,False
Brazil.regions.BA:Feira de Santana,1.1944444444444444,0.0,30.14404799520062,0.0,False
Brazil.regions.GO:Senador Canedo,0.5833333333333334,0.0,29.729044259106633,0.0,False
Brazil.regions.RJ:Armação dos Búzios,1.1666666666666667,0.0,22.476533606044136,0.0,False
Brazil.regions.RJ:Itaguaí,1.7777777777777777,0.0,28.0690229631816,0.0,False
Brazil.regions.SC:Brusque,1.9166666666666667,0.0,27.997890058498157,0.0,False
Brazil.regions.SC:Capivari de Baixo,0.16666666666666666,0.0,24.899754876871583,0.0,False
Brazil.regions.SP:Cosmópolis,0.3611111111111111,0.0,28.90420297611072,0.0,False
United_States_of_America.regions.Connecticut:Hartford,17.666666666666668,0.0,28.43706382129439,0.0,False
United_States_of_America.regions.Kansas:Johnson,1.3888888888888888,0.0,30.102417240321845,0.0,False
United_States_of_America.regions.North Carolina:New Hanover,3.138888888888889,0.0,28.581840498814714,0.0,False
United_States_of_America.regions.Tennessee:Shelby,0.1388888888888889,0.0,30.412044029973913,0.0,False
United_States_of_America.regions.Texas:Collin,4.5,0.0,30.00789816064878,0.0,False
United_States_of_America.regions.Utah:Davis,0.5833333333333334,0.0,30.31450421753065,0.0,False
United_States_of_America.regions.Virginia:Staunton city,0.5833333333333334,0.0,26.584903530194723,0.0,False
Brazil.regions.MA:São José de Ribamar,14.222222222222221,0.0,21.700646109811128,0.0,False
Brazil.regions.RS:Estância Velha,0.1388888888888889,0.0,27.15288364906881,0.0,False
Brazil.regions.SP:Jundiaí,1.75,0.0,29.800196100014098,0.0,False
Brazil.regions.SP:Vinhedo,0.5833333333333334,0.0,29.325617086228192,0.0,False
Brazil.regions.SP:Águas de São Pedro,0.5833333333333334,0.0,9.663235609086213,0.0,False
Brazil.regions.BA:Itabuna,0.3611111111111111,0.0,30.02260007917894,0.0,False
Brazil.regions.MG:Sarzedo,0.5833333333333334,0.0,27.542564547938266,0.0,False
Brazil.regions.RJ:Cabo Frio,4.027777777777778,0.0,28.118774859464775,0.0,False
Brazil.regions.RS:Capão da Canoa,0.3888888888888889,0.0,26.878076353253935,0.0,False
Brazil.regions.SC:Joinville,0.3888888888888889,0.0,30.318254650944578,0.0,False
Brazil.regions.SP:Limeira,0.4166666666666667,0.0,29.942461838677826,0.0,False
United_States_of_America.regions.Connecticut:New Haven,15.222222222222221,0.0,28.6296923589872,0.0,False
United_States_of_America.regions.Maryland:Anne Arundel,3.1666666666666665,0.0,29.775764657634884,0.0,False
United_States_of_America.regions.Maryland:Baltimore,2.4166666666666665,0.0,30.11235356734532,0.0,False
United_States_of_America.regions.Tennessee:Davidson,7.805555555555555,0.0,29.24322802205552,0.0,False
United_States_of_America.regions.Virginia:Henrico,6.638888888888889,0.0,28.11039154600714,0.0,False
United_States_of_America.regions.Virginia:Petersburg city,6.305555555555555,0.0,7.150328340559487,0.0,False
United_States_of_America.regions.Virginia:Prince William,3.5833333333333335,0.0,29.497305403331683,0.0,False
Brazil.regions.AM:Maués,0.3888888888888889,0.0,28.03124253102652,0.0,False
Brazil.regions.AM:Novo Airão,0.5833333333333334,0.0,25.455482167190056,0.0,False
Brazil.regions.AM:Novo Aripuanã,4.694444444444445,0.0,8.3687683533058,0.0,False
Brazil.regions.AM:Pauini,0.5833333333333334,0.0,25.44807306243123,0.0,False
Brazil.regions.PA:Novo Progresso,0.5833333333333334,0.0,26.714127000021627,0.0,False
Brazil.regions.RR:Caracaraí,1.8888888888888888,0.0,14.759718056181656,0.0,False
Sweden.regions.Jämtland Härjedalen,14.11111111111111,0.0,18.54911037641211,0.0,False
United_States_of_America.regions.Alaska:Kenai Peninsula Borough,1.7222222222222223,0.0,24.96531045265978,0.0,False
United_States_of_America.regions.Nevada:Elko,0.3888888888888889,0.0,26.85898683325147,0.0,False
United_States_of_America.regions.Nevada:Nye,0.5833333333333334,0.0,28.446338751012735,0.0,False
Brazil.regions.MG:Contagem,1.9444444444444444,0.0,30.064405325110826,0.0,False
Gibraltar,19.166666666666668,0.0,30.944017153163607,0.0,False
Brazil.regions.AL:Barra de São Miguel,3.2777777777777777,0.0,27.816961502425904,0.0,False
Brazil.regions.AL:Olho d'Água das Flores,0.5833333333333334,0.0,25.98496849775858,0.0,False
Brazil.regions.AL:Santana do Ipanema,2.861111111111111,0.0,21.269325513140988,0.0,False
Brazil.regions.AL:São Sebastião,1.0,0.0,23.031590513792843,0.0,False
Brazil.regions.BA:Irará,0.5833333333333334,0.0,27.15157541433182,0.0,False
Brazil.regions.CE:Barbalha,1.6944444444444444,0.0,25.20304609344162,0.0,False
Brazil.regions.CE:Crato,1.4166666666666667,0.0,28.325201728838458,0.0,False
Brazil.regions.CE:Pacoti,0.1388888888888889,0.0,16.549469331886538,0.0,False
Brazil.regions.CE:Paraipaba,9.88888888888889,0.0,6.692346450133693,0.0,False
Brazil.regions.CE:São Luís do Curu,0.3611111111111111,0.0,21.194103802799457,0.0,False
Brazil.regions.ES:Bom Jesus do Norte,2.3055555555555554,0.0,13.687600644122378,0.0,False
Brazil.regions.ES:Ibatiba,1.5333333333333332,0.0,9.610714924724588,0.0,False
Brazil.regions.MA:Santa Inês,0.5833333333333334,0.0,29.47277290982309,0.0,False
Brazil.regions.MG:Itanhandu,0.3611111111111111,0.0,22.62358554667687,0.0,False
Brazil.regions.MG:Itaú de Minas,0.4166666666666667,0.0,18.179622491819508,0.0,False
Brazil.regions.MG:Rodeiro,3.0357142857142856,0.0,27.19851955001306,0.0,False
Brazil.regions.PA:Capanema,0.8055555555555556,0.0,28.181299077186697,0.0,False
Brazil.regions.PB:Caldas Brandão,2.0,0.0,32.35713555113217,0.0,False
Brazil.regions.PB:Itabaiana,0.25,0.0,23.10578855551865,0.0,False
Brazil.regions.PB:Juarez Távora,1.1666666666666667,0.0,9.658792075736322,0.0,False
Brazil.regions.PB:Logradouro,2.0,0.0,49.92840606474233,0.0,False
Brazil.regions.PB:Pilõezinhos,1.3888888888888888,0.0,29.135340779056705,0.0,False
Brazil.regions.PB:Queimadas,0.5833333333333334,0.0,28.32138010695842,0.0,False
Brazil.regions.PB:Remígio,4.25,0.0,7.332208912296498,0.0,False
Brazil.regions.PB:Serra da Raiz,0.2222222222222222,0.0,26.759827060915402,0.0,False
Brazil.regions.PB:Solânea,8.357142857142858,0.0,9.799616310406432,0.0,False
Brazil.regions.PE:Cachoeirinha,2.8055555555555554,0.0,9.330240197387587,0.0,False
Brazil.regions.PE:Quipapá,0.5833333333333334,0.0,26.755124953174217,0.0,False
Brazil.regions.PE:Tamandaré,0.8055555555555556,0.0,20.381648295628708,0.0,False
Brazil.regions.PE:Vertentes,0.5833333333333334,0.0,25.772119219655263,0.0,False
Brazil.regions.PR:Campo Largo,0.5833333333333334,0.0,29.838248925179755,0.0,False
Brazil.regions.PR:Campo Magro,0.5833333333333334,0.0,27.184939338624417,0.0,False
Brazil.regions.RJ:Areal,0.5833333333333334,0.0,22.64162930377707,0.0,False
Brazil.regions.RN:Monte Alegre,0.5833333333333334,0.0,26.141668622975743,0.0,False
Brazil.regions.RS:Flores da Cunha,0.5833333333333334,0.0,27.343251812412582,0.0,False
Brazil.regions.RS:Nova Prata,1.0833333333333333,0.0,20.812393654790743,0.0,False
Brazil.regions.RS:Serafina Corrêa,1.1666666666666667,0.0,14.883323203366132,0.0,False
Brazil.regions.SC:Governador Celso Ramos,0.9166666666666666,0.0,13.31988203181865,0.0,False
Brazil.regions.SC:São Francisco do Sul,0.3611111111111111,0.0,28.277529745882838,0.0,False
Brazil.regions.SE:Estância,11.305555555555555,0.0,12.219338518290108,0.0,False
Brazil.regions.SE:Lagarto,0.0,0.0,29.07932660067263,0.0,False
Brazil.regions.SP:Bebedouro,0.8333333333333334,0.0,28.982826727787483,0.0,False
Brazil.regions.SP:Espírito Santo do Pinhal,0.5833333333333334,0.0,28.340004497087246,0.0,False
Brazil.regions.SP:Guararema,0.5277777777777778,0.0,25.934799415365667,0.0,False
Brazil.regions.SP:Pirassununga,5.027777777777778,0.0,21.943545656037983,0.0,False
Brazil.regions.SP:Tietê,0.16666666666666666,0.0,27.22888985945071,0.0,False
Brazil.regions.SP:Tupã,0.3611111111111111,0.0,28.730508549386727,0.0,False
United_States_of_America.regions.Alabama:Lee,8.63888888888889,0.0,24.383282530138654,0.0,False
United_States_of_America.regions.Alabama:Shelby,9.222222222222221,0.0,25.63235142852354,0.0,False
United_States_of_America.regions.Florida:Charlotte,0.5833333333333334,0.0,30.066460602740815,0.0,False
United_States_of_America.regions.Florida:Martin,3.8333333333333335,0.0,27.231423970554406,0.0,False
United_States_of_America.regions.Georgia:Walton,11.527777777777779,0.0,16.735262094901266,0.0,False
United_States_of_America.regions.Illinois:Peoria,1.25,0.0,29.014526707021243,0.0,False
United_States_of_America.regions.Indiana:Howard,0.0,0.0,28.67764430872802,0.0,False
United_States_of_America.regions.Indiana:Madison,0.9444444444444444,0.0,28.644900734876632,0.0,False
United_States_of_America.regions.Louisiana:Caddo,1.6944444444444444,0.0,29.231232357488086,0.0,False
United_States_of_America.regions.Maryland:Cecil,6.666666666666667,0.0,22.574812766999745,0.0,False
United_States_of_America.regions.Maryland:Wicomico,2.0,0.0,27.13729769588187,0.0,False
United_States_of_America.regions.Michigan:Berrien,11.555555555555555,0.0,22.030752423360827,0.0,False
United_States_of_America.regions.Michigan:Monroe,0.5833333333333334,0.0,29.156167578816717,0.0,False
United_States_of_America.regions.Minnesota:Carver,0.5833333333333334,0.0,29.644238824697464,0.0,False
United_States_of_America.regions.New Jersey:Hunterdon,11.027777777777779,0.0,20.455900273752405,0.0,False
United_States_of_America.regions.New Jersey:Sussex,21.694444444444443,0.0,14.026584674116386,0.0,False
United_States_of_America.regions.North Carolina:Lincoln,0.5833333333333334,0.0,29.43452138348715,0.0,False
United_States_of_America.regions.North Carolina:Pitt,4.555555555555555,0.0,27.19932047515492,0.0,False
United_States_of_America.regions.North Carolina:Rowan,3.9722222222222223,0.0,26.685873198628308,0.0,False
United_States_of_America.regions.Pennsylvania:Monroe,3.1666666666666665,0.0,27.80614262055739,0.0,False
United_States_of_America.regions.South Carolina:Dorchester,1.1388888888888888,0.0,28.92377896670737,0.0,False
United_States_of_America.regions.West Virginia:Jefferson,0.8333333333333334,0.0,26.366879129216333,0.0,False
United_States_of_America.regions.West Virginia:Monongalia,10.583333333333334,0.0,19.07565766662806,0.0,False
United_States_of_America.regions.Wisconsin:Outagamie,0.1388888888888889,0.0,29.679176845979857,0.0,False
Brazil.regions.PI:Teresina,5.638888888888889,0.0,29.760724579122552,0.0,False
United_States_of_America.regions.California:Contra Costa,4.833333333333333,0.0,30.039547748275822,0.0,False
United_States_of_America.regions.California:Sacramento,0.5833333333333334,0.0,30.45621361050743,0.0,False
United_States_of_America.regions.Florida:Broward,7.555555555555555,0.0,30.127818947666096,0.0,False
United_States_of_America.regions.Hawaii:Honolulu,0.3333333333333333,0.0,30.399143859718762,0.0,False
United_States_of_America.regions.Massachusetts:Essex,3.7222222222222223,0.0,29.92340167907959,0.0,False
United_States_of_America.regions.New York:Suffolk,25.416666666666668,0.0,28.76728945300117,0.0,False
United_States_of_America.regions.Texas:Bexar,0.3888888888888889,0.0,30.49737701450738,0.0,False
Brazil.regions.TO,3.5833333333333335,0.0,30.267325802106704,0.0,False
United_States_of_America.regions.Nevada,4.222222222222222,0.0,30.407330687533886,0.0,False
Nicaragua,0.3333333333333333,0.0,30.566168740617645,0.0,False
United_States_of_America.regions.Tennessee,6.194444444444445,0.0,30.481922743118098,0.0,False
Brazil.regions.BA:Camaçari,0.5833333333333334,0.0,30.261512628174657,0.0,False
Brazil.regions.BA:Santo Antônio de Jesus,0.5833333333333334,0.0,29.61070799527251,0.0,False
Brazil.regions.MA:Raposa,1.1111111111111112,0.0,21.83652565064375,0.0,False
Brazil.regions.MG:Igarapé,1.5555555555555556,0.0,23.30370288068754,0.0,False
Brazil.regions.MG:Juiz de Fora,1.3611111111111112,0.0,30.078220623309814,0.0,False
Brazil.regions.PE:Caruaru,0.5833333333333334,0.0,30.31889541032524,0.0,False
Brazil.regions.PE:Ilha de Itamaracá,2.5277777777777777,0.0,14.939209079628398,0.0,False
Brazil.regions.RJ:Porto Real,0.6111111111111112,0.0,19.44688039729225,0.0,False
Brazil.regions.RS:Ivoti,0.4166666666666667,0.0,22.36298893414291,0.0,False
Brazil.regions.SC:Camboriú,4.861111111111111,0.0,22.830393155533155,0.0,False
Brazil.regions.SP:Ourinhos,2.25,0.0,27.51325344688613,0.0,False
United_States_of_America.regions.Illinois:Kane,1.0555555555555556,0.0,30.10015692742385,0.0,False
United_States_of_America.regions.Massachusetts:Bristol,5.194444444444445,0.0,29.39666707518547,0.0,False
United_States_of_America.regions.Ohio:Lake,4.611111111111111,0.0,27.904320108973163,0.0,False
United_States_of_America.regions.Pennsylvania:Bucks,4.972222222222222,0.0,29.55238353962663,0.0,False
United_States_of_America.regions.Rhode Island,1.0,0.0,30.351955507903696,0.0,False
United_States_of_America.regions.Texas:Denton,14.222222222222221,0.0,28.81431739174413,0.0,False
United_States_of_America.regions.Virginia:Covington city,0.0,0.0,2.005467712754914,0.0,False
Georgia,1.1666666666666667,0.0,30.522106423485,0.0,False
Ireland,9.527777777777779,0.0,30.36688362018134,0.0,False
United_States_of_America.regions.South Carolina,8.0,0.0,30.40968258367163,0.0,False
Brazil.regions.AL:Satuba,0.5833333333333334,0.0,23.364109415096074,0.0,False
Brazil.regions.MG:Divinópolis,0.5833333333333334,0.0,30.176050790035447,0.0,False
Brazil.regions.MG:Itajubá,0.3888888888888889,0.0,28.55984481191451,0.0,False
Brazil.regions.PA:Benevides,0.5833333333333334,0.0,29.00185748459876,0.0,False
Brazil.regions.PE:Santa Cruz do Capibaribe,0.16666666666666666,0.0,29.28331918793746,0.0,False
Brazil.regions.PR:Arapongas,4.25,0.0,25.85430659755808,0.0,False
Brazil.regions.RJ:Barra Mansa,0.5833333333333334,0.0,30.053549143601757,0.0,False
Brazil.regions.SC:Jaraguá do Sul,0.25,0.0,29.56409441728491,0.0,False
Brazil.regions.SE:Barra dos Coqueiros,7.888888888888889,0.0,7.068251245435848,0.0,False
Brazil.regions.SE:Propriá,0.3333333333333333,0.0,24.126270685550285,0.0,False
Brazil.regions.SP:Américo Brasiliense,1.9722222222222223,0.0,21.817530675485656,0.0,False
Grenada,4.583333333333333,0.0,25.06288781226931,0.0,False
United_States_of_America.regions.Colorado:Arapahoe,8.027777777777779,0.0,29.13202132356168,0.0,False
United_States_of_America.regions.Indiana:Hamilton,5.861111111111111,0.0,28.393386524772268,0.0,False
United_States_of_America.regions.Iowa:Polk,4.916666666666667,0.0,29.269718309158147,0.0,False
United_States_of_America.regions.Minnesota:Anoka,0.5555555555555556,0.0,29.99655205459364,0.0,False
United_States_of_America.regions.North Carolina:Guilford,10.694444444444445,0.0,28.31018922088758,0.0,False
United_States_of_America.regions.Ohio:Butler,8.36111111111111,0.0,28.000260618613467,0.0,False
United_States_of_America.regions.Oregon:Washington,0.3333333333333333,0.0,30.277214109662744,0.0,False
United_States_of_America.regions.Texas:El Paso,2.1666666666666665,0.0,30.14897929088722,0.0,False
United_States_of_America.regions.Texas:Rockwall,4.694444444444445,0.0,24.612133294317008,0.0,False
United_States_of_America.regions.Virginia:Chesterfield,3.5277777777777777,0.0,29.147093778000187,0.0,False
Brazil.regions.AM:São Gabriel da Cachoeira,0.5833333333333334,0.0,28.401098078532204,0.0,False
Brazil.regions.PA:Oriximiná,0.5833333333333334,0.0,29.227749288562702,0.0,False
Iceland,22.333333333333332,0.0,23.83155263482142,0.0,False
Sweden.regions.Norrbotten,4.666666666666667,0.0,28.100773343752046,0.0,False
United_States_of_America.regions.Alaska:Bethel Census Area,0.5833333333333334,0.0,25.156892286419005,0.0,False
United_States_of_America.regions.Arkansas,17.86111111111111,0.0,29.951488906295836,0.0,False
United_States_of_America.regions.Iowa,15.027777777777779,0.0,30.06932374116538,0.0,False
United_States_of_America.regions.Mississippi,14.694444444444445,0.0,30.048872249006365,0.0,False
Brazil.regions.AL:Pão de Açúcar,2.6666666666666665,0.0,4.2957331941021595,0.0,False
Brazil.regions.AL:Quebrangulo,2.1666666666666665,0.0,9.949420937171263,0.0,False
Brazil.regions.BA:Castro Alves,0.5833333333333334,0.0,26.788320057996525,0.0,False
Brazil.regions.BA:Entre Rios,0.5833333333333334,0.0,28.202323496514605,0.0,False
Brazil.regions.BA:Inhambupe,0.0,0.0,16.81903792547614,0.0,False
Brazil.regions.CE:Amontada,0.5833333333333334,0.0,28.29442316492495,0.0,False
Brazil.regions.CE:Cedro,0.1388888888888889,0.0,23.857063655570318,0.0,False
Brazil.regions.CE:General Sampaio,0.3888888888888889,0.0,10.096788872076996,0.0,False
Brazil.regions.CE:Icó,1.1388888888888888,0.0,26.59360463880239,0.0,False
Brazil.regions.CE:Itaiçaba,0.5833333333333334,0.0,17.819525993572356,0.0,False
Brazil.regions.CE:Martinópole,0.5833333333333334,0.0,21.693471888742817,0.0,False
Brazil.regions.CE:Orós,0.5833333333333334,0.0,25.928804290521832,0.0,False
Brazil.regions.CE:Pereiro,1.0833333333333333,0.0,14.242917719952125,0.0,False
Brazil.regions.CE:Quixeré,0.4166666666666667,0.0,21.5660601682544,0.0,False
Brazil.regions.CE:Tabuleiro do Norte,0.8333333333333334,0.0,22.723165497349633,0.0,False
Brazil.regions.ES:Baixo Guandu,5.25,0.0,8.551380230338477,0.0,False
Brazil.regions.ES:Itarana,0.9444444444444444,0.0,6.647184329304899,0.0,False
Brazil.regions.ES:Nova Venécia,0.1388888888888889,0.0,27.158929903327014,0.0,False
Brazil.regions.ES:São Roque do Canaã,0.5833333333333334,0.0,22.541040751830646,0.0,False
Brazil.regions.MA:Bom Lugar,0.5833333333333334,0.0,24.458584776866775,0.0,False
Brazil.regions.MA:Cedral,0.3888888888888889,0.0,12.12066358181825,0.0,False
Brazil.regions.MA:Duque Bacelar,0.5833333333333334,0.0,21.784464186974272,0.0,False
Brazil.regions.MA:Lima Campos,2.6944444444444446,0.0,21.746103507753585,0.0,False
Brazil.regions.MA:Palmeirândia,1.2222222222222223,0.0,18.060460693494647,0.0,False
Brazil.regions.MA:Peri Mirim,8.13888888888889,0.0,38.586835619454945,0.0,False
Brazil.regions.MA:Presidente Juscelino,2.25,0.0,8.55154155117963,0.0,False
Brazil.regions.MG:Cachoeira de Minas,0.0,0.0,10.663413421893887,0.0,False
Brazil.regions.MG:Campestre,0.5833333333333334,0.0,25.846347519398435,0.0,False
Brazil.regions.MG:Campos Gerais,0.5833333333333334,0.0,27.12045350477994,0.0,False
Brazil.regions.MG:Careaçu,0.0,0.0,4.524204278404433,0.0,False
Brazil.regions.MG:Conceição do Rio Verde,1.0,0.0,4.658764619743216,0.0,False
Brazil.regions.MG:Eugenópolis,0.0,0.0,10.454491896697624,0.0,False
Brazil.regions.MG:Imbé de Minas,0.5833333333333334,0.0,16.109358040087596,0.0,False
Brazil.regions.MG:Itamonte,0.1388888888888889,0.0,19.54104574689141,0.0,False
Brazil.regions.MG:Itatiaiuçu,0.4166666666666667,0.0,12.652156287229115,0.0,False
Brazil.regions.MG:Moema,0.5833333333333334,0.0,17.29263374461794,0.0,False
Brazil.regions.MG:Monte Carmelo,2.8333333333333335,0.0,21.35766418096378,0.0,False
Brazil.regions.MG:Padre Paraíso,0.3611111111111111,0.0,24.53139808978115,0.0,False
Brazil.regions.MG:Pedra Dourada,0.5833333333333334,0.0,9.340289031912867,0.0,False
Brazil.regions.MG:Poço Fundo,0.5833333333333334,0.0,24.64024176742947,0.0,False
Brazil.regions.MG:Santo Antônio do Amparo,0.9333333333333332,0.0,8.887324219132,0.0,False
Brazil.regions.MG:Senador Amaral,1.5833333333333333,0.0,28.890700833855476,0.0,False
Brazil.regions.MT:Sinop,4.083333333333333,0.0,26.63299839383816,0.0,False
Brazil.regions.PA:Marapanim,0.8055555555555556,0.0,24.71401384444863,0.0,False
Brazil.regions.PA:Mocajuba,2.6666666666666665,0.0,16.946018754354693,0.0,False
Brazil.regions.PA:São João de Pirabas,0.25,0.0,22.640363721613074,0.0,False
Brazil.regions.PA:Tracuateua,0.5833333333333334,0.0,27.365734713601526,0.0,False
Brazil.regions.PB:Casserengue,0.5833333333333334,0.0,17.20534721629247,0.0,False
Brazil.regions.PB:Imaculada,1.3611111111111112,0.0,10.395708721053198,0.0,False
Brazil.regions.PB:Joca Claudino,0.5833333333333334,0.0,8.170042444635044,0.0,False
Brazil.regions.PB:Pombal,0.3888888888888889,0.0,24.5831238894812,0.0,False
Brazil.regions.PB:São José de Caiana,3.2,0.0,47.44403496736718,0.0,False
Brazil.regions.PB:São João do Rio do Peixe,0.5833333333333334,0.0,25.050731691810615,0.0,False
Brazil.regions.PE:Cumaru,0.5833333333333334,0.0,21.426548579531783,0.0,False
Brazil.regions.PE:Petrolândia,0.0,0.0,26.263610804012703,0.0,False
Brazil.regions.PE:Salgueiro,2.8333333333333335,0.0,23.34705780213455,0.0,False
Brazil.regions.PI:Luzilândia,0.5833333333333334,0.0,26.672090376289443,0.0,False
Brazil.regions.PI:União,1.0833333333333333,0.0,24.601283213125996,0.0,False
Brazil.regions.PR:Alto Paraná,1.8333333333333333,0.0,8.28647964440258,0.0,False
Brazil.regions.PR:Assis Chateaubriand,0.9722222222222222,0.0,22.9357342057811,0.0,False
Brazil.regions.PR:Balsa Nova,1.75,0.0,4.837886202473982,0.0,False
Brazil.regions.PR:Ibaiti,0.5833333333333334,0.0,27.40744437400254,0.0,False
Brazil.regions.PR:Saudade do Iguaçu,0.0,0.0,1.1418533157663617,0.0,False
Brazil.regions.RJ:Sumidouro,0.5833333333333334,0.0,24.194993899637833,0.0,False
Brazil.regions.RJ:São Fidélis,1.3888888888888888,0.0,22.909495424834645,0.0,False
Brazil.regions.RN:Almino Afonso,0.0,0.0,1.7956526840416451,0.0,False
Brazil.regions.RN:Baraúna,0.5833333333333334,0.0,27.07145992333595,0.0,False
Brazil.regions.RN:Baía Formosa,0.5833333333333334,0.0,19.809490261999958,0.0,False
Brazil.regions.RN:Itajá,0.9722222222222222,0.0,5.286616539813473,0.0,False
Brazil.regions.RN:Lajes Pintadas,0.16666666666666666,0.0,5.050520430989473,0.0,False
Brazil.regions.RN:Pendências,0.5833333333333334,0.0,23.985991008725925,0.0,False
Brazil.regions.RO:Rolim de Moura,0.5833333333333334,0.0,26.660569158835806,0.0,False
Brazil.regions.RS:Antônio Prado,0.5833333333333334,0.0,22.93297795546671,0.0,False
Brazil.regions.RS:Capitão,0.5833333333333334,0.0,8.447535390810218,0.0,False
Brazil.regions.RS:Cerro Grande do Sul,0.5833333333333334,0.0,22.425211031128683,0.0,False
Brazil.regions.RS:Crissiumal,0.0,0.0,11.88762152732874,0.0,False
Brazil.regions.RS:Humaitá,1.5833333333333333,0.0,35.90285682209061,0.0,False
Brazil.regions.RS:Triunfo,3.361111111111111,0.0,13.856547023845154,0.0,False
Brazil.regions.SC:Garuva,0.5833333333333334,0.0,25.084653105307975,0.0,False
Brazil.regions.SC:Itá,1.2777777777777777,0.0,16.301965909752386,0.0,False
Brazil.regions.SC:Meleiro,0.5833333333333334,0.0,16.34064570629075,0.0,False
Brazil.regions.SC:Nova Trento,0.5833333333333334,0.0,23.722488577386724,0.0,False
Brazil.regions.SC:Quilombo,1.0,0.0,0.9049114901771667,0.0,False
Brazil.regions.SC:Serra Alta,0.0,0.0,11.322972694876384,0.0,False
Brazil.regions.SE:Monte Alegre de Sergipe,0.0,0.0,12.670754193346635,0.0,False
Brazil.regions.SE:Pacatuba,0.3888888888888889,0.0,16.92640495511724,0.0,False
Brazil.regions.SE:Riachão do Dantas,0.0,1.0,22.601199049834108,5.049229992426155,False
Brazil.regions.SP:Alambari,0.5833333333333334,0.0,13.998302831064876,0.0,False
Brazil.regions.SP:Alfredo Marcondes,0.0,0.0,4.680169116913778,0.0,False
Brazil.regions.SP:Barbosa,0.2857142857142857,0.0,11.334858297488845,0.0,False
Brazil.regions.SP:Casa Branca,1.3214285714285714,0.0,19.125809677373923,0.0,False
Brazil.regions.SP:Fartura,0.5833333333333334,0.0,24.359844134915438,0.0,False
Brazil.regions.SP:Guararapes,1.1388888888888888,0.0,22.33137827259768,0.0,False
Brazil.regions.SP:Indiana,2.4166666666666665,0.0,51.28750306980025,0.0,False
Brazil.regions.SP:Ipuã,5.25,0.0,11.742014638092346,0.0,False
Brazil.regions.SP:Jambeiro,0.5833333333333334,0.0,15.448888030319218,0.0,False
Brazil.regions.SP:Joanópolis,0.5833333333333334,0.0,23.031516684085258,0.0,False
Brazil.regions.SP:Junqueirópolis,0.5833333333333334,0.0,25.759989421927497,0.0,False
Brazil.regions.SP:Nipoã,0.5833333333333334,0.0,11.413001004240295,0.0,False
Brazil.regions.SP:Ouroeste,0.0,0.0,9.672093464576145,0.0,False
Brazil.regions.SP:Porangaba,0.5833333333333334,0.0,20.520246453879132,0.0,False
Brazil.regions.SP:Presidente Epitácio,0.5833333333333334,0.0,28.333369765594835,0.0,False
Brazil.regions.SP:São Miguel Arcanjo,0.1388888888888889,0.0,25.366022969708148,0.0,False
Brazil.regions.SP:Tabapuã,0.5833333333333334,0.0,22.535847056366677,0.0,False
Brazil.regions.SP:Tarabai,0.4166666666666667,0.0,10.02926496044961,0.0,False
Faroe_Islands,118.80555555555556,0.0,217.64405501185274,0.0,False
United_States_of_America.regions.Alabama:Autauga,4.583333333333333,0.0,19.558088049831543,0.0,False
United_States_of_America.regions.Alabama:Blount,3.1944444444444446,0.0,22.333478307096314,0.0,False
United_States_of_America.regions.Alabama:Colbert,1.3055555555555556,0.0,25.36620315239378,0.0,False
United_States_of_America.regions.Alabama:DeKalb,3.611111111111111,0.0,23.332176600752277,0.0,False
United_States_of_America.regions.Alabama:Russell,0.3611111111111111,0.0,28.487115593663248,0.0,False
United_States_of_America.regions.Arkansas:Lonoke,5.138888888888889,0.0,21.426103861560215,0.0,False
United_States_of_America.regions.Florida:Bradford,0.3611111111111111,0.0,26.26184553590766,0.0,False
United_States_of_America.regions.Florida:Columbia,1.3333333333333333,0.0,26.527143357304844,0.0,False
United_States_of_America.regions.Florida:Gadsden,0.5833333333333334,0.0,28.405712459874607,0.0,False
United_States_of_America.regions.Georgia:Bryan,4.5,0.0,15.244327264787623,0.0,False
United_States_of_America.regions.Georgia:Camden,1.1666666666666667,0.0,25.565264051470407,0.0,False
United_States_of_America.regions.Illinois:Franklin,0.6944444444444444,0.0,27.70748465135928,0.0,False
United_States_of_America.regions.Illinois:Jackson,0.5833333333333334,0.0,28.833698667063928,0.0,False
United_States_of_America.regions.Illinois:LaSalle,0.4166666666666667,0.0,28.75536192585533,0.0,False
United_States_of_America.regions.Illinois:Monroe,1.1666666666666667,0.0,22.656326528411043,0.0,False
United_States_of_America.regions.Indiana:Cass,3.5555555555555554,0.0,16.960829817077805,0.0,False
United_States_of_America.regions.Indiana:Jefferson,3.3333333333333335,0.0,15.377704170626638,0.0,False
United_States_of_America.regions.Indiana:Miami,0.5833333333333334,0.0,27.78018081347383,0.0,False
United_States_of_America.regions.Iowa:Des Moines,0.3888888888888889,0.0,27.530541450346504,0.0,False
United_States_of_America.regions.Iowa:Muscatine,2.638888888888889,0.0,20.69936134293418,0.0,False
United_States_of_America.regions.Iowa:Pottawattamie,0.5833333333333334,0.0,29.52292090143824,0.0,False
United_States_of_America.regions.Iowa:Warren,0.5833333333333334,0.0,27.78921380987076,0.0,False
United_States_of_America.regions.Kentucky:Barren,0.6944444444444444,0.0,27.08035397253626,0.0,False
United_States_of_America.regions.Kentucky:Christian,1.2777777777777777,0.0,26.535253304548437,0.0,False
United_States_of_America.regions.Kentucky:Floyd,0.5833333333333334,0.0,27.785956226229054,0.0,False
United_States_of_America.regions.Kentucky:Grant,0.0,0.5833333333333334,24.279911759164676,2.326911058811015,False
United_States_of_America.regions.Kentucky:Pulaski,1.9166666666666667,0.0,25.209457612702273,0.0,False
United_States_of_America.regions.Kentucky:Taylor,0.4166666666666667,0.0,22.834549670805572,0.0,False
United_States_of_America.regions.Louisiana:Lafourche,3.388888888888889,0.0,25.502053884921274,0.0,False
United_States_of_America.regions.Louisiana:St. Landry,1.9722222222222223,0.0,26.266316887286663,0.0,False
United_States_of_America.regions.Louisiana:St. Mary,3.0555555555555554,0.0,21.195454752517108,0.0,False
United_States_of_America.regions.Louisiana:Terrebonne,2.1944444444444446,0.0,27.175802723182617,0.0,False
United_States_of_America.regions.Massachusetts:Franklin,3.5,0.0,23.352534017656005,0.0,False
United_States_of_America.regions.Michigan:Montcalm,0.5833333333333334,0.0,29.030574035963905,0.0,False
United_States_of_America.regions.Minnesota:Blue Earth,1.5555555555555556,0.0,25.95612407189258,0.0,False
United_States_of_America.regions.Minnesota:Isanti,1.0277777777777777,0.0,24.163871360211115,0.0,False
United_States_of_America.regions.Mississippi:Alcorn,3.5277777777777777,0.0,16.764429795553937,0.0,False
United_States_of_America.regions.Mississippi:Jones,0.5833333333333334,0.0,29.127341296376457,0.0,False
United_States_of_America.regions.Mississippi:Pike,6.888888888888889,0.0,9.031411294963393,0.0,False
United_States_of_America.regions.Missouri:Lincoln,7.833333333333333,0.0,14.638877162167907,0.0,False
United_States_of_America.regions.Missouri:Newton,2.611111111111111,0.0,23.3933191382192,0.0,False
United_States_of_America.regions.Missouri:Pulaski,1.5833333333333333,0.0,24.57633544172697,0.0,False
United_States_of_America.regions.Missouri:Scott,0.5833333333333334,0.0,27.983483005971763,0.0,False
United_States_of_America.regions.Missouri:Taney,0.0,0.0,27.7647923681955,0.0,False
United_States_of_America.regions.New York:Columbia,10.583333333333334,0.0,10.134222133610844,0.0,False
United_States_of_America.regions.New York:Cortland,2.1944444444444446,0.0,22.656136069144367,0.0,False
United_States_of_America.regions.New York:Jefferson,0.0,0.0,29.154243805840565,0.0,False
United_States_of_America.regions.New York:Livingston,0.8333333333333334,0.0,26.754590795082233,0.0,False
United_States_of_America.regions.New York:Tioga,0.5833333333333334,0.0,28.521253529799814,0.0,False
United_States_of_America.regions.North Carolina:Jackson,1.0,0.0,24.716316337711703,0.0,False
United_States_of_America.regions.North Carolina:Transylvania,1.5555555555555556,0.0,21.467155682656628,0.0,False
United_States_of_America.regions.Ohio:Champaign,0.75,0.0,24.595213144502857,0.0,False
United_States_of_America.regions.Ohio:Defiance,1.6666666666666667,0.0,22.06271792265416,0.0,False
United_States_of_America.regions.Ohio:Madison,2.111111111111111,0.0,22.336564709182472,0.0,False
United_States_of_America.regions.Ohio:Mercer,0.7777777777777778,0.0,24.86106359042377,0.0,False
United_States_of_America.regions.Ohio:Preble,1.8611111111111112,0.0,22.17048067565889,0.0,False
United_States_of_America.regions.Ohio:Washington,0.5555555555555556,0.0,27.025702725817318,0.0,False
United_States_of_America.regions.Oklahoma:Pottawatomie,1.8611111111111112,0.0,25.850876511148094,0.0,False
United_States_of_America.regions.Pennsylvania:Armstrong,1.1666666666666667,0.0,26.347724844270967,0.0,False
United_States_of_America.regions.Pennsylvania:Indiana,2.7222222222222223,0.0,25.47460240489952,0.0,False
United_States_of_America.regions.Pennsylvania:Lycoming,2.6944444444444446,0.0,26.82015959964228,0.0,False
United_States_of_America.regions.South Carolina:Kershaw,5.083333333333333,0.0,20.578433049940678,0.0,False
United_States_of_America.regions.South Carolina:Laurens,2.9444444444444446,0.0,23.887298576654448,0.0,False
United_States_of_America.regions.Tennessee:Cumberland,1.6388888888888888,0.0,25.271586135404064,0.0,False
United_States_of_America.regions.Tennessee:Marshall,3.1944444444444446,0.0,16.696823305518958,0.0,False
United_States_of_America.regions.Tennessee:Unicoi,0.5833333333333334,0.0,25.00391027994363,0.0,False
United_States_of_America.regions.Tennessee:Warren,0.5833333333333334,0.0,28.17315651918774,0.0,False
United_States_of_America.regions.Texas:Aransas,0.1388888888888889,0.0,23.270325232487494,0.0,False
United_States_of_America.regions.Texas:Bastrop,0.4444444444444444,0.0,28.31029786149997,0.0,False
United_States_of_America.regions.Texas:Henderson,0.5833333333333334,0.0,29.3871641116,0.0,False
United_States_of_America.regions.Texas:San Patricio,0.3611111111111111,0.0,28.764219884829224,0.0,False
United_States_of_America.regions.Texas:Walker,1.7222222222222223,0.0,26.065855336923715,0.0,False
United_States_of_America.regions.Virginia:Fluvanna,0.8611111111111112,0.0,21.631953855611002,0.0,False
United_States_of_America.regions.Virginia:Rockingham,1.9444444444444444,0.0,26.290915247538855,0.0,False
United_States_of_America.regions.Virginia:Washington,0.25,0.0,27.184325795998745,0.0,False
United_States_of_America.regions.Virginia:Wise,2.5277777777777777,0.0,19.598538745232954,0.0,False
United_States_of_America.regions.Washington:Cowlitz,3.0,0.0,26.451488217092532,0.0,False
United_States_of_America.regions.West Virginia:Taylor,1.75,0.0,12.400658011814699,0.0,False
United_States_of_America.regions.Wisconsin:Dodge,4.333333333333333,0.0,23.860004888536835,0.0,False
United_States_of_America.regions.Wisconsin:Marathon,0.5833333333333334,0.0,29.8588500821435,0.0,False
United_States_of_America.regions.Wisconsin:Portage,0.3611111111111111,0.0,28.868827642108158,0.0,False
United_States_of_America.regions.Wisconsin:Wood,0.5833333333333334,0.0,29.2259314253064,0.0,False
United_States_of_America.regions.Michigan:Wayne,8.833333333333334,0.0,30.00035155595471,0.0,False
United_States_of_America.regions.Virginia:Fairfax,3.9444444444444446,0.0,30.114103084200426,0.0,False
Brazil.regions.AL:Jacuípe,2.0,0.0,23.40528449159079,0.0,False
Brazil.regions.AL:Jequiá da Praia,0.5833333333333334,0.0,18.12219969462592,0.0,False
Brazil.regions.AL:Porto de Pedras,0.0,0.0,6.480106123836788,0.0,False
Brazil.regions.BA:Banzaê,0.0,0.0,11.76452114608405,0.0,False
Brazil.regions.BA:Brumado,0.5833333333333334,0.0,29.10760723680293,0.0,False
Brazil.regions.BA:Cardeal da Silva,0.0,0.0,8.565199200650707,0.0,False
Brazil.regions.BA:Euclides da Cunha,0.5833333333333334,0.0,28.94523963019178,0.0,False
Brazil.regions.BA:Floresta Azul,0.0,0.0,15.69946045887584,0.0,False
Brazil.regions.BA:Itabela,0.5833333333333334,0.0,27.32612970987114,0.0,False
Brazil.regions.BA:Nova Ibiá,0.0,0.0,4.151466976267596,0.0,False
Brazil.regions.BA:Nova Soure,0.5833333333333334,0.0,26.884824968341565,0.0,False
Brazil.regions.BA:Nova Viçosa,0.3611111111111111,0.0,27.778074772605912,0.0,False
Brazil.regions.BA:Riachão do Jacuípe,0.0,0.0,16.332883125769733,0.0,False
Brazil.regions.BA:São Domingos,0.5833333333333334,0.0,19.55584853239581,0.0,False
Brazil.regions.CE:Barro,0.6388888888888888,0.0,20.797655258202763,0.0,False
Brazil.regions.CE:Beberibe,0.5833333333333334,0.0,28.729201291791632,0.0,False
Brazil.regions.CE:Coreaú,4.138888888888889,0.0,26.13183572651971,0.0,False
Brazil.regions.CE:Itapiúna,0.5833333333333334,0.0,25.689523340903715,0.0,False
Brazil.regions.CE:Lavras da Mangabeira,0.5833333333333334,0.0,27.422016073621464,0.0,False
Brazil.regions.CE:Novo Oriente,0.4166666666666667,0.0,23.604517367825526,0.0,False
Brazil.regions.CE:Ocara,5.583333333333333,0.5833333333333334,2.9933785306614364,2.2695145832522794,False
Brazil.regions.CE:Pedra Branca,0.5833333333333334,0.0,28.284102075931486,0.0,False
Brazil.regions.CE:Potengi,0.5833333333333334,0.0,21.541942674857427,0.0,False
Brazil.regions.CE:Santana do Acaraú,0.5833333333333334,0.0,27.514339027262466,0.0,False
Brazil.regions.ES:Afonso Cláudio,0.5833333333333334,0.0,27.3263435124929,0.0,False
Brazil.regions.ES:Alto Rio Novo,0.0,0.0,6.56205842969276,0.0,False
Brazil.regions.ES:Boa Esperança,0.5833333333333334,0.0,23.94555051913279,0.0,False
Brazil.regions.ES:Brejetuba,0.5833333333333334,0.0,22.533897693383416,0.0,False
Brazil.regions.ES:Conceição do Castelo,2.25,0.0,3.846736538985085,0.0,False
Brazil.regions.ES:Mimoso do Sul,1.5555555555555556,0.0,18.593790916859678,0.0,False
Brazil.regions.ES:Santa Teresa,0.5833333333333334,0.0,26.35672884673014,0.0,False
Brazil.regions.ES:Vila Valério,0.5833333333333334,0.0,23.49354047723613,0.0,False
Brazil.regions.GO:Alexânia,0.5833333333333334,0.0,26.97956903570258,0.0,False
Brazil.regions.GO:Aragarças,0.5833333333333334,0.0,25.62514017538071,0.0,False
Brazil.regions.GO:Santa Helena de Goiás,0.5833333333333334,0.0,28.008357191261084,0.0,False
Brazil.regions.MA:Bacabeira,0.5833333333333334,0.0,24.73243003241856,0.0,False
Brazil.regions.MA:Brejo,0.1388888888888889,0.0,25.864043492108877,0.0,False
Brazil.regions.MA:Igarapé Grande,49.5,0.0,426.78940270736246,0.0,False
Brazil.regions.MA:Lago do Junco,2.5,0.0,12.96415138064424,0.0,False
Brazil.regions.MA:Maracaçumé,6.138888888888889,0.0,13.105359068624221,0.0,False
Brazil.regions.MA:Mata Roma,0.8055555555555556,0.0,20.69227367948261,0.0,False
Brazil.regions.MA:Presidente Vargas,2.388888888888889,0.0,8.288479126230982,0.0,False
Brazil.regions.MA:Satubinha,0.5833333333333334,0.0,23.408807311164026,0.0,False
Brazil.regions.MA:São Domingos do Maranhão,37.361111111111114,0.0,82.69382038998859,0.0,False
Brazil.regions.MA:São João Batista,0.5833333333333334,0.0,25.756713277095358,0.0,False
Brazil.regions.MG:Carmo da Mata,0.5833333333333334,0.0,21.881975630441236,0.0,False
Brazil.regions.MG:Centralina,0.5833333333333334,0.0,20.933977455716587,0.0,False
Brazil.regions.MG:Cristina,0.5,0.0,9.320408839015089,0.0,False
Brazil.regions.MG:Córrego do Bom Jesus,1.8666666666666665,0.0,58.07013699773584,0.0,False
Brazil.regions.MG:Fervedouro,0.4166666666666667,0.0,12.42390697154502,0.0,False
Brazil.regions.MG:Guanhães,0.0,0.0,16.40983368179737,0.0,False
Brazil.regions.MG:Ilicínea,0.7222222222222222,0.0,21.392670668032984,0.0,False
Brazil.regions.MG:Ipuiúna,0.5833333333333334,0.0,20.67419399625407,0.0,False
Brazil.regions.MG:Itaguara,0.5833333333333334,0.0,23.109662583158354,0.0,False
Brazil.regions.MG:Itaobim,0.5833333333333334,0.0,25.8479260143085,0.0,False
Brazil.regions.MG:Janaúba,0.3888888888888889,0.0,27.843158249419776,0.0,False
Brazil.regions.MG:Laranjal,0.3611111111111111,0.0,12.64835032312527,0.0,False
Brazil.regions.MG:Mar de Espanha,5.472222222222222,0.0,28.305393632719046,0.0,False
Brazil.regions.MG:Munhoz,1.4166666666666667,0.0,19.163682565934,0.0,False
Brazil.regions.MG:Patrocínio,0.5833333333333334,0.0,29.493969820527454,0.0,False
Brazil.regions.MG:São Brás do Suaçuí,0.5833333333333334,0.0,10.03404129930754,0.0,False
Brazil.regions.MG:São Gonçalo do Rio Abaixo,0.0,0.0,10.166162340075385,0.0,False
Brazil.regions.PA:Bujaru,0.5833333333333334,0.0,27.163161824583003,0.0,False
Brazil.regions.PA:Colares,0.5833333333333334,0.0,22.321092476333433,0.0,False
Brazil.regions.PA:Nova Timboteua,1.9722222222222223,0.0,9.362163501555434,0.0,False
Brazil.regions.PA:Ourém,1.0833333333333333,0.0,15.649805656775047,0.0,False
Brazil.regions.PA:São João da Ponta,0.5833333333333334,0.0,14.306515273249696,0.0,False
Brazil.regions.PB:Conceição,0.42857142857142855,0.0,15.813608315429263,0.0,False
Brazil.regions.PB:Igaracy,0.5833333333333334,0.0,14.247930255350772,0.0,False
Brazil.regions.PB:Malta,2.2222222222222223,0.0,35.810922845960626,0.0,False
Brazil.regions.PB:Monteiro,0.1388888888888889,0.0,25.411832040755254,0.0,False
Brazil.regions.PB:Riacho dos Cavalos,0.5833333333333334,0.0,18.866983741689246,0.0,False
Brazil.regions.PB:Santa Luzia,0.8055555555555556,0.0,19.76063789137229,0.0,False
Brazil.regions.PI:Angical do Piauí,0.5833333333333334,0.0,15.863933416647926,0.0,False
Brazil.regions.PI:Dom Expedito Lopes,0.5833333333333334,0.0,16.111456309954978,0.0,False
Brazil.regions.PI:São Gonçalo do Piauí,0.5833333333333334,0.0,11.16939037958588,0.0,False
Brazil.regions.PR:Abatiá,0.5833333333333334,0.0,17.185594617945895,0.0,False
Brazil.regions.PR:Assaí,0.5833333333333334,0.0,23.981619144055127,0.0,False
Brazil.regions.PR:Carlópolis,0.2857142857142857,0.0,17.861480273430722,0.0,False
Brazil.regions.PR:Cidade Gaúcha,0.7142857142857143,0.0,9.036943070400575,0.0,False
Brazil.regions.PR:Coronel Vivida,0.5833333333333334,0.0,25.772817159365616,0.0,False
Brazil.regions.PR:Itaipulândia,0.2857142857142857,0.0,15.896975328676803,0.0,False
Brazil.regions.PR:Loanda,0.4166666666666667,0.0,21.932554086428635,0.0,False
Brazil.regions.PR:Marilena,6.666666666666667,0.0,85.99548131216721,0.0,False
Brazil.regions.PR:Missal,0.0,0.0,9.979623656059593,0.0,False
Brazil.regions.PR:Palmas,0.5833333333333334,0.0,28.63449048846916,0.0,False
Brazil.regions.PR:Paranacity,3.25,0.0,11.535753508647813,0.0,False
Brazil.regions.PR:Peabiru,0.5833333333333334,0.0,23.45091466206816,0.0,False
Brazil.regions.PR:Rebouças,0.4642857142857143,0.0,21.58351626509688,0.0,False
Brazil.regions.PR:Santa Tereza do Oeste,0.3611111111111111,0.0,18.54115078985039,0.0,False
Brazil.regions.PR:Sertanópolis,0.0,1.0,13.214562816541108,6.109108681043436,False
Brazil.regions.PR:São Miguel do Iguaçu,0.5357142857142857,0.0,21.00993243794275,0.0,False
Brazil.regions.RJ:Quissamã,1.3888888888888888,0.0,18.562524855431036,0.0,False
Brazil.regions.RJ:Sapucaia,0.16666666666666666,0.0,22.82388722981791,0.0,False
Brazil.regions.RN:Jardim do Seridó,0.0,0.0,11.25655307228606,0.0,False
Brazil.regions.RN:Riachuelo,0.5833333333333334,0.0,18.292663598209643,0.0,False
Brazil.regions.RN:São Miguel do Gostoso,0.5833333333333334,0.0,20.870078911569742,0.0,False
Brazil.regions.RN:São Pedro,0.5833333333333334,0.0,13.848199739427631,0.0,False
Brazil.regions.RN:São Vicente,0.5833333333333334,0.0,15.029188048842608,0.0,False
Brazil.regions.RS:Arroio dos Ratos,1.3611111111111112,0.0,11.24778968409623,0.0,False
Brazil.regions.RS:Candelária,0.5833333333333334,0.0,27.40754602771944,0.0,False
Brazil.regions.RS:Capão do Leão,0.5833333333333334,0.0,26.651662380181335,0.0,False
Brazil.regions.RS:Casca,0.0,0.0,8.25070061949795,0.0,False
Brazil.regions.RS:Ibirubá,2.5833333333333335,0.0,11.57811302738839,0.0,False
Brazil.regions.RS:Maratá,0.0,0.0,28.24228911185433,0.0,False
Brazil.regions.RS:Marques de Souza,0.5833333333333334,0.0,10.33544091012613,0.0,False
Brazil.regions.RS:Nova Bréscia,0.5833333333333334,0.0,9.487748618183401,0.0,False
Brazil.regions.RS:Poço das Antas,0.5555555555555556,0.0,71.3531328817108,0.0,False
Brazil.regions.RS:Sananduva,0.0,0.0,20.864200829995436,0.0,False
Brazil.regions.RS:Tucunduva,0.5833333333333334,0.0,12.983978051285892,0.0,False
Brazil.regions.RS:Vacaria,0.5833333333333334,0.0,29.08564980482901,0.0,False
Brazil.regions.RS:Vanini,0.5833333333333334,0.0,16.73026346373534,0.0,False
Brazil.regions.RS:Vila Flores,0.5833333333333334,0.0,9.569070708368121,0.0,False
Brazil.regions.SC:Arabutã,2.5555555555555554,0.0,66.40181718894999,0.0,False
Brazil.regions.SC:Atalanta,0.0,0.0,11.828976477493342,0.0,False
Brazil.regions.SC:Benedito Novo,0.6388888888888888,0.0,11.52421843775446,0.0,False
Brazil.regions.SC:Entre Rios,3.4761904761904767,0.0,123.82542505117807,0.0,False
Brazil.regions.SC:Faxinal dos Guedes,1.8333333333333333,0.0,5.420724322171697,0.0,False
Brazil.regions.SC:Ipumirim,1.3611111111111112,0.0,8.1825938077978,0.0,False
Brazil.regions.SC:Irani,7.388888888888889,0.0,55.539559138752914,0.0,False
Brazil.regions.SC:Nova Itaberaba,0.0,0.0,3.765684309388444,0.0,False
Brazil.regions.SC:Ouro,0.5833333333333334,0.0,16.88779401328199,0.0,False
Brazil.regions.SC:Rio do Oeste,0.5833333333333334,0.0,17.242895592010527,0.0,False
Brazil.regions.SC:Tunápolis,0.5833333333333334,0.0,10.824105886744059,0.0,False
Brazil.regions.SE:Canindé de São Francisco,0.5833333333333334,0.0,27.25133159915769,0.0,False
Brazil.regions.SE:Carira,0.3333333333333333,0.0,21.916043859944654,0.0,False
Brazil.regions.SE:Feira Nova,1.0,0.0,16.492947413590244,0.0,False
Brazil.regions.SE:Japoatã,0.5833333333333334,0.0,23.152013889338395,0.0,False
Brazil.regions.SE:Porto da Folha,0.25,0.0,24.18466012948671,0.0,False
Brazil.regions.SP:Auriflama,0.5833333333333334,0.0,24.01210130774146,0.0,False
Brazil.regions.SP:Bocaina,1.8055555555555556,0.0,7.866323054620706,0.0,False
Brazil.regions.SP:Campina do Monte Alegre,0.0,0.0,2.723405893334874,0.0,False
Brazil.regions.SP:Capão Bonito,0.5833333333333334,0.0,28.474382511649594,0.0,False
Brazil.regions.SP:Fernando Prestes,0.5833333333333334,0.0,13.30375026139974,0.0,False
Brazil.regions.SP:Guareí,0.3333333333333333,0.0,20.246641138274153,0.0,False
Brazil.regions.SP:Guaíra,0.0,0.0,26.71414286047029,0.0,False
Brazil.regions.SP:Ibirarema,0.5833333333333334,0.0,17.697580262421923,0.0,False
Brazil.regions.SP:Igaratá,0.5833333333333334,0.0,20.10703619590806,0.0,False
Brazil.regions.SP:Itajobi,3.0,0.5833333333333334,4.562392866962899,3.822129035076224,False
Brazil.regions.SP:Itirapina,0.5833333333333334,0.0,25.08829544276408,0.0,False
Brazil.regions.SP:Nova Aliança,0.6666666666666666,0.0,13.297667816027452,0.0,False
Brazil.regions.SP:Pirajuí,0.5833333333333334,0.0,26.67301389492154,0.0,False
Brazil.regions.SP:Piratininga,1.3055555555555556,0.0,11.19467318913797,0.0,False
Brazil.regions.SP:Pratânia,0.4166666666666667,0.0,8.156822558118392,0.0,False
Brazil.regions.SP:Rincão,0.5833333333333334,0.0,21.33569652703872,0.0,False
Brazil.regions.SP:Santa Cruz da Conceição,0.5833333333333334,0.0,10.7915174102933,0.0,False
Brazil.regions.SP:Santo Expedito,0.25,0.0,28.33486289106598,0.0,False
Brazil.regions.SP:Tanabi,0.5833333333333334,0.0,26.74477149772717,0.0,False
Brazil.regions.SP:Torre de Pedra,0.4166666666666667,0.0,52.3229264306487,0.0,False
Brazil.regions.SP:Torrinha,7.222222222222222,0.0,57.3717747630791,0.0,False
Brazil.regions.SP:Valparaíso,1.6666666666666667,0.0,18.32239930722789,0.0,False
Brazil.regions.SP:Álvaro de Carvalho,0.5833333333333334,0.0,11.464380260181326,0.0,False
Brazil.regions.TO:São Miguel do Tocantins,5.888888888888889,0.0,32.366632401733064,0.0,False
Turks_and_Caicos_islands,2.5,0.0,17.615543214893073,0.0,False
United_States_of_America.regions.Alabama:Coffee,8.083333333333334,0.0,12.127534066022237,0.0,False
United_States_of_America.regions.Alabama:Dale,1.4166666666666667,0.0,24.494780096235857,0.0,False
United_States_of_America.regions.Alabama:Walker,5.694444444444445,0.0,19.138534859114774,0.0,False
United_States_of_America.regions.Arkansas:Baxter,0.9722222222222222,0.0,24.501289796239387,0.0,False
United_States_of_America.regions.Arkansas:Crittenden,2.25,0.0,22.602208088601586,0.0,False
United_States_of_America.regions.Arkansas:Greene,0.5833333333333334,0.0,25.815522709932647,0.0,False
United_States_of_America.regions.Arkansas:Pope,0.4166666666666667,0.0,27.474324878875194,0.0,False
United_States_of_America.regions.Georgia:Banks,1.1388888888888888,0.0,16.442635382827344,0.0,False
United_States_of_America.regions.Georgia:Chattooga,0.5833333333333334,0.0,26.561765844792856,0.0,False
United_States_of_America.regions.Georgia:Coffee,3.25,0.0,19.426415812755724,0.0,False
United_States_of_America.regions.Georgia:Crisp,6.388888888888889,0.0,11.652260863231099,0.0,False
United_States_of_America.regions.Georgia:Franklin,2.1944444444444446,0.0,14.416200468298408,0.0,False
United_States_of_America.regions.Georgia:Harris,0.6388888888888888,0.0,24.28913190634158,0.0,False
United_States_of_America.regions.Georgia:Lee,0.1388888888888889,0.0,24.853541191231244,0.0,False
United_States_of_America.regions.Georgia:Pike,1.4444444444444444,0.0,14.628205474428816,0.0,False
United_States_of_America.regions.Georgia:Thomas,6.722222222222222,0.0,11.911069204248896,0.0,False
United_States_of_America.regions.Georgia:Union,1.2222222222222223,0.0,20.509638743155907,0.0,False
United_States_of_America.regions.Georgia:Upson,4.361111111111111,0.0,8.010537959659144,0.0,False
United_States_of_America.regions.Idaho:Madison,0.1388888888888889,0.0,26.280223903829224,0.0,False
United_States_of_America.regions.Illinois:Clinton,1.1666666666666667,0.0,23.27458430295942,0.0,False
United_States_of_America.regions.Illinois:Stephenson,0.3611111111111111,0.0,26.226078734545165,0.0,False
United_States_of_America.regions.Illinois:Vermilion,2.888888888888889,0.0,24.692512929657063,0.0,False
United_States_of_America.regions.Illinois:Whiteside,0.5833333333333334,0.0,28.783398161464,0.0,False
United_States_of_America.regions.Indiana:Clinton,0.5833333333333334,0.0,26.13751373710417,0.0,False
United_States_of_America.regions.Indiana:Harrison,1.6388888888888888,0.0,22.642654566418713,0.0,False
United_States_of_America.regions.Indiana:Jackson,4.583333333333333,0.0,16.653856959642887,0.0,False
United_States_of_America.regions.Indiana:Montgomery,2.888888888888889,0.0,18.93056665481346,0.0,False
United_States_of_America.regions.Indiana:Wabash,0.5833333333333334,0.0,27.369590466090997,0.0,False
United_States_of_America.regions.Indiana:Wells,0.5833333333333334,0.0,27.061744784944253,0.0,False
United_States_of_America.regions.Iowa:Cerro Gordo,1.8611111111111112,0.0,22.48169201618272,0.0,False
United_States_of_America.regions.Iowa:Wapello,0.5833333333333334,0.0,27.736137491734688,0.0,False
United_States_of_America.regions.Kansas:Geary,3.5555555555555554,0.0,14.369451067189978,0.0,False
United_States_of_America.regions.Kentucky:Carroll,0.25,0.0,13.35064968900389,0.0,False
United_States_of_America.regions.Kentucky:Gallatin,0.5833333333333334,0.0,19.320584881135307,0.0,False
United_States_of_America.regions.Kentucky:Johnson,0.5833333333333334,0.0,26.08887251584832,0.0,False
United_States_of_America.regions.Kentucky:Knox,0.5833333333333334,0.0,25.958007956653844,0.0,False
United_States_of_America.regions.Kentucky:Mercer,0.3333333333333333,0.0,21.85707857328346,0.0,False
United_States_of_America.regions.Kentucky:Perry,1.3888888888888888,0.0,19.056787572774162,0.0,False
United_States_of_America.regions.Kentucky:Rowan,0.16666666666666666,0.0,24.804044330156174,0.0,False
United_States_of_America.regions.Kentucky:Whitley,3.0833333333333335,0.0,17.72721992559129,0.0,False
United_States_of_America.regions.Maine:Lincoln,2.138888888888889,0.0,19.848506447500654,0.0,False
United_States_of_America.regions.Maryland:Somerset,0.5833333333333334,0.0,26.69200308583303,0.0,False
United_States_of_America.regions.Minnesota:Nicollet,0.9722222222222222,0.0,23.13956194829261,0.0,False
United_States_of_America.regions.Minnesota:Steele,3.0555555555555554,0.0,17.9381993845168,0.0,False
United_States_of_America.regions.Minnesota:Winona,5.027777777777778,0.0,17.500355017536528,0.0,False
United_States_of_America.regions.Mississippi:Lafayette,6.361111111111111,0.0,15.889053648714704,0.0,False
United_States_of_America.regions.Mississippi:Warren,1.1111111111111112,0.0,24.658428738665346,0.0,False
United_States_of_America.regions.Missouri:Warren,4.194444444444445,0.0,14.38840829054836,0.0,False
United_States_of_America.regions.New Hampshire:Sullivan,0.3611111111111111,0.0,26.08915107025668,0.0,False
United_States_of_America.regions.North Carolina:Chowan,0.3611111111111111,0.0,21.829964949311105,0.0,False
United_States_of_America.regions.North Carolina:Greene,2.0555555555555554,0.0,13.324519413209366,0.0,False
United_States_of_America.regions.North Carolina:Polk,2.8055555555555554,0.0,9.418005402497236,0.0,False
United_States_of_America.regions.Ohio:Darke,0.5833333333333334,0.0,28.63936376894452,0.0,False
United_States_of_America.regions.Ohio:Guernsey,0.6111111111111112,0.0,25.808389124480275,0.0,False
United_States_of_America.regions.Ohio:Highland,0.5833333333333334,0.0,28.27890673802291,0.0,False
United_States_of_America.regions.Ohio:Jackson,0.8333333333333334,0.0,23.139957015119826,0.0,False
United_States_of_America.regions.Ohio:Morrow,2.9444444444444446,0.0,17.779413244766506,0.0,False
United_States_of_America.regions.Ohio:Perry,1.5277777777777777,0.0,21.985885958394086,0.0,False
United_States_of_America.regions.Ohio:Williams,0.5833333333333334,0.0,27.870423473777365,0.0,False
United_States_of_America.regions.Oklahoma:Muskogee,3.0,0.0,23.855319751366316,0.0,False
United_States_of_America.regions.Oregon:Columbia,0.5833333333333334,0.0,28.685739475662924,0.0,False
United_States_of_America.regions.Pennsylvania:Crawford,2.3055555555555554,0.0,26.000593021251476,0.0,False
United_States_of_America.regions.South Carolina:Dillon,0.5833333333333334,0.0,27.314865666859987,0.0,False
United_States_of_America.regions.Tennessee:Campbell,0.3611111111111111,0.0,27.528140341143008,0.0,False
United_States_of_America.regions.Tennessee:Cocke,0.5833333333333334,0.0,27.81834403441665,0.0,False
United_States_of_America.regions.Tennessee:Franklin,1.5277777777777777,0.0,23.224909321095495,0.0,False
United_States_of_America.regions.Tennessee:Gibson,0.5555555555555556,0.0,26.24254983999033,0.0,False
United_States_of_America.regions.Tennessee:Grainger,1.4166666666666667,0.0,17.73131920793939,0.0,False
United_States_of_America.regions.Tennessee:Macon,1.9722222222222223,0.0,16.143510320371163,0.0,False
United_States_of_America.regions.Tennessee:Union,0.5833333333333334,0.0,25.588803390769627,0.0,False
United_States_of_America.regions.Texas:Caldwell,0.3888888888888889,0.0,26.84240332706087,0.0,False
United_States_of_America.regions.Texas:Titus,1.4166666666666667,0.0,21.435507860997408,0.0,False
United_States_of_America.regions.Vermont:Franklin,2.7777777777777777,0.0,21.76801046148001,0.0,False
United_States_of_America.regions.Vermont:Grand Isle,1.25,0.0,9.482665562711231,0.0,False
United_States_of_America.regions.Vermont:Washington,0.16666666666666666,0.0,28.17038789904794,0.0,False
United_States_of_America.regions.Virginia:Clarke,0.25,0.0,18.055055742758167,0.0,False
United_States_of_America.regions.Virginia:Franklin,0.5833333333333334,0.0,28.811437200797357,0.0,False
United_States_of_America.regions.Virginia:Goochland,0.2222222222222222,0.0,22.994434197412676,0.0,False
United_States_of_America.regions.Virginia:Lancaster,0.5833333333333334,0.0,21.164520174234404,0.0,False
United_States_of_America.regions.Virginia:Louisa,3.3055555555555554,0.0,17.590336125184315,0.0,False
United_States_of_America.regions.Virginia:Middlesex,1.3888888888888888,0.0,9.528784891103733,0.0,False
United_States_of_America.regions.Virginia:Page,0.5555555555555556,0.0,21.647236144476686,0.0,False
United_States_of_America.regions.Virginia:Shenandoah,3.9444444444444446,0.0,17.922074719141612,0.0,False
United_States_of_America.regions.Virginia:Tazewell,0.3888888888888889,0.0,25.73752469059773,0.0,False
United_States_of_America.regions.Virginia:Westmoreland,3.0555555555555554,0.0,7.40570905530058,0.0,False
United_States_of_America.regions.West Virginia:Mineral,1.1388888888888888,0.0,20.46397524774906,0.0,False
United_States_of_America.regions.West Virginia:Morgan,0.5833333333333334,0.0,22.519071734790426,0.0,False
United_States_of_America.regions.Wisconsin:Pierce,0.5833333333333334,0.0,28.256850768245585,0.0,False
Brazil.regions.AC,11.11111111111111,0.0,29.15642771187681,0.0,False
Brazil.regions.AP,0.2222222222222222,0.0,30.382322679086997,0.0,False
Brazil.regions.PA:Altamira,0.25,0.0,28.995962136099227,0.0,False
Suriname,1.0277777777777777,0.0,30.267875981724323,0.0,False
Brazil.regions.MG:Ribeirão das Neves,0.027777777777777776,0.0,30.11468057183736,0.0,False
Brazil.regions.PR:Pinhais,0.0,0.0,29.397743232177973,0.0,False
Brazil.regions.SP:Praia Grande,5.138888888888889,0.0,28.527901620888493,0.0,False
United_States_of_America.regions.Idaho,14.13888888888889,0.0,29.716034224884602,0.0,False
United_States_of_America.regions.Nebraska,9.472222222222221,0.0,30.024291811113276,0.0,False
United_States_of_America.regions.Utah,0.5833333333333334,0.0,30.564621279973355,0.0,False
Brazil.regions.AL:Dois Riachos,0.0,0.0,10.294326125124048,0.0,False
Brazil.regions.AL:Igaci,0.5833333333333334,0.0,26.694287708039738,0.0,False
Brazil.regions.AL:Piaçabuçu,0.4166666666666667,0.0,19.37687563789642,0.0,False
Brazil.regions.BA:Barrocas,1.0,0.0,14.427748782595394,0.0,False
Brazil.regions.BA:Eunápolis,8.305555555555555,0.0,21.873914378535243,0.0,False
Brazil.regions.BA:Itajuípe,1.4166666666666667,0.0,15.955239294011566,0.0,False
Brazil.regions.BA:Mata de São João,0.5555555555555556,0.0,26.004247850433572,0.0,False
Brazil.regions.BA:Mutuípe,1.3333333333333333,0.0,8.823093965820295,0.0,False
Brazil.regions.BA:Paulo Afonso,2.111111111111111,0.0,27.459133198697746,0.0,False
Brazil.regions.CE:Brejo Santo,1.3333333333333333,0.0,24.70081822367601,0.0,False
Brazil.regions.CE:Cruz,2.5833333333333335,0.0,13.813009536459285,0.0,False
Brazil.regions.CE:Frecheirinha,0.3333333333333333,0.0,16.97538493086853,0.0,False
Brazil.regions.CE:Itapipoca,0.5833333333333334,0.0,29.822764765293655,0.0,False
Brazil.regions.CE:Mucambo,1.9166666666666667,0.0,19.916048156829053,0.0,False
Brazil.regions.CE:Mulungu,0.16666666666666666,0.0,17.506404845766674,0.0,False
Brazil.regions.CE:Tururu,0.5833333333333334,0.0,24.449909449361662,0.0,False
Brazil.regions.ES:Fundão,0.5833333333333334,0.0,25.94659659750714,0.0,False
Brazil.regions.ES:Jerônimo Monteiro,0.5833333333333334,0.0,22.39371346697605,0.0,False
Brazil.regions.GO:Nova Veneza,0.5833333333333334,0.0,20.44662006536342,0.0,False
Brazil.regions.GO:Santo Antônio do Descoberto,0.5833333333333334,0.0,29.257913172399256,0.0,False
Brazil.regions.MA:Axixá,1.3055555555555556,0.0,9.483945395626819,0.0,False
Brazil.regions.MA:Bela Vista do Maranhão,4.805555555555555,0.0,26.97993958251955,0.0,False
Brazil.regions.MA:Olinda Nova do Maranhão,0.5833333333333334,0.0,23.793554854736737,0.0,False
Brazil.regions.MA:Trizidela do Vale,0.16666666666666666,0.0,24.155833812442914,0.0,False
Brazil.regions.MG:Arcos,0.0,0.0,26.64656314630939,0.0,False
Brazil.regions.MG:Belo Oriente,0.5833333333333334,0.0,26.850494852448932,0.0,False
Brazil.regions.MG:Caetanópolis,0.5833333333333334,0.0,21.992922633276926,0.0,False
Brazil.regions.MG:Caratinga,2.9722222222222223,0.0,25.647457144945136,0.0,False
Brazil.regions.MG:Esmeraldas,0.5833333333333334,0.0,29.17841894212083,0.0,False
Brazil.regions.MG:Espera Feliz,2.138888888888889,0.0,15.677684783915604,0.0,False
Brazil.regions.MG:Perdões,0.5833333333333334,0.0,25.920731390577114,0.0,False
Brazil.regions.MG:Piraúba,0.2857142857142857,0.0,15.574302401038286,0.0,False
Brazil.regions.MG:São João do Manhuaçu,0.5833333333333334,0.0,21.944545793833196,0.0,False
Brazil.regions.PA:Santa Bárbara do Pará,0.8333333333333334,0.0,19.131006208604564,0.0,False
Brazil.regions.PB:Araçagi,0.5833333333333334,0.0,22.092578704924207,0.0,False
Brazil.regions.PB:Maturéia,0.5833333333333334,0.0,15.372796002499419,0.0,False
Brazil.regions.PB:São Miguel de Taipu,1.2777777777777777,0.0,16.862971879966636,0.0,False
Brazil.regions.PE:Cedro,0.5833333333333334,0.0,22.126261243807576,0.0,False
Brazil.regions.PE:Triunfo,0.3888888888888889,0.0,17.666599737731474,0.0,False
Brazil.regions.PR:Campina Grande do Sul,0.6388888888888888,0.0,28.15736477640972,0.0,False
Brazil.regions.PR:Cornélio Procópio,0.5833333333333334,0.0,28.505730646247812,0.0,False
Brazil.regions.PR:Jataizinho,0.3888888888888889,0.0,14.928334476972935,0.0,False
Brazil.regions.PR:Mandaguaçu,0.16666666666666666,0.0,24.38753647605158,0.0,False
Brazil.regions.PR:Marialva,0.5833333333333334,0.0,27.778594362949246,0.0,False
Brazil.regions.PR:Paranavaí,0.1388888888888889,0.0,28.647024847953517,0.0,False
Brazil.regions.PR:União da Vitória,0.3611111111111111,0.0,28.470837593433487,0.0,False
Brazil.regions.RJ:Comendador Levy Gasparian,1.0,0.0,4.03808530652713,0.0,False
Brazil.regions.RJ:Paraíba do Sul,1.25,0.0,24.19786054935851,0.0,False
Brazil.regions.RJ:São João da Barra,0.5833333333333334,0.0,27.825883560721806,0.0,False
Brazil.regions.RN:Alto do Rodrigues,0.5833333333333334,0.0,23.713027052674597,0.0,False
Brazil.regions.RN:Pedro Velho,0.5833333333333334,0.0,23.84179456341741,0.0,False
Brazil.regions.RN:Santo Antônio,0.5833333333333334,0.0,26.452624606563877,0.0,False
Brazil.regions.RN:Várzea,0.0,0.0,1.1418533157663617,0.0,False
Brazil.regions.RS:Ametista do Sul,0.5833333333333334,0.0,17.098715080605494,0.0,False
Brazil.regions.RS:Cruzeiro do Sul,0.5833333333333334,0.0,22.49733571827627,0.0,False
Brazil.regions.RS:Eldorado do Sul,0.5833333333333334,0.0,28.17362596943558,0.0,False
Brazil.regions.RS:Rio Grande,0.3333333333333333,0.0,29.687461901617137,0.0,False
Brazil.regions.RS:Salvador do Sul,0.5833333333333334,0.0,17.77365651775414,0.0,False
Brazil.regions.RS:Santa Clara do Sul,1.0833333333333333,0.0,11.182883493888372,0.0,False
Brazil.regions.RS:Taquari,0.5833333333333334,0.0,26.87308220905059,0.0,False
Brazil.regions.RS:Terra de Areia,1.8611111111111112,0.0,4.402231163894957,0.0,False
Brazil.regions.SC:Balneário Gaivota,0.0,1.0,16.174341910826982,9.108297659167501,False
Brazil.regions.SC:Canelinha,0.5833333333333334,0.0,22.425878563985986,0.0,False
Brazil.regions.SC:Caçador,0.6388888888888888,0.0,27.7683786066054,0.0,False
Brazil.regions.SC:Ibirama,0.0,0.0,14.046626642703275,0.0,False
Brazil.regions.SC:Ituporanga,0.5833333333333334,0.0,26.609526032380973,0.0,False
Brazil.regions.SC:Nova Erechim,2.361111111111111,0.0,47.99443274975383,0.0,False
Brazil.regions.SE:Capela,0.5833333333333334,0.0,27.67294762709676,0.0,False
Brazil.regions.SE:Cristinápolis,0.5833333333333334,0.0,25.001094618853713,0.0,False
Brazil.regions.SE:Salgado,0.3611111111111111,0.0,24.48409092116941,0.0,False
Brazil.regions.SP:Bariri,0.5833333333333334,0.0,27.760060028465304,0.0,False
Brazil.regions.SP:Barretos,2.75,0.0,27.046751521816812,0.0,False
Brazil.regions.SP:Batatais,0.5833333333333334,0.0,28.996017978297814,0.0,False
Brazil.regions.SP:Garça,0.7222222222222222,0.0,28.030170291940962,0.0,False
Brazil.regions.SP:Ibiúna,0.5833333333333334,0.0,29.328032581267898,0.0,False
Brazil.regions.SP:Macatuba,0.5833333333333334,0.0,24.769325993648287,0.0,False
Brazil.regions.SP:Piedade,1.7222222222222223,0.0,24.62350064478573,0.0,False
Brazil.regions.SP:Piquete,0.0,0.0,12.001419172769427,0.0,False
Brazil.regions.SP:Regente Feijó,0.5833333333333334,0.0,25.660222661100345,0.0,False
Brazil.regions.SP:Vargem,0.5833333333333334,0.0,21.105445927295232,0.0,False
United_States_of_America.regions.Alabama:Calhoun,0.0,0.0,29.202095205007666,0.0,False
United_States_of_America.regions.Alabama:Morgan,14.0,0.0,17.574871073196487,0.0,False
United_States_of_America.regions.Arkansas:Faulkner,9.25,0.0,21.99840724028994,0.0,False
United_States_of_America.regions.Connecticut:Litchfield,3.2222222222222223,0.0,27.9309900409417,0.0,False
United_States_of_America.regions.Georgia:Floyd,1.3333333333333333,0.0,27.634670169455692,0.0,False
United_States_of_America.regions.Georgia:Glynn,2.888888888888889,0.0,25.352388003760577,0.0,False
United_States_of_America.regions.Illinois:Champaign,9.555555555555555,0.0,25.283713433472276,0.0,False
United_States_of_America.regions.Illinois:Tazewell,2.388888888888889,0.0,27.58205614114746,0.0,False
United_States_of_America.regions.Indiana:Bartholomew,1.25,0.0,27.213899678048367,0.0,False
United_States_of_America.regions.Kentucky:Madison,2.7222222222222223,0.0,25.965536331875526,0.0,False
United_States_of_America.regions.Kentucky:Scott,0.5833333333333334,0.0,28.841550345762105,0.0,False
United_States_of_America.regions.Louisiana:St. Charles,2.3055555555555554,0.0,23.27210531582922,0.0,False
United_States_of_America.regions.Louisiana:St. John the Baptist,2.638888888888889,0.0,20.73932880498923,0.0,False
United_States_of_America.regions.Maine:York,7.638888888888889,0.0,26.1543867895801,0.0,False
United_States_of_America.regions.Michigan:Calhoun,5.444444444444445,0.0,25.357418629580767,0.0,False
United_States_of_America.regions.Michigan:Eaton,1.2222222222222223,0.0,28.051507009098078,0.0,False
United_States_of_America.regions.Michigan:Grand Traverse,2.3055555555555554,0.0,26.418165291900475,0.0,False
United_States_of_America.regions.Minnesota:Wright,0.16666666666666666,0.0,29.572039985934484,0.0,False
United_States_of_America.regions.Mississippi:Jackson,4.111111111111111,0.0,26.630792040966625,0.0,False
United_States_of_America.regions.Mississippi:Lee,10.36111111111111,0.0,16.615237751018007,0.0,False
United_States_of_America.regions.Missouri:Cole,2.0555555555555554,0.0,25.85428100190427,0.0,False
United_States_of_America.regions.Missouri:Jasper,0.1388888888888889,0.0,29.176336890531687,0.0,False
United_States_of_America.regions.New York:Chemung,11.833333333333334,0.0,14.519477570562024,0.0,False
United_States_of_America.regions.New York:Oneida,7.916666666666667,0.0,26.441372982530556,0.0,False
United_States_of_America.regions.North Carolina:Cleveland,3.0833333333333335,0.0,25.83133173323698,0.0,False
United_States_of_America.regions.Ohio:Wayne,5.166666666666667,0.0,24.762263813790682,0.0,False
United_States_of_America.regions.Ohio:Wood,6.0,0.0,24.79891117087918,0.0,False
United_States_of_America.regions.Pennsylvania:Adams,3.7222222222222223,0.0,25.445238443511705,0.0,False
United_States_of_America.regions.Pennsylvania:Cambria,0.3611111111111111,0.0,29.65702877672357,0.0,False
United_States_of_America.regions.Pennsylvania:Franklin,2.0277777777777777,0.0,28.266469857149293,0.0,False
United_States_of_America.regions.Pennsylvania:Northumberland,3.1666666666666665,0.0,25.367011865935712,0.0,False
United_States_of_America.regions.South Carolina:Berkeley,4.277777777777778,0.0,28.024101448787835,0.0,False
United_States_of_America.regions.Tennessee:Jefferson,0.5833333333333334,0.0,28.76078246774402,0.0,False
United_States_of_America.regions.Tennessee:Putnam,9.666666666666666,0.0,16.576248122572288,0.0,False
United_States_of_America.regions.Texas:Ellis,2.3055555555555554,0.0,28.49173212885452,0.0,False
United_States_of_America.regions.Texas:Wichita,3.3055555555555554,0.0,26.89855169888314,0.0,False
United_States_of_America.regions.West Virginia:Kanawha,7.166666666666667,0.0,25.68350492488343,0.0,False
United_States_of_America.regions.Wisconsin:Walworth,2.388888888888889,0.0,26.77151484291316,0.0,False
United_Republic_of_Tanzania,5.5,0.0,30.583235894298454,0.0,False
United_States_of_America.regions.New Jersey:Hudson,6.111111111111111,0.0,29.451472419988477,0.0,False
Finland,0.5833333333333334,0.0,30.57769086056489,0.0,False
Oman,4.25,0.0,30.475027328808842,0.0,False
Brazil.regions.RS:São Leopoldo,0.3888888888888889,0.0,29.903817135984827,0.0,False
Brazil.regions.AL:Campo Grande,0.5833333333333334,0.0,20.13337336353794,0.0,False
Brazil.regions.AL:Jaramataia,0.5833333333333334,0.0,13.264790674179569,0.0,False
Brazil.regions.AL:Poço das Trincheiras,0.5833333333333334,0.0,23.644610646466315,0.0,False
Brazil.regions.AL:Roteiro,1.9,0.0,24.193735465200568,0.0,False
Brazil.regions.BA:Camacan,0.5833333333333334,0.0,27.469640889890872,0.0,False
Brazil.regions.BA:Itamari,0.0,0.0,6.878120781965377,0.0,False
Brazil.regions.BA:Jequié,0.5833333333333334,0.0,29.95464782231017,0.0,False
Brazil.regions.BA:Laje,0.5833333333333334,0.0,26.401182332025638,0.0,False
Brazil.regions.BA:Ouriçangas,0.5833333333333334,0.0,18.919026656166963,0.0,False
Brazil.regions.BA:Rio Real,0.5833333333333334,0.0,28.140741025386788,0.0,False
Brazil.regions.CE:Camocim,0.5833333333333334,0.0,29.024992764993296,0.0,False
Brazil.regions.CE:Chaval,0.5833333333333334,0.0,22.944118354099498,0.0,False
Brazil.regions.CE:Graça,0.5833333333333334,0.0,23.65088647348587,0.0,False
Brazil.regions.CE:Missão Velha,0.3611111111111111,0.0,27.142525203428917,0.0,False
Brazil.regions.CE:Morrinhos,9.0,0.0,19.113361280366885,0.0,False
Brazil.regions.CE:Nova Olinda,3.1944444444444446,0.0,4.858506369235103,0.0,False
Brazil.regions.ES:Atilio Vivacqua,0.4642857142857143,0.0,19.917360035672196,0.0,False
Brazil.regions.ES:Castelo,0.16666666666666666,0.0,26.821457509228132,0.0,False
Brazil.regions.ES:Rio Novo do Sul,0.8333333333333334,0.0,9.801916571686048,0.0,False
Brazil.regions.ES:Santa Maria de Jetibá,0.9722222222222222,0.0,24.275030746603893,0.0,False
Brazil.regions.ES:Sooretama,0.4166666666666667,0.0,23.944665881595654,0.0,False
Brazil.regions.ES:Vargem Alta,1.8611111111111112,0.0,14.501782532401371,0.0,False
Brazil.regions.GO:Caldas Novas,0.5833333333333334,0.0,29.49886491465124,0.0,False
Brazil.regions.GO:São Simão,0.2857142857142857,0.0,20.000932654801893,0.0,False
Brazil.regions.MA:Apicum-Açu,1.6388888888888888,0.0,11.904344892992981,0.0,False
Brazil.regions.MA:Coelho Neto,9.055555555555555,0.0,10.778262427698154,0.0,False
Brazil.regions.MA:Matinha,1.8333333333333333,0.0,15.975930163573187,0.0,False
Brazil.regions.MA:Pinheiro,29.52777777777778,0.0,12.046174630687595,0.0,False
Brazil.regions.MA:Santa Rita,2.5,0.0,19.809039110377743,0.0,False
Brazil.regions.MA:São Mateus do Maranhão,5.138888888888889,0.0,18.63645407130473,0.0,False
Brazil.regions.MA:São Vicente Ferrer,0.5833333333333334,0.0,26.100825116227288,0.0,False
Brazil.regions.MG:Alto Jequitibá,0.0,0.0,11.558500070766721,0.0,False
Brazil.regions.MG:Cambuquira,0.5833333333333334,0.0,22.791848790586585,0.0,False
Brazil.regions.MG:Carandaí,0.5833333333333334,0.0,26.67439835803225,0.0,False
Brazil.regions.MG:Elói Mendes,1.6666666666666667,0.0,19.020090167039132,0.0,False
Brazil.regions.MG:Ervália,0.0,0.0,14.031266099331035,0.0,False
Brazil.regions.MG:Itapeva,0.5833333333333334,0.0,20.37399985482062,0.0,False
Brazil.regions.MG:Leopoldina,0.5833333333333334,0.0,28.69420254027625,0.0,False
Brazil.regions.MG:Mariana,0.25,0.0,27.576688421336907,0.0,False
Brazil.regions.MG:Muzambinho,0.5833333333333334,0.0,25.73412814446705,0.0,False
Brazil.regions.MG:Naque,0.0,0.0,5.029789279174022,0.0,False
Brazil.regions.MG:Paraguaçu,1.4642857142857142,0.0,14.682344798210027,0.0,False
Brazil.regions.MG:Pirapetinga,0.5833333333333334,0.0,21.29521796641362,0.0,False
Brazil.regions.MG:Vargem Alegre,0.3611111111111111,0.0,11.734359157869626,0.0,False
Brazil.regions.PA:Santa Maria do Pará,0.3611111111111111,0.0,25.679590115243652,0.0,False
Brazil.regions.PA:Terra Alta,0.2222222222222222,0.0,15.190049078608212,0.0,False
Brazil.regions.PA:Tucuruí,0.5833333333333334,0.0,29.715988465596848,0.0,False
Brazil.regions.PB:Aroeiras,2.888888888888889,0.0,10.636780033786746,0.0,False
Brazil.regions.PB:Bom Jesus,0.5833333333333334,0.0,8.451433964565723,0.0,False
Brazil.regions.PB:Cachoeira dos Índios,0.0,0.0,9.561859705315896,0.0,False
Brazil.regions.PB:Caiçara,0.4166666666666667,0.0,14.39435970268041,0.0,False
Brazil.regions.PB:Catolé do Rocha,3.666666666666667,0.0,4.36500141862546,0.0,False
Brazil.regions.PB:Itaporanga,0.1388888888888889,0.0,23.62099454979388,0.0,False
Brazil.regions.PB:Jacaraú,3.333333333333333,0.0,12.36749153221241,0.0,False
Brazil.regions.PB:Mulungu,1.4166666666666667,0.0,9.443268670653564,0.0,False
Brazil.regions.PB:Natuba,0.5833333333333334,0.0,21.030096732345093,0.0,False
Brazil.regions.PB:Rio Tinto,4.5,0.0,6.640225215480111,0.0,False
Brazil.regions.PB:Uiraúna,0.5833333333333334,0.0,24.03499441432384,0.0,False
Brazil.regions.PE:Altinho,0.5833333333333334,0.0,26.242687660368162,0.0,False
Brazil.regions.PE:Correntes,0.16666666666666666,0.0,22.81492307067755,0.0,False
Brazil.regions.PE:Jatobá,0.5833333333333334,0.0,23.837229803589693,0.0,False
Brazil.regions.PE:Poção,0.5833333333333334,0.0,21.747821698580704,0.0,False
Brazil.regions.PR:Goioerê,0.5833333333333334,0.0,27.133688845001863,0.0,False
Brazil.regions.PR:Guarapuava,0.5833333333333334,0.0,30.044861159374868,0.0,False
Brazil.regions.PR:Japurá,0.5833333333333334,0.0,19.985733628912037,0.0,False
Brazil.regions.PR:Piên,0.0,0.0,11.478072878409897,0.0,False
Brazil.regions.PR:Rio Negro,0.5833333333333334,0.0,27.669269452679767,0.0,False
Brazil.regions.PR:Terra Boa,0.5833333333333334,0.0,24.74580735450301,0.0,False
Brazil.regions.RJ:Carapebus,0.5833333333333334,0.0,24.4612202347524,0.0,False
Brazil.regions.RJ:Italva,0.5833333333333334,0.0,24.019894219830746,0.0,False
Brazil.regions.RJ:Quatis,0.4166666666666667,0.0,16.611755030826856,0.0,False
Brazil.regions.RJ:Varre-Sai,0.0,0.0,10.232762406675452,0.0,False
Brazil.regions.RN:Caicó,0.6666666666666666,0.0,29.00155058775978,0.0,False
Brazil.regions.RN:Campo Redondo,0.3888888888888889,0.0,19.94729359637438,0.0,False
Brazil.regions.RN:Currais Novos,0.5833333333333334,0.0,28.362972584672303,0.0,False
Brazil.regions.RN:Martins,1.0,0.0,3.5989646055673212,0.0,False
Brazil.regions.RN:Paraná,0.0,0.0,4.183615761465763,0.0,False
Brazil.regions.RS:Fazenda Vilanova,0.5833333333333334,0.0,10.816012686354815,0.0,False
Brazil.regions.RS:Getúlio Vargas,0.5833333333333334,0.0,24.427542787533778,0.0,False
Brazil.regions.RS:Roca Sales,0.16666666666666666,0.0,18.161277378416813,0.0,False
Brazil.regions.SC:Catanduvas,0.9722222222222222,0.0,7.066160727245662,0.0,False
Brazil.regions.SC:Cordilheira Alta,0.2857142857142857,0.0,6.863805807361203,0.0,False
Brazil.regions.SC:Cunha Porã,0.5833333333333334,0.0,21.575427131984956,0.0,False
Brazil.regions.SC:Ilhota,0.5833333333333334,0.0,23.5456157989815,0.0,False
Brazil.regions.SC:Imbuia,0.0,0.0,3.1868310909361632,0.0,False
Brazil.regions.SC:Lauro Muller,0.0,0.0,12.763713481315847,0.0,False
Brazil.regions.SC:Nova Veneza,0.4166666666666667,0.0,17.408420352075787,0.0,False
Brazil.regions.SC:Santa Rosa do Sul,0.5833333333333334,0.0,18.63122837560242,0.0,False
Brazil.regions.SC:Seara,0.6111111111111112,0.0,18.085440680454102,0.0,False
Brazil.regions.SC:Siderópolis,0.4166666666666667,0.0,16.31723820629368,0.0,False
Brazil.regions.SC:Turvo,0.5833333333333334,0.0,22.8432742480006,0.0,False
Brazil.regions.SE:Arauá,0.5833333333333334,0.0,20.651501350889127,0.0,False
Brazil.regions.SE:Divina Pastora,0.3888888888888889,0.0,7.78920474454179,0.0,False
Brazil.regions.SE:Indiaroba,0.5833333333333334,0.0,25.026954263705825,0.0,False
Brazil.regions.SE:Macambira,0.5833333333333334,0.0,16.142857575082637,0.0,False
Brazil.regions.SE:Nossa Senhora das Dores,0.8333333333333334,0.0,21.520494316579658,0.0,False
Brazil.regions.SE:Poço Verde,1.4166666666666667,0.0,17.952522577401645,0.0,False
Brazil.regions.SE:Santo Amaro das Brotas,4.138888888888889,0.0,16.68746412338919,0.0,False
Brazil.regions.SE:Siriri,1.3333333333333333,0.0,12.300108301359899,0.0,False
Brazil.regions.SP:Bilac,0.5833333333333334,0.0,18.148713378768253,0.0,False
Brazil.regions.SP:Buritama,1.3611111111111112,0.0,13.421032263978965,0.0,False
Brazil.regions.SP:Catiguá,0.5833333333333334,0.0,17.781871636082414,0.0,False
Brazil.regions.SP:Cândido Mota,0.4166666666666667,0.0,24.20195131192574,0.0,False
Brazil.regions.SP:Ilha Comprida,6.722222222222222,0.0,44.36273216109521,0.0,False
Brazil.regions.SP:Itapeva,0.5833333333333334,0.0,29.535974723893307,0.0,False
Brazil.regions.SP:Itararé,0.5833333333333334,0.0,28.615732813244975,0.0,False
Brazil.regions.SP:Itobi,0.5833333333333334,0.0,17.842337882483605,0.0,False
Brazil.regions.SP:Monte Aprazível,0.16666666666666666,0.0,24.948798150231077,0.0,False
Brazil.regions.SP:Pariquera-Açu,0.3055555555555556,0.0,22.678694131037997,0.0,False
Brazil.regions.SP:Pirangi,1.9333333333333336,0.0,6.609800313316427,0.0,False
Brazil.regions.SP:Potirendaba,0.4285714285714286,0.0,17.39244919987364,0.0,False
Brazil.regions.SP:Promissão,0.5833333333333334,0.0,28.122524720140046,0.0,False
Brazil.regions.SP:Santa Lúcia,0.3611111111111111,0.0,8.542456683646384,0.0,False
Brazil.regions.SP:Santo Antônio do Jardim,2.3333333333333335,0.0,36.02904068064501,0.0,False
Brazil.regions.SP:Santo Antônio do Pinhal,0.3333333333333333,0.0,9.148788629551847,0.0,False
Brazil.regions.SP:Serra Azul,0.3611111111111111,0.0,22.259827512091576,0.0,False
Brazil.regions.SP:Taquarituba,0.5833333333333334,0.0,26.288810017326497,0.0,False
Brazil.regions.SP:Tuiuti,0.5833333333333334,0.0,16.090446218724118,0.0,False
Brazil.regions.SP:Águas da Prata,0.5833333333333334,0.0,18.370874329203232,0.0,False
Sweden.regions.Blekinge,7.527777777777778,0.0,24.890099976438975,0.0,False
United_States_of_America.regions.Alabama:Elmore,1.9444444444444444,0.0,26.251740776849633,0.0,False
United_States_of_America.regions.Alabama:St. Clair,0.8055555555555556,0.0,27.927021434814417,0.0,False
United_States_of_America.regions.Arkansas:Garland,3.5555555555555554,0.0,25.425176606910714,0.0,False
United_States_of_America.regions.Florida:Nassau,0.5833333333333334,0.0,29.467463416074445,0.0,False
United_States_of_America.regions.Georgia:Butts,2.0833333333333335,0.0,15.891503505011476,0.0,False
United_States_of_America.regions.Georgia:Effingham,0.8333333333333334,0.0,26.837155330509436,0.0,False
United_States_of_America.regions.Georgia:Polk,0.5833333333333334,0.0,28.24911149376331,0.0,False
United_States_of_America.regions.Georgia:Stephens,1.3611111111111112,0.0,19.238264720634433,0.0,False
United_States_of_America.regions.Hawaii:Maui,4.027777777777778,0.0,27.244235341381987,0.0,False
United_States_of_America.regions.Idaho:Kootenai,5.555555555555555,0.0,26.287413602289817,0.0,False
United_States_of_America.regions.Kentucky:Clark,0.25,0.0,25.540155003771652,0.0,False
United_States_of_America.regions.Kentucky:Laurel,0.16666666666666666,0.0,28.266267438526803,0.0,False
United_States_of_America.regions.Kentucky:Montgomery,0.0,0.0,24.97258156288037,0.0,False
United_States_of_America.regions.Kentucky:Shelby,2.9444444444444446,0.0,21.359974069028727,0.0,False
United_States_of_America.regions.Kentucky:Woodford,4.222222222222222,0.0,9.74638474245445,0.0,False
United_States_of_America.regions.Maine:Kennebec,2.3055555555555554,0.0,27.416070527456238,0.0,False
United_States_of_America.regions.Maine:Sagadahoc,2.3055555555555554,0.0,19.749960658522443,0.0,False
United_States_of_America.regions.Maryland:Queen Anne's,1.0,0.0,26.12984389068023,0.0,False
United_States_of_America.regions.Maryland:Talbot,0.5833333333333334,0.0,27.90626746878362,0.0,False
United_States_of_America.regions.Massachusetts:Berkshire,6.194444444444445,0.0,24.37080217734647,0.0,False
United_States_of_America.regions.Michigan:Allegan,0.3611111111111111,0.0,29.560742175111905,0.0,False
United_States_of_America.regions.Michigan:Clinton,2.7222222222222223,0.0,25.186484031124152,0.0,False
United_States_of_America.regions.Michigan:Lapeer,3.361111111111111,0.0,24.951921227333013,0.0,False
United_States_of_America.regions.Michigan:Lenawee,13.583333333333334,0.0,15.190518523229166,0.0,False
United_States_of_America.regions.Minnesota:Chisago,0.25,0.0,27.355506141228602,0.0,False
United_States_of_America.regions.Minnesota:Rice,0.0,0.0,28.23164111268939,0.0,False
United_States_of_America.regions.Missouri:Cape Girardeau,7.472222222222222,0.0,19.114336418927902,0.0,False
United_States_of_America.regions.North Carolina:Alexander,0.3888888888888889,0.0,25.336133170846907,0.0,False
United_States_of_America.regions.North Carolina:Carteret,2.5833333333333335,0.0,24.59827939041321,0.0,False
United_States_of_America.regions.North Carolina:Craven,0.16666666666666666,0.0,29.208814441385396,0.0,False
United_States_of_America.regions.North Carolina:Franklin,3.138888888888889,0.0,23.81928709096617,0.0,False
United_States_of_America.regions.North Carolina:Hoke,0.16666666666666666,0.0,28.03096787976927,0.0,False
United_States_of_America.regions.North Carolina:Lenoir,1.3611111111111112,0.0,25.333083853770784,0.0,False
United_States_of_America.regions.North Carolina:Moore,0.3888888888888889,0.0,28.640795141243373,0.0,False
United_States_of_America.regions.North Carolina:Robeson,0.25,0.0,29.192304432579036,0.0,False
United_States_of_America.regions.North Carolina:Surry,0.3333333333333333,0.0,27.92572882984262,0.0,False
United_States_of_America.regions.Ohio:Ashtabula,1.6111111111111112,0.0,27.310733408492315,0.0,False
United_States_of_America.regions.Ohio:Hancock,0.5555555555555556,0.0,27.77342706396429,0.0,False
United_States_of_America.regions.Ohio:Lawrence,0.5833333333333334,0.0,28.914095161355974,0.0,False
United_States_of_America.regions.Ohio:Muskingum,0.6111111111111112,0.0,28.05049690868511,0.0,False
United_States_of_America.regions.Ohio:Sandusky,0.4166666666666667,0.0,27.17806140164478,0.0,False
United_States_of_America.regions.Ohio:Union,0.7222222222222222,0.0,26.68729697145204,0.0,False
United_States_of_America.regions.Oklahoma:Rogers,7.194444444444445,0.0,21.102115697746097,0.0,False
United_States_of_America.regions.Oregon:Benton,1.1666666666666667,0.0,27.640508163295785,0.0,False
United_States_of_America.regions.Pennsylvania:Centre,5.416666666666667,0.0,26.28507021716397,0.0,False
United_States_of_America.regions.Pennsylvania:Columbia,1.7222222222222223,0.0,25.507524990181608,0.0,False
United_States_of_America.regions.Pennsylvania:Montour,2.0277777777777777,0.0,11.514467873233087,0.0,False
United_States_of_America.regions.Pennsylvania:Union,3.4166666666666665,0.0,19.46565715972111,0.0,False
United_States_of_America.regions.South Carolina:Cherokee,2.0,0.0,24.342177369721192,0.0,False
United_States_of_America.regions.Tennessee:Cheatham,2.638888888888889,0.0,20.213384645180113,0.0,False
United_States_of_America.regions.Tennessee:Coffee,1.5,0.0,25.140517144117254,0.0,False
United_States_of_America.regions.Tennessee:Roane,0.5833333333333334,0.0,28.72252258220171,0.0,False
United_States_of_America.regions.Tennessee:Tipton,5.138888888888889,0.0,19.682937634739506,0.0,False
United_States_of_America.regions.Texas:Grayson,2.4444444444444446,0.0,27.638821325836073,0.0,False
United_States_of_America.regions.Texas:Potter,0.4166666666666667,0.0,28.892453327150772,0.0,False
United_States_of_America.regions.Virginia:Culpeper,0.4166666666666667,0.0,26.793893234924223,0.0,False
United_States_of_America.regions.Virginia:Henry,1.0555555555555556,0.0,25.376182117045428,0.0,False
United_States_of_America.regions.Virginia:Prince George,4.388888888888889,0.0,15.024092029575415,0.0,False
United_States_of_America.regions.West Virginia:Mercer,0.25,0.0,27.475670699091154,0.0,False
United_States_of_America.regions.Wisconsin:Fond du Lac,7.916666666666667,0.0,21.408458872429517,0.0,False
United_States_of_America.regions.Wisconsin:Manitowoc,1.5,0.0,26.69192070715717,0.0,False
Kenya,3.7222222222222223,0.0,30.585489708073144,0.0,False
Costa_Rica,15.63888888888889,0.0,30.251330246869752,0.0,False
Denmark,4.166666666666667,0.0,30.49663159936756,0.0,False
Slovakia,12.972222222222221,0.0,30.328592235879356,0.0,False
Spain,0.5833333333333334,0.0,30.593672965291326,0.0,False
Uzbekistan,28.25,0.0,30.505286816319565,0.0,False
Brazil.regions.ES:Serra,5.083333333333333,0.0,29.307593331140865,0.0,False
United_States_of_America.regions.Indiana:Marion,0.16666666666666666,0.0,30.448944750954198,0.0,False
United_States_of_America.regions.Ohio:Franklin,9.333333333333334,0.0,29.76675553044725,0.0,False
United_States_of_America.regions.Texas:Tarrant,2.3333333333333335,0.0,30.409528366271477,0.0,False
Brazil.regions.ES:Cariacica,0.5833333333333334,0.0,30.333542199879773,0.0,False
Brazil.regions.PA:Belém,1.7777777777777777,0.0,30.37065009151159,0.0,False
Brazil.regions.SP:Rio Grande da Serra,3.0555555555555554,0.0,21.47240351861638,0.0,False
United_States_of_America.regions.Florida:Pinellas,1.25,0.0,30.305213721707567,0.0,False
United_States_of_America.regions.Minnesota:Ramsey,0.2222222222222222,0.0,30.26772186226396,0.0,False
Brazil.regions.GO:Aparecida de Goiânia,0.19444444444444445,0.0,30.28833441718214,0.0,False
Brazil.regions.GO:Goiânia,3.2222222222222223,0.0,30.27884767782611,0.0,False
Brazil.regions.RN:Parnamirim,2.0277777777777777,0.0,29.214727450132198,0.0,False
United_States_of_America.regions.New Jersey:Union,1.8888888888888888,0.0,30.031610873764066,0.0,False
Brazil.regions.AC:Feijó,0.5833333333333334,0.0,27.720597563335772,0.0,False
Brazil.regions.AC:Sena Madureira,3.5,0.0,19.50845206916308,0.0,False
Brazil.regions.AM:Boca do Acre,0.5833333333333334,0.0,27.681041139684325,0.0,False
Brazil.regions.AM:Canutama,0.3611111111111111,0.0,22.77559295866957,0.0,False
Brazil.regions.AM:Humaitá,0.4166666666666667,0.0,26.964731142054248,0.0,False
Brazil.regions.AM:Itamarati,0.5357142857142857,0.0,9.411046792050598,0.0,False
Brazil.regions.AP:Laranjal do Jari,5.027777777777778,0.0,17.481131373302528,0.0,False
Brazil.regions.AP:Oiapoque,0.5833333333333334,0.0,26.928779834505193,0.0,False
Brazil.regions.PA:Alenquer,0.3611111111111111,0.0,28.44359671500874,0.0,False
Brazil.regions.PA:Óbidos,0.5833333333333334,0.0,28.67778953609679,0.0,False
Brazil.regions.RR:Amajari,5.555555555555555,0.0,25.39940101383668,0.0,False
Brazil.regions.RR:Rorainópolis,3.75,0.0,12.914106035681707,0.0,False
Sweden.regions.Dalarna,3.9444444444444446,0.0,28.671039176848595,0.0,False
United_States_of_America.regions.Arizona:Apache,6.944444444444445,0.0,18.733059469093863,0.0,False
United_States_of_America.regions.Arizona:Mohave,5.055555555555555,0.0,27.466933196926234,0.0,False
United_States_of_America.regions.Arizona:Navajo,14.666666666666666,0.0,15.946143160154163,0.0,False
United_States_of_America.regions.California:Inyo,5.527777777777778,0.0,10.505686418021286,0.0,False
United_States_of_America.regions.Idaho:Idaho,0.3611111111111111,0.0,23.262626534908918,0.0,False
United_States_of_America.regions.Nevada:Humboldt,3.75,0.0,11.2627655567314,0.0,False
United_States_of_America.regions.Nevada:Lincoln,0.0,0.0,0.047224870853958066,0.0,False
United_States_of_America.regions.Nevada:White Pine,0.8611111111111112,0.0,8.41068292885182,0.0,False
United_States_of_America.regions.Oregon:Harney,0.5833333333333334,0.0,17.069504534144997,0.0,False
United_States_of_America.regions.Oregon:Malheur,0.25,0.0,24.598844399650222,0.0,False
United_States_of_America.regions.Wyoming:Fremont,5.472222222222222,0.0,13.15130366861092,0.0,False
United_States_of_America.regions.Wyoming:Sweetwater,0.16666666666666666,0.0,27.250120488672316,0.0,False
United_States_of_America.regions.Illinois:Cook,0.16666666666666666,0.0,30.56830635837846,0.0,False
Brazil.regions.AL:Colônia Leopoldina,0.5833333333333334,0.0,25.987093506840875,0.0,False
Brazil.regions.AL:Junqueiro,4.055555555555555,0.0,11.085432960130747,0.0,False
Brazil.regions.AL:Penedo,0.3888888888888889,0.0,28.02230239489108,0.0,False
Brazil.regions.AL:São José da Laje,0.2222222222222222,0.0,23.04971233287616,0.0,False
Brazil.regions.BA:Ibicaraí,0.3888888888888889,0.0,21.50262208356173,0.0,False
Brazil.regions.BA:Ilhéus,2.2222222222222223,0.0,28.251437003657763,0.0,False
Brazil.regions.BA:Maragogipe,3.4166666666666665,0.0,19.404372418422057,0.0,False
Brazil.regions.BA:Nazaré,0.5833333333333334,0.0,27.09011644727836,0.0,False
Brazil.regions.BA:Senhor do Bonfim,0.5833333333333334,0.0,29.33023072017044,0.0,False
Brazil.regions.BA:São Felipe,0.3611111111111111,0.0,24.796144312878305,0.0,False
Brazil.regions.CE:Aratuba,0.4166666666666667,0.0,13.713902172179996,0.0,False
Brazil.regions.CE:Guaiúba,0.5833333333333334,0.0,26.759103566694247,0.0,False
Brazil.regions.CE:Jijoca de Jericoacoara,14.222222222222221,0.0,49.165771149324186,0.0,False
Brazil.regions.CE:Meruoca,0.0,0.0,20.080216914853995,0.0,False
Brazil.regions.CE:Sobral,1.0,0.0,29.359384012016776,0.0,False
Brazil.regions.GO:Ceres,1.3333333333333333,0.0,17.45234663397726,0.0,False
Brazil.regions.MA:São Bento,3.361111111111111,0.0,19.659438330154288,0.0,False
Brazil.regions.MA:Timon,0.4166666666666667,0.0,29.413130051239037,0.0,False
Brazil.regions.MG:Alfenas,0.5833333333333334,0.0,29.345750701383697,0.0,False
Brazil.regions.MG:Bela Vista de Minas,0.0,0.0,15.156190256353486,0.0,False
Brazil.regions.MG:Bicas,0.5833333333333334,0.0,23.69640655348085,0.0,False
Brazil.regions.MG:Campo Belo,0.5833333333333334,0.0,28.744955331884896,0.0,False
Brazil.regions.MG:Carangola,0.5833333333333334,0.0,27.565510174205826,0.0,False
Brazil.regions.MG:Itabira,0.5833333333333334,0.0,29.762896329612975,0.0,False
Brazil.regions.MG:Lambari,6.75,0.0,11.86121010152494,0.0,False
Brazil.regions.MG:Mateus Leme,0.0,0.0,16.10678929981062,0.0,False
Brazil.regions.MG:Matias Barbosa,0.5833333333333334,0.0,23.684007840947896,0.0,False
Brazil.regions.MG:Pirapora,0.0,0.0,27.78987761697548,0.0,False
Brazil.regions.MG:Três Corações,2.3055555555555554,0.0,25.703021265593268,0.0,False
Brazil.regions.PA:Abaetetuba,0.3611111111111111,0.0,29.820773430876834,0.0,False
Brazil.regions.PA:Barcarena,1.0833333333333333,0.0,28.457004520945606,0.0,False
Brazil.regions.PB:Cacimba de Dentro,2.4,0.0,5.07090377543526,0.0,False
Brazil.regions.PB:Pilões,0.5833333333333334,0.0,15.524223151758296,0.0,False
Brazil.regions.PB:Serraria,0.4642857142857143,0.0,11.899245608264192,0.0,False
Brazil.regions.PB:Sousa,0.5833333333333334,0.0,29.155803988449875,0.0,False
Brazil.regions.PB:Teixeira,0.5833333333333334,0.0,23.99994221974532,0.0,False
Brazil.regions.PE:Afogados da Ingazeira,0.4166666666666667,0.0,25.227982613242318,0.0,False
Brazil.regions.PE:Caetés,0.3611111111111111,0.0,26.342978303425934,0.0,False
Brazil.regions.PE:Jucati,0.5833333333333334,0.0,21.842311803948633,0.0,False
Brazil.regions.PE:Jurema,0.6111111111111112,0.0,16.325788204870122,0.0,False
Brazil.regions.PE:Rio Formoso,0.5833333333333334,0.0,23.278106715355584,0.0,False
Brazil.regions.PE:Sanharó,0.5833333333333334,0.0,26.816809349924924,0.0,False
Brazil.regions.PE:São Benedito do Sul,0.5833333333333334,0.0,24.30452663640568,0.0,False
Brazil.regions.PE:São Caitano,0.8055555555555556,0.0,26.12093961968763,0.0,False
Brazil.regions.PE:São Joaquim do Monte,0.5833333333333334,0.0,25.913288387127324,0.0,False
Brazil.regions.PE:Tracunhaém,0.1388888888888889,0.0,18.087844417943224,0.0,False
Brazil.regions.PE:Vertente do Lério,0.25,0.0,9.99497334265104,0.0,False
Brazil.regions.PR:Cianorte,0.0,0.0,28.679408782657806,0.0,False
Brazil.regions.PR:Dois Vizinhos,0.5833333333333334,0.0,28.135243828755307,0.0,False
Brazil.regions.PR:Mandaguari,0.5833333333333334,0.0,27.68883646032281,0.0,False
Brazil.regions.RJ:Casimiro de Abreu,2.2222222222222223,0.0,21.982841188495016,0.0,False
Brazil.regions.RJ:Engenheiro Paulo de Frontin,0.8333333333333334,0.0,13.336374076765201,0.0,False
Brazil.regions.RJ:Itaperuna,0.3888888888888889,0.0,28.68518949081609,0.0,False
Brazil.regions.RJ:São José do Vale do Rio Preto,0.0,0.0,23.331150055468562,0.0,False
Brazil.regions.RN:Ceará-Mirim,1.3055555555555556,0.0,26.66519169765975,0.0,False
Brazil.regions.RN:Lagoa Salgada,0.6666666666666666,0.0,18.27877921426054,0.0,False
Brazil.regions.RN:Maxaranguape,0.5833333333333334,0.0,22.5123923007824,0.0,False
Brazil.regions.RS:Carazinho,3.8055555555555554,0.0,21.919450478878705,0.0,False
Brazil.regions.RS:Harmonia,1.3888888888888888,0.0,30.485613474944948,0.0,False
Brazil.regions.RS:Tapejara,4.416666666666667,0.0,5.710905900788566,0.0,False
Brazil.regions.RS:Venâncio Aires,0.5833333333333334,0.0,27.567797067512092,0.0,False
Brazil.regions.SC:Araquari,4.111111111111111,0.0,15.66113239870633,0.0,False
Brazil.regions.SC:Balneário Barra do Sul,0.3333333333333333,0.0,12.840679655026074,0.0,False
Brazil.regions.SC:Concórdia,3.5,0.0,23.78543642320457,0.0,False
Brazil.regions.SC:Herval d'Oeste,0.3333333333333333,0.0,22.117238194924383,0.0,False
Brazil.regions.SC:Passo de Torres,0.5833333333333334,0.0,19.26179983037308,0.0,False
Brazil.regions.SC:Pescaria Brava,0.5833333333333334,0.0,20.6859925722623,0.0,False
Brazil.regions.SC:Xaxim,0.5833333333333334,0.0,27.11222092414935,0.0,False
Brazil.regions.SE:Muribeca,0.5833333333333334,0.0,17.481059106148205,0.0,False
Brazil.regions.SP:Biritiba-Mirim,2.138888888888889,0.0,19.177253101980416,0.0,False
Brazil.regions.SP:Canas,0.5833333333333334,0.0,11.248949289465816,0.0,False
Brazil.regions.SP:Cesário Lange,0.0,0.0,13.813422434326881,0.0,False
Brazil.regions.SP:Ilhabela,0.5833333333333334,0.0,25.3532243187973,0.0,False
Brazil.regions.SP:Itapuí,1.6388888888888888,0.0,10.404611238628194,0.0,False
Brazil.regions.SP:Morungaba,2.3333333333333335,0.0,9.652654490821226,0.0,False
Brazil.regions.SP:Pindorama,0.5833333333333334,0.0,24.730366550746176,0.0,False
Brazil.regions.SP:Pinhalzinho,0.5833333333333334,0.0,24.019894219830746,0.0,False
Brazil.regions.SP:Porto Feliz,0.5833333333333334,0.0,28.71250309866683,0.0,False
Brazil.regions.SP:Taguaí,0.5833333333333334,0.0,23.380285388649128,0.0,False
Brazil.regions.SP:Taquaritinga,0.5833333333333334,0.0,28.846858205120995,0.0,False
Brazil.regions.SP:Vista Alegre do Alto,0.5833333333333334,0.0,19.24507540655199,0.0,False
Dominica,7.388888888888889,0.0,18.069150416065963,0.0,False
United_States_of_America.regions.Arkansas:Sebastian,0.5833333333333334,0.0,29.465813717354777,0.0,False
United_States_of_America.regions.Arkansas:Washington,3.611111111111111,0.0,28.42410469006433,0.0,False
United_States_of_America.regions.Delaware:Sussex,11.75,0.0,24.90328109506993,0.0,False
United_States_of_America.regions.Florida:Citrus,3.25,0.0,27.36620594702452,0.0,False
United_States_of_America.regions.Florida:Sumter,7.138888888888889,0.0,24.009027052702315,0.0,False
United_States_of_America.regions.Georgia:Carroll,38.97222222222222,0.0,5.696819222551856,0.0,False
United_States_of_America.regions.Iowa:Johnson,11.666666666666666,0.0,21.82910683954922,0.0,False
United_States_of_America.regions.Kansas:Douglas,2.2777777777777777,0.0,27.437672608633616,0.0,False
United_States_of_America.regions.Kentucky:Franklin,0.2222222222222222,0.0,27.054883323636634,0.0,False
United_States_of_America.regions.Kentucky:McCracken,2.5277777777777777,0.0,24.311440232068385,0.0,False
United_States_of_America.regions.Kentucky:Warren,3.5277777777777777,0.0,26.74986516159477,0.0,False
United_States_of_America.regions.Massachusetts:Nantucket,0.9166666666666666,0.0,10.982355384546779,0.0,False
United_States_of_America.regions.Michigan:Saginaw,9.472222222222221,0.0,24.79355983089214,0.0,False
United_States_of_America.regions.Minnesota:Olmsted,1.3888888888888888,0.0,28.718141909996646,0.0,False
United_States_of_America.regions.Mississippi:Hinds,8.916666666666666,0.0,26.06682769726248,0.0,False
United_States_of_America.regions.Missouri:Platte,6.25,0.0,23.093913787422405,0.0,False
United_States_of_America.regions.New York:Rensselaer,19.305555555555557,0.0,17.434473380114735,0.0,False
United_States_of_America.regions.North Carolina:Johnston,0.3333333333333333,0.0,29.680232893784787,0.0,False
United_States_of_America.regions.North Carolina:Lee,0.0,0.0,28.03291426905614,0.0,False
United_States_of_America.regions.North Carolina:Onslow,0.5833333333333334,0.0,30.09060450279418,0.0,False
United_States_of_America.regions.Ohio:Allen,7.944444444444445,0.0,21.28688825235619,0.0,False
United_States_of_America.regions.Ohio:Licking,5.388888888888889,0.0,26.65363103862686,0.0,False
United_States_of_America.regions.Ohio:Richland,1.1666666666666667,0.0,28.325974817002045,0.0,False
United_States_of_America.regions.Pennsylvania:Washington,0.5555555555555556,0.0,29.56185923023148,0.0,False
United_States_of_America.regions.South Carolina:Pickens,2.5555555555555554,0.0,27.333866159263682,0.0,False
United_States_of_America.regions.South Dakota:Minnehaha,2.0,0.0,28.740451987253827,0.0,False
United_States_of_America.regions.Tennessee:Wilson,5.638888888888889,0.0,25.603160085598454,0.0,False
United_States_of_America.regions.Texas:Guadalupe,10.777777777777779,0.0,23.187162697690567,0.0,False
United_States_of_America.regions.Texas:Johnson,0.8333333333333334,0.0,29.221277939621693,0.0,False
United_States_of_America.regions.Texas:McLennan,16.36111111111111,0.0,23.6032815746688,0.0,False
United_States_of_America.regions.Texas:Orange,2.1944444444444446,0.0,26.065886376150452,0.0,False
United_States_of_America.regions.Texas:Smith,3.5833333333333335,0.0,28.375987439349238,0.0,False
United_States_of_America.regions.Virginia:Montgomery,1.25,0.0,28.45331448718901,0.0,False
United_States_of_America.regions.West Virginia:Brooke,1.0555555555555556,0.0,18.56751251218519,0.0,False
United_States_of_America.regions.Wisconsin:La Crosse,4.611111111111111,0.0,25.346995718367623,0.0,False
Brazil.regions.AL:Boca da Mata,0.5833333333333334,0.0,26.930258422792647,0.0,False
Brazil.regions.AL:Coqueiro Seco,0.5833333333333334,0.0,13.487173341377975,0.0,False
Brazil.regions.AL:Pilar,1.5277777777777777,0.0,21.735025670371087,0.0,False
Brazil.regions.AL:Teotônio Vilela,8.5,0.0,10.574812764426374,0.0,False
Brazil.regions.BA:Amélia Rodrigues,0.5833333333333334,0.0,26.6120668894742,0.0,False
Brazil.regions.BA:Conceição da Feira,0.8571428571428571,0.0,17.88564618030714,0.0,False
Brazil.regions.BA:Gandu,0.5833333333333334,0.0,27.509679204570585,0.0,False
Brazil.regions.BA:Santo Estêvão,0.5833333333333334,0.0,28.703665616997032,0.0,False
Brazil.regions.BA:Serrinha,1.9166666666666667,0.0,26.267397775562888,0.0,False
Brazil.regions.BA:São Francisco do Conde,0.5833333333333334,0.0,28.08337664353202,0.0,False
Brazil.regions.BA:Teixeira de Freitas,0.5833333333333334,0.0,29.97270977557069,0.0,False
Brazil.regions.BA:Vera Cruz,0.5833333333333334,0.0,28.282230158445415,0.0,False
Brazil.regions.CE:São Benedito,1.4166666666666667,0.0,24.333157420946243,0.0,False
Brazil.regions.ES:Venda Nova do Imigrante,0.5833333333333334,0.0,26.639647520290005,0.0,False
Brazil.regions.GO:Nerópolis,0.5833333333333334,0.0,27.24572945241506,0.0,False
Brazil.regions.MG:Extrema,0.5833333333333334,0.0,27.835288704853923,0.0,False
Brazil.regions.MG:Manhuaçu,0.5833333333333334,0.0,29.487522078595905,0.0,False
Brazil.regions.PB:Arara,0.6,0.0,7.445423539158409,0.0,False
Brazil.regions.PB:Caaporã,0.4166666666666667,0.0,21.433269682427127,0.0,False
Brazil.regions.PB:Duas Estradas,0.5833333333333334,0.0,9.857974238687108,0.0,False
Brazil.regions.PB:Juripiranga,6.611111111111111,0.0,45.62957733011792,0.0,False
Brazil.regions.PB:Lucena,3.138888888888889,0.0,6.459690643974648,0.0,False
Brazil.regions.PB:Pitimbu,3.0833333333333335,0.0,6.118149073028833,0.0,False
Brazil.regions.PB:São Bento,0.5833333333333334,0.0,27.657315952003792,0.0,False
Brazil.regions.PE:Aliança,0.5833333333333334,0.0,27.990696755803597,0.0,False
Brazil.regions.PE:Jupi,0.5833333333333334,0.0,23.85545192114407,0.0,False
Brazil.regions.PE:Vicência,1.2222222222222223,0.0,23.0222990599075,0.0,False
Brazil.regions.PR:Medianeira,0.8055555555555556,0.0,25.42483418184794,0.0,False
Brazil.regions.PR:Pontal do Paraná,1.25,0.0,20.211216615543407,0.0,False
Brazil.regions.PR:Rolândia,0.5833333333333334,0.0,29.093860666209068,0.0,False
Brazil.regions.RN:Goianinha,0.6666666666666666,0.0,22.049778564581782,0.0,False
Brazil.regions.RN:Montanhas,0.5833333333333334,0.0,21.707714368849807,0.0,False
Brazil.regions.RN:São Miguel,0.3611111111111111,0.0,25.39906920084279,0.0,False
Brazil.regions.RN:Tibau do Sul,0.0,0.0,12.27148531986945,0.0,False
Brazil.regions.RS:Feliz,0.4166666666666667,0.0,15.832396949987562,0.0,False
Brazil.regions.SC:Balneário Arroio do Silva,0.5833333333333334,0.0,22.945289143610687,0.0,False
Brazil.regions.SC:Forquilhinha,0.5833333333333334,0.0,26.863495061710367,0.0,False
Brazil.regions.SC:Guabiruba,0.16666666666666666,0.0,24.65142470725027,0.0,False
Brazil.regions.SC:Laguna,0.5833333333333334,0.0,28.413074303736167,0.0,False
Brazil.regions.SC:Tijucas,0.5833333333333334,0.0,27.992121169202797,0.0,False
Brazil.regions.SC:Videira,0.5833333333333334,0.0,28.711331907985723,0.0,False
Brazil.regions.SP:Guariba,0.0,0.0,26.647843292195343,0.0,False
Brazil.regions.SP:Itapira,0.5833333333333334,0.0,29.258432064257697,0.0,False
Brazil.regions.SP:Pontal,2.361111111111111,0.0,22.70076617894002,0.0,False
Brazil.regions.SP:Serra Negra,0.5833333333333334,0.0,27.17455349668444,0.0,False
Brazil.regions.TO:Palmas,3.5833333333333335,0.0,28.868564689106815,0.0,False
Isle_of_Man,18.694444444444443,0.0,8.70887778782595,0.0,False
United_States_of_America.regions.California:Stanislaus,1.6388888888888888,0.0,30.010656806328093,0.0,False
United_States_of_America.regions.Georgia:Whitfield,0.0,0.0,29.082515298275982,0.0,False
United_States_of_America.regions.Illinois:Madison,0.8333333333333334,0.0,29.676809733844713,0.0,False
United_States_of_America.regions.Indiana:Monroe,9.63888888888889,0.0,23.03524821321848,0.0,False
United_States_of_America.regions.Iowa:Scott,5.222222222222222,0.0,26.660669512335392,0.0,False
United_States_of_America.regions.Kentucky:Oldham,0.8333333333333334,0.0,26.97799457448945,0.0,False
United_States_of_America.regions.Maine:Cumberland,22.833333333333332,0.0,22.319061216675966,0.0,False
United_States_of_America.regions.Maryland:Carroll,0.8333333333333334,0.0,29.161138400762475,0.0,False
United_States_of_America.regions.Maryland:Charles,0.0,0.0,29.625972197180943,0.0,False
United_States_of_America.regions.Mississippi:Harrison,13.444444444444445,0.0,23.373697778817885,0.0,False
United_States_of_America.regions.Nebraska:Lancaster,1.3333333333333333,0.0,29.681755519634166,0.0,False
United_States_of_America.regions.New Hampshire:Strafford,6.444444444444445,0.0,24.450522368519653,0.0,False
United_States_of_America.regions.New Jersey:Cape May,1.7777777777777777,0.0,26.94397962188507,0.0,False
United_States_of_America.regions.New York:Dutchess,14.555555555555555,0.0,25.110462583918384,0.0,False
United_States_of_America.regions.North Carolina:Orange,11.88888888888889,0.0,21.522143236148835,0.0,False
United_States_of_America.regions.North Carolina:Union,24.305555555555557,0.0,19.802435057810634,0.0,False
United_States_of_America.regions.Pennsylvania:Beaver,1.2222222222222223,0.0,28.88436766677267,0.0,False
United_States_of_America.regions.Pennsylvania:Luzerne,1.8888888888888888,0.0,29.50191394195448,0.0,False
United_States_of_America.regions.Rhode Island:Washington,21.25,0.0,12.413078043346118,0.0,False
United_States_of_America.regions.Tennessee:Sullivan,0.5833333333333334,0.0,29.96429275587674,0.0,False
United_States_of_America.regions.Tennessee:Sumner,22.11111111111111,0.0,18.2086985918959,0.0,False
United_States_of_America.regions.Texas:Lubbock,5.944444444444445,0.0,28.171946760086595,0.0,False
United_States_of_America.regions.Virginia:Roanoke,0.7777777777777778,0.0,28.088953255990912,0.0,False
United_States_of_America.regions.West Virginia:Berkeley,9.25,0.0,21.50523468009156,0.0,False
Chile,8.166666666666666,0.0,30.543755343932087,0.0,False
Zambia,3.138888888888889,0.0,30.56859864328167,0.0,False
Brazil.regions.RO,3.2222222222222223,0.0,30.325416628073373,0.0,False
Gabon,0.5833333333333334,0.0,30.509305633130282,0.0,False
United_States_of_America.regions.Wyoming,7.777777777777778,0.0,28.978367754656485,0.0,False
Brazil.regions.BA:Candeias,0.5833333333333334,0.0,29.447391136430397,0.0,False
Brazil.regions.MG:Conselheiro Lafaiete,9.166666666666666,0.0,22.235844622437295,0.0,False
Brazil.regions.PB:Guarabira,2.6666666666666665,0.0,23.371976242259777,0.0,False
Brazil.regions.PE:Itapissuma,0.3888888888888889,0.0,23.19563226487349,0.0,False
Brazil.regions.PR:Londrina,1.0833333333333333,0.0,30.12775770014687,0.0,False
Brazil.regions.PR:São José dos Pinhais,3.6666666666666665,0.0,28.972135342196744,0.0,False
Brazil.regions.RS:Tramandaí,0.5833333333333334,0.0,28.662138255267823,0.0,False
Brazil.regions.SC:Chapecó,1.3611111111111112,0.0,29.259658315417273,0.0,False
Brazil.regions.SC:Timbó,0.5833333333333334,0.0,28.335313181903857,0.0,False
Brazil.regions.SC:Tubarão,5.277777777777778,0.0,24.10383592169835,0.0,False
Curaçao,0.5833333333333334,0.0,29.69218262537202,0.0,False
United_States_of_America.regions.Georgia:Muscogee,3.111111111111111,0.0,28.197862331569606,0.0,False
United_States_of_America.regions.Louisiana:Lafayette,14.083333333333334,0.0,24.185294498069695,0.0,False
United_States_of_America.regions.New Jersey:Gloucester,8.083333333333334,0.0,27.281178980110404,0.0,False
United_States_of_America.regions.New York:Erie,28.63888888888889,0.0,27.30614776106559,0.0,False
United_States_of_America.regions.Texas:Galveston,1.6111111111111112,0.0,29.662144594837216,0.0,False
United_States_of_America.regions.Virginia:Danville city,1.7777777777777777,0.0,22.202268326097332,0.0,False
Liberia,0.9722222222222222,0.0,30.54278212435314,0.0,False
United_States_of_America.regions.Kentucky,6.111111111111111,0.0,30.423588324925138,0.0,False
Mexico,3.2777777777777777,0.0,30.59196101276954,0.0,False
United_States_of_America.regions.Pennsylvania:Philadelphia,4.583333333333333,0.0,30.206519169251024,0.0,False
United_States_of_America.regions.California:San Francisco,0.4166666666666667,0.0,30.368939825944533,0.0,False
Brazil.regions.AL:Feira Grande,1.4,0.0,8.496278192522734,0.0,False
Brazil.regions.AL:Palestina,0.5833333333333334,0.0,11.166737525270491,0.0,False
Brazil.regions.AL:Taquarana,1.3333333333333333,0.0,15.997881939910927,0.0,False
Brazil.regions.BA:Catu,0.5833333333333334,0.0,28.76779331565247,0.0,False
Brazil.regions.BA:Pojuca,0.5833333333333334,0.0,28.065384802980486,0.0,False
Brazil.regions.BA:São Gonçalo dos Campos,0.3611111111111111,0.0,27.340893837738623,0.0,False
Brazil.regions.CE:Redenção,3.0833333333333335,0.0,14.533214964510696,0.0,False
Brazil.regions.MG:Manhumirim,0.0,0.0,14.919743193537332,0.0,False
Brazil.regions.MG:Muriaé,1.0833333333333333,0.0,28.14399901524719,0.0,False
Brazil.regions.MG:Ponte Nova,0.1388888888888889,0.0,27.71304693919765,0.0,False
Brazil.regions.MG:Santana do Paraíso,0.5833333333333334,0.0,27.710892684069197,0.0,False
Brazil.regions.PA:Vigia,4.583333333333333,0.0,19.109267984774352,0.0,False
Brazil.regions.PB:Itapororoca,1.3055555555555556,0.0,15.11741152807889,0.0,False
Brazil.regions.PB:Mamanguape,1.6666666666666667,0.0,23.35460291976219,0.0,False
Brazil.regions.PB:Pirpirituba,1.25,0.0,7.642572862704077,0.0,False
Brazil.regions.PB:Serra Redonda,0.5833333333333334,0.0,16.39328515451596,0.0,False
Brazil.regions.PE:Casinhas,0.0,0.0,15.879416224428853,0.0,False
Brazil.regions.PE:Ferreiros,0.5833333333333334,0.0,22.347029900046266,0.0,False
Brazil.regions.PE:Glória do Goitá,0.25,0.0,24.605310873658862,0.0,False
Brazil.regions.PE:Jaqueira,0.5833333333333334,0.0,22.016540726814966,0.0,False
Brazil.regions.PE:Joaquim Nabuco,0.3888888888888889,0.0,18.28711806488318,0.0,False
Brazil.regions.PE:Primavera,1.3611111111111112,0.0,11.482961307394273,0.0,False
Brazil.regions.PE:Salgadinho,0.0,0.0,10.165323663533805,0.0,False
Brazil.regions.PE:Xexéu,0.8333333333333334,0.0,14.183815468232682,0.0,False
Brazil.regions.PR:Campo Mourão,0.9722222222222222,0.0,27.901756177178235,0.0,False
Brazil.regions.PR:Quatro Barras,0.5833333333333334,0.0,26.351150867397777,0.0,False
Brazil.regions.RJ:Aperibé,0.3333333333333333,0.0,14.296241245442044,0.0,False
Brazil.regions.RJ:Itatiaia,0.5833333333333334,0.0,27.45165348119491,0.0,False
Brazil.regions.RJ:Mangaratiba,0.3611111111111111,0.0,27.84726993244305,0.0,False
Brazil.regions.RN:Arês,0.5833333333333334,0.0,23.60573910972345,0.0,False
Brazil.regions.RN:Nova Cruz,0.4166666666666667,0.0,25.240057105641597,0.0,False
Brazil.regions.RS:Arroio do Meio,1.4166666666666667,0.0,16.176202533996964,0.0,False
Brazil.regions.RS:Carlos Barbosa,0.5833333333333334,0.0,27.24382044481322,0.0,False
Brazil.regions.RS:Taquara,0.7777777777777778,0.0,28.517289478402216,0.0,False
Brazil.regions.SC:Joaçaba,0.5833333333333334,0.0,27.275539613964995,0.0,False
Brazil.regions.SC:Schroeder,0.5833333333333334,0.0,25.915260899336847,0.0,False
Brazil.regions.SC:São Ludgero,0.5833333333333334,0.0,23.138691653427575,0.0,False
Brazil.regions.SC:Xanxerê,2.9166666666666665,0.0,22.422994039574828,0.0,False
Brazil.regions.SE:Areia Branca,0.16666666666666666,0.0,22.955501120231716,0.0,False
Brazil.regions.SE:Boquim,1.4722222222222223,0.0,19.201289205569584,0.0,False
Brazil.regions.SE:Malhador,0.9722222222222222,0.0,10.342559475268443,0.0,False
Brazil.regions.SE:Riachuelo,1.4166666666666667,0.0,9.597032483464524,0.0,False
Brazil.regions.SP:Araçoiaba da Serra,0.5833333333333334,0.0,27.667212489930282,0.0,False
Brazil.regions.SP:Areiópolis,1.4722222222222223,0.0,8.22863595408494,0.0,False
Brazil.regions.SP:Fernandópolis,2.4166666666666665,0.0,24.808441250113347,0.0,False
Brazil.regions.SP:Jales,0.3611111111111111,0.0,28.106917075194865,0.0,False
Brazil.regions.SP:Osvaldo Cruz,0.5833333333333334,0.0,27.554358172421512,0.0,False
Brazil.regions.SP:Pradópolis,0.5833333333333334,0.0,25.943784920176892,0.0,False
Brazil.regions.SP:Severínia,2.75,0.0,6.483114507805865,0.0,False
Brazil.regions.SP:São Joaquim da Barra,0.3888888888888889,0.0,26.794891561311545,0.0,False
Brazil.regions.SP:São José do Rio Pardo,0.5833333333333334,0.0,28.775844507970437,0.0,False
Brazil.regions.SP:Ubatuba,0.5555555555555556,0.0,28.240182758260673,0.0,False
United_States_of_America.regions.Alabama:Mobile,6.833333333333333,0.0,28.55891509781573,0.0,False
United_States_of_America.regions.Arkansas:Benton,7.944444444444445,0.0,27.1825640659811,0.0,False
United_States_of_America.regions.Georgia:Coweta,2.9444444444444446,0.0,27.546989377146353,0.0,False
United_States_of_America.regions.Georgia:Spalding,6.138888888888889,0.0,19.01878934917668,0.0,False
United_States_of_America.regions.Illinois:Rock Island,2.0277777777777777,0.0,28.050608409499652,0.0,False
United_States_of_America.regions.Maryland:Washington,1.8055555555555556,0.0,28.352243972743743,0.0,False
United_States_of_America.regions.Missouri:Jefferson,16.666666666666668,0.0,22.487621042576045,0.0,False
United_States_of_America.regions.Ohio:Clark,0.16666666666666666,0.0,29.539253710265243,0.0,False
United_States_of_America.regions.Ohio:Portage,12.305555555555555,0.0,22.047015986082304,0.0,False
United_States_of_America.regions.Pennsylvania:Erie,2.5555555555555554,0.0,29.061345559737497,0.0,False
United_States_of_America.regions.Pennsylvania:Westmoreland,10.694444444444445,0.0,27.076806908194513,0.0,False
United_States_of_America.regions.South Carolina:Beaufort,5.583333333333333,0.0,26.865544590468474,0.0,False
United_States_of_America.regions.Tennessee:Bradley,1.9722222222222223,0.0,27.306981870168322,0.0,False
United_States_of_America.regions.Texas:Bell,0.3611111111111111,0.0,30.259042359312005,0.0,False
United_States_of_America.regions.Texas:Hays,2.4444444444444446,0.0,28.84605853218119,0.0,False
United_States_of_America.regions.Virginia:Spotsylvania,0.5833333333333334,0.0,29.86167966561813,0.0,False
United_States_of_America.regions.West Virginia:Cabell,2.0277777777777777,0.0,26.668344488307746,0.0,False
United_States_of_America.regions.West Virginia:Hancock,2.6944444444444446,0.0,15.747573781469022,0.0,False
Brazil.regions.AC:Bujari,0.5833333333333334,0.0,20.854920938777315,0.0,True
Brazil.regions.AM:Silves,4.611111111111111,0.0,36.94801456175921,0.0,True
Brazil.regions.AP:Cutias,17.88888888888889,0.0,295.0083386198272,0.0,True
Brazil.regions.AP:Itaubal,0.8611111111111112,0.0,14.464271623080911,0.0,True
Brazil.regions.BA:Mucugê,0.8055555555555556,0.0,14.645337605684842,0.0,True
Brazil.regions.BA:Rodelas,0.5833333333333334,0.0,19.87884824898426,0.0,True
Brazil.regions.GO:Alto Paraíso de Goiás,0.0,0.0,6.207197205874152,0.0,True
Brazil.regions.GO:Aporé,0.0,0.0,4.497195581977152,0.0,True
Brazil.regions.GO:Campo Alegre de Goiás,0.5833333333333334,0.0,17.418846542234512,0.0,True
Brazil.regions.GO:Chapadão do Céu,1.9047619047619049,0.0,7.439595877893696,0.0,True
Brazil.regions.GO:Colinas do Sul,0.0,1.0,10.244631281835922,29.568302779420463,True
Brazil.regions.GO:Doverlândia,0.0,0.0,5.666200861146411,0.0,True
Brazil.regions.GO:Faina,0.5833333333333334,0.0,15.506028988423148,0.0,True
Brazil.regions.GO:Itajá,0.0,0.0,2.7076129262973687,0.0,True
Brazil.regions.GO:Ivolândia,0.4642857142857143,0.0,13.89871670554114,0.0,True
Brazil.regions.GO:Paraúna,0.5833333333333334,1.0,21.494975927479373,9.100837277029488,True
Brazil.regions.MA:Sambaíba,0.0,0.0,1.6900971720687608,0.0,True
Brazil.regions.MG:Olhos-d'Água,2.0,0.0,29.88892692761231,0.0,True
Brazil.regions.MG:São Romão,0.75,0.9166666666666666,11.682517157387728,7.430223447083301,True
Brazil.regions.MS:Bodoquena,0.0,0.0,6.625258799171844,0.0,True
Brazil.regions.MS:Jateí,0.5833333333333334,0.0,10.35402338562529,0.0,True
Brazil.regions.MS:Selvíria,0.5833333333333334,0.0,15.279531997585899,0.0,True
Brazil.regions.MT:Alto Garças,0.0,0.0,11.011119544134834,0.0,True
Brazil.regions.MT:Conquista D'Oeste,0.5833333333333334,0.0,10.365297786965854,0.0,True
Brazil.regions.MT:Ipiranga do Norte,0.5833333333333334,0.0,17.552902026733978,0.0,True
Brazil.regions.MT:Juscimeira,0.7999999999999999,0.0,3.2823204593526527,0.0,True
Brazil.regions.MT:Lambari D'Oeste,0.5833333333333334,0.0,14.258613400555255,0.0,True
Brazil.regions.MT:Pontal do Araguaia,0.5833333333333334,0.0,15.694904249062574,0.0,True
Brazil.regions.MT:Porto Alegre do Norte,0.0,0.0,11.334536720880859,0.0,True
Brazil.regions.MT:Vale de São Domingos,0.4166666666666667,1.0,33.36325299312466,31.97953309881676,True
Brazil.regions.PA:Bannach,2.3055555555555554,0.9166666666666666,87.75138365759976,27.896124974639886,True
Brazil.regions.PA:Pau D'Arco,1.3333333333333333,0.0,22.59890987896126,0.0,True
Brazil.regions.PA:Piçarra,0.0,0.0,11.62010474617864,0.0,True
Brazil.regions.PA:Vitória do Xingu,13.694444444444445,2.5,70.69357362295999,16.51909607506277,True
Brazil.regions.PI:Alvorada do Gurguéia,0.5833333333333334,0.0,12.142223981404964,0.0,True
Brazil.regions.PI:Curimatá,1.0,0.0,1.7613251681149258,0.0,True
Brazil.regions.PI:Currais,0.0,0.0,0.8620370207844523,0.0,True
Brazil.regions.PI:Dom Inocêncio,0.0,0.0,8.859041945470686,0.0,True
Brazil.regions.PI:Itaueira,0.5833333333333334,0.5833333333333334,21.52057951724141,5.293886317572677,True
Brazil.regions.PI:Manoel Emídio,0.5833333333333334,0.0,11.90073001138865,0.0,True
Brazil.regions.PI:Morro Cabeça no Tempo,0.5833333333333334,0.0,10.815201401946865,0.0,True
Brazil.regions.PI:Redenção do Gurguéia,0.5833333333333334,0.0,19.20369654923431,0.0,True
Brazil.regions.PI:São José do Peixe,0.5833333333333334,0.0,10.042375341034422,0.0,True
Brazil.regions.RO:Alto Alegre dos Parecis,2.361111111111111,0.0,9.272707865900507,0.0,True
Brazil.regions.RO:Alvorada D'Oeste,0.5555555555555556,0.0,17.1592397156806,0.0,True
Brazil.regions.RO:Cacaulândia,0.9166666666666666,0.0,18.076955220742875,0.0,True
Brazil.regions.RO:Campo Novo de Rondônia,0.5833333333333334,1.0,23.523177233082308,7.072635971426552,True
Brazil.regions.RO:Rio Crespo,0.16666666666666666,0.0,11.671723472305642,0.0,True
Brazil.regions.RO:Theobroma,0.4166666666666667,0.0,11.44606215127255,0.0,True
Brazil.regions.RO:Vale do Anari,0.5833333333333334,0.0,21.67042941300582,0.0,True
Brazil.regions.RS:Bom Jesus,0.5833333333333334,0.0,21.784464186974272,0.0,True
Brazil.regions.RS:Lavras do Sul,7.0,0.0,87.62820016016947,0.0,True
Brazil.regions.TO:Abreulândia,0.1388888888888889,0.0,36.18286931670953,0.0,True
Brazil.regions.TO:Aliança do Tocantins,0.25,0.0,5.473247709272556,0.0,True
Brazil.regions.TO:Bandeirantes do Tocantins,0.5833333333333334,0.0,9.80188205925183,0.0,True
Brazil.regions.TO:Caseara,0.0,0.0,0.6982291433286285,0.0,True
Brazil.regions.TO:Couto Magalhães,1.7222222222222223,0.0,29.034784683535108,0.0,True
Brazil.regions.TO:Darcinópolis,4.333333333333333,0.0,66.44644801685683,0.0,True
Brazil.regions.TO:Dueré,2.138888888888889,0.0,48.83701270719029,0.0,True
Brazil.regions.TO:Figueirópolis,0.3333333333333333,0.0,6.629699696143863,0.0,True
Brazil.regions.TO:Novo Acordo,0.5833333333333334,0.0,10.6542767308193,0.0,True
United_States_of_America.regions.Alabama:Wilcox,0.8055555555555556,0.0,7.565938636988482,0.0,True
United_States_of_America.regions.Arkansas:Newton,0.5833333333333334,0.0,17.697580262421923,0.0,True
United_States_of_America.regions.Arkansas:Scott,0.5833333333333334,0.0,20.869132920489797,0.0,True
United_States_of_America.regions.California:Alpine,0.3611111111111111,0.0,77.66124810835406,0.0,True
United_States_of_America.regions.Colorado:Archuleta,1.8333333333333333,0.0,12.051870010694435,0.0,True
United_States_of_America.regions.Colorado:Conejos,0.5833333333333334,0.0,18.408122771845843,0.0,True
United_States_of_America.regions.Colorado:Costilla,1.0833333333333333,0.0,38.00893767448952,0.0,True
United_States_of_America.regions.Colorado:Crowley,0.5833333333333334,1.0,14.09688563480089,16.498927569707966,True
United_States_of_America.regions.Colorado:Custer,0.3888888888888889,0.0,8.319384550467902,0.0,True
United_States_of_America.regions.Colorado:Hinsdale,0.5833333333333334,0.0,91.35540630768625,0.0,True
United_States_of_America.regions.Colorado:Mineral,0.3333333333333333,0.0,218.6456258938873,0.0,True
United_States_of_America.regions.Colorado:Phillips,0.8333333333333334,0.0,26.066945685682622,0.0,True
United_States_of_America.regions.Colorado:Rio Grande,2.5555555555555554,0.0,6.663039297782548,0.0,True
United_States_of_America.regions.Colorado:San Juan,0.5833333333333334,0.0,106.7668241581285,0.0,True
United_States_of_America.regions.Colorado:San Miguel,0.5833333333333334,0.0,18.369379655175198,0.0,True
United_States_of_America.regions.Georgia:Clinch,0.5833333333333334,0.0,15.485507976343248,0.0,True
United_States_of_America.regions.Idaho:Adams,0.5833333333333334,0.0,10.61136874506389,0.0,True
United_States_of_America.regions.Idaho:Camas,0.5833333333333334,0.0,59.820099996214466,0.0,True
United_States_of_America.regions.Idaho:Lincoln,3.6944444444444446,0.0,67.98936225762135,0.0,True
United_States_of_America.regions.Idaho:Power,0.4166666666666667,0.0,10.153040912169876,0.0,True
United_States_of_America.regions.Idaho:Washington,0.5833333333333334,0.0,20.786121228836894,0.0,True
United_States_of_America.regions.Kansas:Barber,0.5833333333333334,0.0,10.727976874449604,0.0,True
United_States_of_America.regions.Kansas:Chase,0.5833333333333334,0.0,8.198695214326372,0.0,True
United_States_of_America.regions.Kansas:Chautauqua,0.9722222222222222,0.0,48.03666542796977,0.0,True
United_States_of_America.regions.Kansas:Cheyenne,0.3888888888888889,0.0,43.63159448168693,0.0,True
United_States_of_America.regions.Kansas:Clark,0.5833333333333334,0.0,19.554638149553327,0.0,True
United_States_of_America.regions.Kansas:Edwards,0.2222222222222222,0.0,33.9344067939027,0.0,True
United_States_of_America.regions.Kansas:Ellsworth,0.1388888888888889,0.0,6.1087122777516525,0.0,True
United_States_of_America.regions.Kansas:Gove,0.5833333333333334,0.0,8.170042444635044,0.0,True
United_States_of_America.regions.Kansas:Gray,1.6944444444444444,0.0,24.289050457329044,0.0,True
United_States_of_America.regions.Kansas:Greenwood,0.5833333333333334,0.0,13.878996086488131,0.0,True
United_States_of_America.regions.Kansas:Hamilton,0.5833333333333334,0.0,8.789771671426548,0.0,True
United_States_of_America.regions.Kansas:Harper,0.5833333333333334,0.0,12.199933881477216,0.0,True
United_States_of_America.regions.Kansas:Haskell,4.166666666666667,0.0,114.31346098903954,0.0,True
United_States_of_America.regions.Kansas:Jewell,0.3611111111111111,0.0,36.943069895332904,0.0,True
United_States_of_America.regions.Kansas:Kearny,0.5833333333333334,0.0,10.150214106078801,0.0,True
United_States_of_America.regions.Kansas:Kiowa,0.5833333333333334,0.0,9.808227199531542,0.0,True
United_States_of_America.regions.Kansas:Marion,1.2222222222222223,0.0,9.948151508598142,0.0,True
United_States_of_America.regions.Kansas:Meade,1.9722222222222223,0.0,57.56574284695546,0.0,True
United_States_of_America.regions.Kansas:Mitchell,1.3611111111111112,0.0,18.794982653996446,0.0,True
United_States_of_America.regions.Kansas:Morris,0.4166666666666667,0.0,8.5615555211718,0.0,True
United_States_of_America.regions.Kansas:Morton,0.5833333333333334,0.0,8.058999319650399,0.0,True
United_States_of_America.regions.Kansas:Ness,0.0,0.0,17.039964866051818,0.0,True
United_States_of_America.regions.Kansas:Norton,0.3333333333333333,0.0,6.832311009824938,0.0,True
United_States_of_America.regions.Kansas:Osborne,0.3888888888888889,0.0,27.054646375211167,0.0,True
United_States_of_America.regions.Kansas:Ottawa,0.5833333333333334,0.0,13.064256402264817,0.0,True
United_States_of_America.regions.Kansas:Phillips,0.5833333333333334,0.0,11.489966815513823,0.0,True
United_States_of_America.regions.Kansas:Republic,1.75,0.0,41.30525093124035,0.0,True
United_States_of_America.regions.Kansas:Rooks,0.3888888888888889,0.0,9.490004320333055,0.0,True
United_States_of_America.regions.Kansas:Scott,0.25,0.0,7.4164889587367036,0.0,True
United_States_of_America.regions.Kansas:Sheridan,0.1388888888888889,0.0,37.7192293271144,0.0,True
United_States_of_America.regions.Kansas:Sherman,0.5833333333333334,0.0,11.54138783862033,0.0,True
United_States_of_America.regions.Kansas:Smith,0.3333333333333333,0.0,22.897535013930074,0.0,True
United_States_of_America.regions.Kansas:Stafford,0.5833333333333334,0.0,10.482487341507301,0.0,True
United_States_of_America.regions.Kansas:Stanton,0.9722222222222222,0.0,96.79977780025462,0.0,True
United_States_of_America.regions.Kansas:Stevens,0.8333333333333334,0.0,16.376092314422145,0.0,True
United_States_of_America.regions.Kansas:Wabaunsee,0.5833333333333334,0.0,16.167880727232852,0.0,True
United_States_of_America.regions.Kansas:Wichita,0.0,0.0,27.868400234364493,0.0,True
United_States_of_America.regions.Kansas:Woodson,0.3611111111111111,0.0,13.249872478957744,0.0,True
United_States_of_America.regions.Louisiana:Cameron,0.1388888888888889,0.0,8.496925377148683,0.0,True
United_States_of_America.regions.Louisiana:Tensas,0.5833333333333334,0.0,10.647191401991668,0.0,True
United_States_of_America.regions.Michigan:Baraga,0.5833333333333334,0.0,18.414061468609233,0.0,True
United_States_of_America.regions.Michigan:Gogebic,0.2222222222222222,1.0,17.675916563681984,7.155635062611806,True
United_States_of_America.regions.Michigan:Luce,0.5833333333333334,0.0,14.541871961933802,0.0,True
United_States_of_America.regions.Michigan:Mackinac,0.75,0.0,8.988874290411871,0.0,True
United_States_of_America.regions.Michigan:Schoolcraft,0.8333333333333334,0.0,3.4313005757231756,0.0,True
United_States_of_America.regions.Minnesota:Clearwater,0.3333333333333333,0.0,11.098108867493623,0.0,True
United_States_of_America.regions.Minnesota:Kittson,0.5833333333333334,0.0,10.614981015774104,0.0,True
United_States_of_America.regions.Minnesota:Lac qui Parle,0.5833333333333334,0.0,15.496915424046831,0.0,True
United_States_of_America.regions.Minnesota:Norman,2.5833333333333335,0.0,35.369896750970916,0.0,True
United_States_of_America.regions.Minnesota:Traverse,0.4166666666666667,0.0,30.77270474578265,0.0,True
United_States_of_America.regions.Minnesota:Wilkin,0.5833333333333334,0.0,14.484970607441031,0.0,True
United_States_of_America.regions.Missouri:Reynolds,0.4166666666666667,0.0,9.176432517393616,0.0,True
United_States_of_America.regions.Missouri:Sullivan,0.6388888888888888,0.0,14.76285694917059,0.0,True
United_States_of_America.regions.Montana:Broadwater,0.16666666666666666,0.0,7.881901601708368,0.0,True
United_States_of_America.regions.Montana:Golden Valley,0.5833333333333334,0.0,192.70909950357068,0.0,True
United_States_of_America.regions.Nebraska:Antelope,0.5833333333333334,0.0,14.717756678627625,0.0,True
United_States_of_America.regions.Nebraska:Boone,0.3888888888888889,0.0,7.541124005137762,0.0,True
United_States_of_America.regions.Nebraska:Box Butte,0.5833333333333334,0.0,21.321956207383753,0.0,True
United_States_of_America.regions.Nebraska:Cheyenne,0.4166666666666667,0.0,8.149124091153075,0.0,True
United_States_of_America.regions.Nebraska:Dawes,0.3611111111111111,0.0,16.365725624788027,0.0,True
United_States_of_America.regions.Nebraska:Franklin,1.3333333333333333,0.0,67.31176204445612,0.0,True
United_States_of_America.regions.Nebraska:Frontier,0.5833333333333334,0.0,8.148381081632767,0.0,True
United_States_of_America.regions.Nebraska:Furnas,0.3888888888888889,0.0,11.581736458070745,0.0,True
United_States_of_America.regions.Nebraska:Gosper,0.5833333333333334,0.0,19.65544307689818,0.0,True
United_States_of_America.regions.Nebraska:Greeley,0.1388888888888889,0.0,42.503602000169494,0.0,True
United_States_of_America.regions.Nebraska:Hitchcock,0.5833333333333334,0.0,8.458478943004966,0.0,True
United_States_of_America.regions.Nebraska:Keith,0.16666666666666666,0.0,12.962421784709669,0.0,True
United_States_of_America.regions.Nebraska:Kimball,4.583333333333333,0.0,139.19126462221655,0.0,True
United_States_of_America.regions.Nebraska:Knox,0.3888888888888889,0.0,10.565490800589284,0.0,True
United_States_of_America.regions.Nebraska:Morrill,0.5833333333333334,0.0,10.902347189180077,0.0,True
United_States_of_America.regions.Nebraska:Nuckolls,0.0,0.0,4.7843323596960765,0.0,True
United_States_of_America.regions.Nebraska:Sherman,0.5833333333333334,0.0,8.939049302406444,0.0,True
United_States_of_America.regions.Nebraska:Thomas,0.5833333333333334,0.0,107.90834192014489,0.0,True
United_States_of_America.regions.Nebraska:Valley,0.5833333333333334,0.0,10.484416281517731,0.0,True
United_States_of_America.regions.Nebraska:Webster,0.16666666666666666,0.0,13.354410007818318,0.0,True
United_States_of_America.regions.North Carolina:Hyde,0.5833333333333334,0.0,11.116884336847173,0.0,True
United_States_of_America.regions.North Dakota:Barnes,0.4166666666666667,0.0,11.392740712910204,0.0,True
United_States_of_America.regions.North Dakota:Benson,0.6388888888888888,0.0,12.866420029641697,0.0,True
United_States_of_America.regions.North Dakota:Bowman,0.5833333333333334,0.0,8.981289778391227,0.0,True
United_States_of_America.regions.North Dakota:Burke,0.4166666666666667,0.0,63.96683454962825,0.0,True
United_States_of_America.regions.North Dakota:Divide,0.5833333333333334,0.0,13.573798102911638,0.0,True
United_States_of_America.regions.North Dakota:Eddy,0.5833333333333334,0.0,13.129591255482397,0.0,True
United_States_of_America.regions.North Dakota:Foster,0.5833333333333334,0.0,9.300645627342092,0.0,True
United_States_of_America.regions.North Dakota:McIntosh,0.5833333333333334,0.0,9.45224446469419,0.0,True
United_States_of_America.regions.North Dakota:Mercer,1.8333333333333333,0.0,11.804976547596075,0.0,True
United_States_of_America.regions.North Dakota:Nelson,0.5833333333333334,0.0,8.703706500344827,0.0,True
United_States_of_America.regions.North Dakota:Oliver,0.5833333333333334,0.0,20.45063906705827,0.0,True
United_States_of_America.regions.North Dakota:Pembina,0.5833333333333334,0.0,5.112206431705482,0.0,True
United_States_of_America.regions.North Dakota:Pierce,0.3333333333333333,0.0,17.62221614559596,0.0,True
United_States_of_America.regions.North Dakota:Ramsey,0.5833333333333334,0.0,11.78631006476872,0.0,True
United_States_of_America.regions.North Dakota:Ransom,0.5833333333333334,0.0,11.431382388104105,0.0,True
United_States_of_America.regions.North Dakota:Renville,0.5833333333333334,0.0,12.377972786036914,0.0,True
United_States_of_America.regions.North Dakota:Sargent,0.5833333333333334,0.0,10.217056684587414,0.0,True
United_States_of_America.regions.North Dakota:Sioux,0.5833333333333334,0.0,10.552643300099358,0.0,True
United_States_of_America.regions.North Dakota:Slope,0.9722222222222222,0.0,310.1449275362319,0.0,True
United_States_of_America.regions.North Dakota:Steele,0.0,0.0,33.58638141246837,0.0,True
United_States_of_America.regions.North Dakota:Traill,0.5833333333333334,0.0,18.15181121346854,0.0,True
United_States_of_America.regions.North Dakota:Walsh,0.5833333333333334,0.0,21.19820019821246,0.0,True
United_States_of_America.regions.North Dakota:Wells,0.25,0.0,17.221957617956793,0.0,True
United_States_of_America.regions.Oklahoma:Alfalfa,0.5833333333333334,0.0,13.05810713646256,0.0,True
United_States_of_America.regions.Oklahoma:Blaine,0.8055555555555556,0.0,6.728308816685565,0.0,True
United_States_of_America.regions.Oklahoma:Cotton,1.5833333333333333,0.0,26.223412852018775,0.0,True
United_States_of_America.regions.Oklahoma:Dewey,0.5833333333333334,0.0,11.085134186127139,0.0,True
United_States_of_America.regions.Oklahoma:Grant,0.5833333333333334,0.0,10.646303896286335,0.0,True
United_States_of_America.regions.Oklahoma:Greer,20.61111111111111,2.388888888888889,357.9623878536923,41.822284469343295,True
United_States_of_America.regions.Oklahoma:Harper,0.5833333333333334,0.0,9.973592379515232,0.0,True
United_States_of_America.regions.Oklahoma:Jefferson,0.5833333333333334,0.0,13.934700242162972,0.0,True
United_States_of_America.regions.Oklahoma:Kiowa,0.5833333333333334,0.0,19.11212004878998,0.0,True
United_States_of_America.regions.Oklahoma:Major,0.5833333333333334,0.0,17.487935369930273,0.0,True
United_States_of_America.regions.Oklahoma:Pushmataha,0.5833333333333334,0.0,21.58355653543892,0.0,True
United_States_of_America.regions.Oklahoma:Tillman,0.5833333333333334,0.0,16.802709756232996,0.0,True
United_States_of_America.regions.Oklahoma:Washita,0.2857142857142857,0.0,15.683855711258646,0.0,True
United_States_of_America.regions.Oklahoma:Woods,1.0833333333333333,0.0,7.665847503860942,0.0,True
United_States_of_America.regions.Oregon:Sherman,0.5833333333333334,0.0,25.583962076390023,0.0,True
United_States_of_America.regions.South Dakota:Aurora,0.5833333333333334,0.0,8.434350618220515,0.0,True
United_States_of_America.regions.South Dakota:Buffalo,0.5833333333333334,0.0,20.37258638774395,0.0,True
United_States_of_America.regions.South Dakota:Charles Mix,0.5833333333333334,0.0,19.83386744471549,0.0,True
United_States_of_America.regions.South Dakota:Clark,0.5833333333333334,0.0,10.03165440834187,0.0,True
United_States_of_America.regions.South Dakota:Day,5.944444444444445,0.0,108.33849913784505,0.0,True
United_States_of_America.regions.South Dakota:Deuel,0.5833333333333334,0.0,10.662216581895217,0.0,True
United_States_of_America.regions.South Dakota:Douglas,0.5833333333333334,0.0,8.786945110122105,0.0,True
United_States_of_America.regions.South Dakota:Faulk,0.5833333333333334,0.0,12.901359479266695,0.0,True
United_States_of_America.regions.South Dakota:Hutchinson,0.4166666666666667,0.0,9.920907054359256,0.0,True
United_States_of_America.regions.South Dakota:Hyde,0.5833333333333334,0.0,46.26813760256263,0.0,True
United_States_of_America.regions.South Dakota:Jerauld,1.4722222222222223,0.0,121.19532219318393,0.0,True
United_States_of_America.regions.South Dakota:Marshall,0.5833333333333334,0.0,11.115516203397794,0.0,True
United_States_of_America.regions.South Dakota:McPherson,0.5833333333333334,0.0,11.438655059467607,0.0,True
United_States_of_America.regions.South Dakota:Miner,0.5833333333333334,0.0,14.53054058610486,0.0,True
United_States_of_America.regions.South Dakota:Roberts,1.25,0.0,3.336496932300531,0.0,True
United_States_of_America.regions.South Dakota:Sanborn,1.0555555555555556,0.0,81.98477079245738,0.0,True
United_States_of_America.regions.South Dakota:Sully,0.5833333333333334,0.0,41.29491289182472,0.0,True
United_States_of_America.regions.South Dakota:Todd,0.5833333333333334,0.0,20.769734792403128,0.0,True
United_States_of_America.regions.South Dakota:Walworth,2.888888888888889,0.0,51.741140230933965,0.0,True
United_States_of_America.regions.Texas:Archer,0.0,0.0,7.631867452220344,0.0,True
United_States_of_America.regions.Texas:Armstrong,0.5833333333333334,0.0,22.398357436720612,0.0,True
United_States_of_America.regions.Texas:Bailey,0.9722222222222222,0.0,6.192009815198219,0.0,True
United_States_of_America.regions.Texas:Briscoe,0.5833333333333334,0.0,34.087239835594644,0.0,True
United_States_of_America.regions.Texas:Brooks,0.5833333333333334,0.0,16.497406324486303,0.0,True
United_States_of_America.regions.Texas:Carson,0.5833333333333334,0.0,13.721024139372172,0.0,True
United_States_of_America.regions.Texas:Castro,3.361111111111111,0.0,37.081945968140325,0.0,True
United_States_of_America.regions.Texas:Clay,0.8611111111111112,0.0,9.84171553127358,0.0,True
United_States_of_America.regions.Texas:Cochran,0.5833333333333334,0.0,8.650949674128936,0.0,True
United_States_of_America.regions.Texas:Coke,0.5833333333333334,0.0,9.571978108967365,0.0,True
United_States_of_America.regions.Texas:Coleman,0.0,0.0,11.227821359452793,0.0,True
United_States_of_America.regions.Texas:Collingsworth,1.1666666666666667,0.0,63.58226898727196,0.0,True
United_States_of_America.regions.Texas:Concho,0.5833333333333334,0.0,8.378789328739884,0.0,True
United_States_of_America.regions.Texas:Cottle,0.3333333333333333,0.0,106.5048067287291,0.0,True
United_States_of_America.regions.Texas:Crane,0.5833333333333334,0.0,11.018359904892248,0.0,True
United_States_of_America.regions.Texas:Crosby,0.5833333333333334,0.0,13.165100288350585,0.0,True
United_States_of_America.regions.Texas:Dickens,0.8333333333333334,0.0,25.939691092189467,0.0,True
United_States_of_America.regions.Texas:Dimmit,0.5833333333333334,0.0,20.718294437223204,0.0,True
United_States_of_America.regions.Texas:Donley,6.527777777777778,0.0,216.84503826318826,0.0,True
United_States_of_America.regions.Texas:Fisher,0.3333333333333333,0.0,15.489209268298836,0.0,True
United_States_of_America.regions.Texas:Floyd,0.3611111111111111,0.0,9.198365336472753,0.0,True
United_States_of_America.regions.Texas:Garza,1.25,0.0,15.435308691955372,0.0,True
United_States_of_America.regions.Texas:Glasscock,0.5833333333333334,0.0,40.37650759038114,0.0,True
United_States_of_America.regions.Texas:Goliad,0.5833333333333334,0.0,2.918232709187325,0.0,True
United_States_of_America.regions.Texas:Hansford,0.5833333333333334,0.0,12.073864695525714,0.0,True
United_States_of_America.regions.Texas:Haskell,0.3333333333333333,0.0,6.4412238325281805,0.0,True
United_States_of_America.regions.Texas:Hemphill,0.5833333333333334,0.0,10.128609431864325,0.0,True
United_States_of_America.regions.Texas:Jack,0.8333333333333334,0.0,8.648974026945366,0.0,True
United_States_of_America.regions.Texas:Jim Hogg,0.5833333333333334,0.0,11.148272017837238,0.0,True
United_States_of_America.regions.Texas:Kimble,0.5833333333333334,0.0,10.649851463477392,0.0,True
United_States_of_America.regions.Texas:Knox,0.5833333333333334,0.0,9.943990886652744,0.0,True
United_States_of_America.regions.Texas:Lamb,0.5833333333333334,0.0,22.839666458212417,0.0,True
United_States_of_America.regions.Texas:Lipscomb,0.3888888888888889,0.0,30.40703932324315,0.0,True
United_States_of_America.regions.Texas:Live Oak,1.3055555555555556,0.0,10.431569120275887,0.0,True
United_States_of_America.regions.Texas:Lynn,0.9166666666666666,0.0,11.833895222145642,0.0,True
United_States_of_America.regions.Texas:Martin,0.5833333333333334,0.0,13.26779379712712,0.0,True
United_States_of_America.regions.Texas:Mason,0.5833333333333334,0.0,10.593205970716092,0.0,True
United_States_of_America.regions.Texas:McCulloch,1.3055555555555556,0.0,7.216257528476169,0.0,True
United_States_of_America.regions.Texas:Mills,0.0,0.0,1.197567985280223,0.0,True
United_States_of_America.regions.Texas:Mitchell,0.5833333333333334,0.0,18.89306305822448,0.0,True
United_States_of_America.regions.Texas:Motley,0.5833333333333334,0.0,52.737520128824485,0.0,True
United_States_of_America.regions.Texas:Ochiltree,16.27777777777778,0.9722222222222222,151.50207907809383,9.884325154760292,True
United_States_of_America.regions.Texas:Parmer,1.75,0.0,5.593738500059937,0.0,True
United_States_of_America.regions.Texas:Red River,0.5833333333333334,0.0,22.27842153853531,0.0,True
United_States_of_America.regions.Texas:Refugio,0.5833333333333334,0.0,16.203182231567002,0.0,True
United_States_of_America.regions.Texas:Roberts,0.4166666666666667,0.0,203.59622426621715,0.0,True
United_States_of_America.regions.Texas:Runnels,0.1388888888888889,0.0,13.861537953058056,0.0,True
United_States_of_America.regions.Texas:San Saba,0.0,0.0,2.8083948667009757,0.0,True
United_States_of_America.regions.Texas:Shackelford,0.5833333333333334,0.0,9.388108396031694,0.0,True
United_States_of_America.regions.Texas:Sherman,6.333333333333333,0.0,231.37197854488446,0.0,True
United_States_of_America.regions.Texas:Stephens,0.5833333333333334,0.0,19.918896697995944,0.0,True
United_States_of_America.regions.Texas:Swisher,0.5833333333333334,0.0,17.076819017676357,0.0,True
United_States_of_America.regions.Texas:Wheeler,3.138888888888889,0.0,62.802569355266115,0.0,True
United_States_of_America.regions.Texas:Wilbarger,0.5833333333333334,0.0,22.764346370770898,0.0,True
United_States_of_America.regions.Texas:Winkler,0.2222222222222222,0.0,8.054545344888936,0.0,True
United_States_of_America.regions.Texas:Zavala,0.5833333333333334,0.0,22.14986725856291,0.0,True
United_States_of_America.regions.Utah:Piute,0.5833333333333334,0.0,37.01743899292184,0.0,True
United_States_of_America.regions.Vermont:Essex,0.6388888888888888,0.0,15.099285652634649,0.0,True
United_States_of_America.regions.Virginia:Highland,0.16666666666666666,0.0,34.09216244237089,0.0,True
United_States_of_America.regions.Washington:Columbia,0.5833333333333334,0.0,10.310403142218101,0.0,True
United_States_of_America.regions.Washington:Pend Oreille,0.5833333333333334,0.0,23.309307812494865,0.0,True
United_States_of_America.regions.West Virginia:Pocahontas,0.3888888888888889,0.0,10.51394866273531,0.0,True
United_States_of_America.regions.Wisconsin:Forest,1.6666666666666667,0.0,10.064531467257469,0.0,True
United_States_of_America.regions.Wisconsin:Iron,0.5833333333333334,1.0,13.011849779152781,17.583963425356078,True
United_States_of_America.regions.Wisconsin:Price,0.5833333333333334,0.0,23.105737554744795,0.0,True
United_States_of_America.regions.Wisconsin:Sawyer,0.0,0.0,21.03346670533424,0.0,True
El_Salvador,4.972222222222222,0.0,30.493713579363302,0.0,False
United_States_of_America.regions.Massachusetts,0.5833333333333334,0.0,30.581304687066066,0.0,False
Brazil.regions.PE,14.083333333333334,0.0,30.43188571389309,0.0,False
Honduras,5.75,0.0,30.519324896754952,0.0,False
United_States_of_America.regions.California:Santa Clara,0.3333333333333333,0.0,30.496393401190623,0.0,False
United_States_of_America.regions.Florida:Hillsborough,0.3333333333333333,0.0,30.465602040498045,0.0,False
United_States_of_America.regions.Michigan:Oakland,9.277777777777779,0.0,29.73216424657753,0.0,False
Brazil.regions.AL:Atalaia,0.5833333333333334,0.0,28.476495624769534,0.0,False
Brazil.regions.AL:Carneiros,3.533333333333333,0.0,30.597409146984706,0.0,False
Brazil.regions.AL:Craíbas,1.4722222222222223,0.0,17.979455982676598,0.0,False
Brazil.regions.AL:Delmiro Gouveia,0.5833333333333334,0.0,28.673327815397815,0.0,False
Brazil.regions.AL:Monteirópolis,2.2857142857142856,0.0,26.572602922226682,0.0,False
Brazil.regions.AL:Porto Calvo,0.3333333333333333,0.0,23.540165618767404,0.0,False
Brazil.regions.AL:Porto Real do Colégio,0.5833333333333334,0.0,25.612258933602845,0.0,False
Brazil.regions.AL:São Luís do Quitunde,3.611111111111111,0.0,15.563417185280255,0.0,False
Brazil.regions.BA:Acajutiba,0.5833333333333334,0.0,23.999071994666522,0.0,False
Brazil.regions.BA:Amargosa,1.3888888888888888,0.0,22.614764837863973,0.0,False
Brazil.regions.BA:Buerarema,0.8055555555555556,0.0,17.576635653204214,0.0,False
Brazil.regions.BA:Cabaceiras do Paraguaçu,0.0,0.0,14.006502358434226,0.0,False
Brazil.regions.BA:Cachoeira,0.5833333333333334,0.0,27.60806298042759,0.0,False
Brazil.regions.BA:Valença,1.8888888888888888,0.0,26.99996574668671,0.0,False
Brazil.regions.BA:Vitória da Conquista,3.4722222222222223,0.0,29.102207805207406,0.0,False
Brazil.regions.CE:Alcântaras,0.3055555555555556,0.0,14.470758663883203,0.0,False
Brazil.regions.CE:Barreira,0.5833333333333334,0.0,26.136504397373965,0.0,False
Brazil.regions.CE:Cascavel,0.5833333333333334,0.0,29.201948994760173,0.0,False
Brazil.regions.CE:Guaramiranga,3.2222222222222223,0.0,61.94328857780493,0.0,False
Brazil.regions.CE:Pacujá,0.2380952380952381,0.0,6.89617021417446,0.0,False
Brazil.regions.ES:Colatina,1.8888888888888888,0.0,27.761322945631456,0.0,False
Brazil.regions.ES:São Gabriel da Palha,0.3888888888888889,0.0,25.39850584892812,0.0,False
Brazil.regions.GO:Inhumas,0.5833333333333334,0.0,26.497400866396145,0.0,False
Brazil.regions.MA:Miranda do Norte,0.8611111111111112,0.0,21.982852264286723,0.0,False
Brazil.regions.MG:Andradas,0.2857142857142857,0.0,22.41026812695503,0.0,False
Brazil.regions.MG:Araxá,0.9722222222222222,0.0,28.19010896597178,0.0,False
Brazil.regions.MG:Astolfo Dutra,0.3611111111111111,0.0,21.975866648177504,0.0,False
Brazil.regions.MG:Caeté,0.3611111111111111,0.0,27.862635910751933,0.0,False
Brazil.regions.MG:Fronteira,0.5833333333333334,0.0,25.07186689726696,0.0,False
Brazil.regions.MG:Monte Sião,2.761904761904762,0.0,8.64105363903526,0.0,False
Brazil.regions.MG:Passos,0.5833333333333334,0.0,29.723813971868182,0.0,False
Brazil.regions.PB:Alagoa Grande,0.16666666666666666,0.0,25.62435522210197,0.0,False
Brazil.regions.PB:Areia,0.5833333333333334,0.0,26.213500219715485,0.0,False
Brazil.regions.PB:Bananeiras,2.9444444444444446,0.0,9.356589178907123,0.0,False
Brazil.regions.PB:Baía da Traição,3.638888888888889,0.0,27.474043597695324,0.0,False
Brazil.regions.PB:Capim,1.0,0.0,14.99759429226399,0.0,False
Brazil.regions.PB:Cruz do Espírito Santo,0.5555555555555556,0.0,18.245857151105724,0.0,False
Brazil.regions.PB:Lagoa de Dentro,0.5833333333333334,0.0,7.734016425162496,0.0,False
Brazil.regions.PE:Calçado,0.0,0.0,10.276354027214506,0.0,False
Brazil.regions.PE:Passira,0.5833333333333334,0.0,27.13955218767687,0.0,False
Brazil.regions.PE:São Bento do Una,0.5833333333333334,0.0,28.915253914377104,0.0,False
Brazil.regions.PE:São João,0.3333333333333333,0.0,22.186798741003983,0.0,False
Brazil.regions.PR:Andirá,0.7999999999999999,0.0,10.337599908547547,0.0,False
Brazil.regions.PR:Itaperuçu,0.5833333333333334,0.0,27.10346145484063,0.0,False
Brazil.regions.PR:Santa Terezinha de Itaipu,0.5833333333333334,0.0,26.334146892981053,0.0,False
Brazil.regions.PR:Umuarama,0.5833333333333334,0.0,29.699410468687713,0.0,False
Brazil.regions.RJ:Miracema,0.16666666666666666,0.0,25.38249655378881,0.0,False
Brazil.regions.RJ:Paty do Alferes,0.4166666666666667,0.0,23.3935372853184,0.0,False
Brazil.regions.RN:Areia Branca,0.5833333333333334,0.0,26.9953235379142,0.0,False
Brazil.regions.RN:Bom Jesus,0.5833333333333334,0.0,20.801493909699847,0.0,False
Brazil.regions.RN:Lagoa Nova,0.0,0.0,12.919162723407519,0.0,False
Brazil.regions.RN:Nísia Floresta,0.5833333333333334,0.0,26.97288732957226,0.0,False
Brazil.regions.RN:Tenente Laurentino Cruz,0.0,0.0,2.5225962287673376,0.0,False
Brazil.regions.RS:Arroio do Sal,0.5833333333333334,0.0,20.660393433023515,0.0,False
Brazil.regions.RS:Guaporé,0.0,0.0,15.436704497934368,0.0,False
Brazil.regions.RS:Horizontina,0.5833333333333334,0.0,25.422239817370365,0.0,False
Brazil.regions.RS:São Marcos,0.5833333333333334,0.0,25.95673359790281,0.0,False
Brazil.regions.RS:Três Passos,26.5,0.0,86.87818216624882,0.0,False
Brazil.regions.RS:Tupandi,0.5833333333333334,0.0,11.059866565172614,0.0,False
Brazil.regions.RS:Vera Cruz,0.4642857142857143,0.0,24.572783708106414,0.0,False
Brazil.regions.RS:Veranópolis,0.5833333333333334,0.0,26.78498282456907,0.0,False
Brazil.regions.SC:Rodeio,0.5833333333333334,0.0,21.938554092743644,0.0,False
Brazil.regions.SC:Urussanga,0.3611111111111111,0.0,24.849047066544674,0.0,False
Brazil.regions.SE:Campo do Brito,0.5833333333333334,0.0,25.073697129628968,0.0,False
Brazil.regions.SP:Adamantina,0.5833333333333334,0.0,27.744210603847286,0.0,False
Brazil.regions.SP:Brodowski,0.5833333333333334,0.0,26.586029331859592,0.0,False
Brazil.regions.SP:Dumont,0.3611111111111111,0.0,18.21009956220827,0.0,False
Brazil.regions.SP:Elias Fausto,0.5833333333333334,0.0,24.968984485175074,0.0,False
Brazil.regions.SP:Ibitinga,0.3888888888888889,0.0,27.865833212023244,0.0,False
Brazil.regions.SP:Jardinópolis,1.5555555555555556,0.0,23.52305770904043,0.0,False
Brazil.regions.SP:Lençóis Paulista,0.3611111111111111,0.0,28.809774184427283,0.0,False
Brazil.regions.SP:Roseira,0.2857142857142857,0.0,15.509395627588958,0.0,False
Brazil.regions.SP:Saltinho,0.5833333333333334,0.0,18.527263844141974,0.0,False
Brazil.regions.SP:Socorro,0.25,0.0,26.124813732899707,0.0,False
Brazil.regions.SP:Valentim Gentil,0.9,0.0,5.065829684587393,0.0,False
Brunei_Darussalam,35.72222222222222,0.0,21.89910917115496,0.0,False
United_States_of_America.regions.California:Yolo,0.3611111111111111,0.0,30.041517412117823,0.0,False
United_States_of_America.regions.Connecticut:Windham,0.3611111111111111,0.0,28.93079252970928,0.0,False
United_States_of_America.regions.Florida:Bay,1.5,0.0,28.830933359436685,0.0,False
United_States_of_America.regions.Florida:Flagler,8.13888888888889,0.0,22.147657364515965,0.0,False
United_States_of_America.regions.Florida:Marion,6.694444444444445,0.0,28.331520732080794,0.0,False
United_States_of_America.regions.Florida:Okaloosa,0.5833333333333334,0.0,30.121290337251885,0.0,False
United_States_of_America.regions.Georgia:Bartow,9.36111111111111,0.0,20.43742485086906,0.0,False
United_States_of_America.regions.Georgia:Jackson,3.3333333333333335,0.0,23.858530681704867,0.0,False
United_States_of_America.regions.Georgia:Lowndes,1.3611111111111112,0.0,28.087896705825276,0.0,False
United_States_of_America.regions.Georgia:Oconee,4.277777777777778,0.0,16.04489187603043,0.0,False
United_States_of_America.regions.Iowa:Black Hawk,1.0833333333333333,0.0,28.56372655633418,0.0,False
United_States_of_America.regions.Kentucky:Daviess,8.527777777777779,0.0,20.63520685533378,0.0,False
United_States_of_America.regions.Louisiana:Livingston,4.194444444444445,0.0,26.49195723722606,0.0,False
United_States_of_America.regions.Maine:Androscoggin,0.5833333333333334,0.0,28.594772663427495,0.0,False
United_States_of_America.regions.Michigan:Bay,0.5833333333333334,0.0,29.62612563784284,0.0,False
United_States_of_America.regions.Michigan:Jackson,1.25,0.0,29.263965932342362,0.0,False
United_States_of_America.regions.Michigan:St. Clair,0.6944444444444444,0.0,29.164400896318107,0.0,False
United_States_of_America.regions.Minnesota:Sherburne,2.4722222222222223,0.0,26.42506148650195,0.0,False
United_States_of_America.regions.Missouri:Buchanan,3.5,0.0,24.777245678601926,0.0,False
United_States_of_America.regions.New York:Tompkins,3.9444444444444446,0.0,25.18597000840612,0.0,False
United_States_of_America.regions.North Carolina:Harnett,3.138888888888889,0.0,27.122978129038025,0.0,False
United_States_of_America.regions.North Carolina:Wayne,0.5833333333333334,0.0,29.7836700399118,0.0,False
United_States_of_America.regions.North Carolina:Wilson,0.1388888888888889,0.0,28.4904328030196,0.0,False
United_States_of_America.regions.Ohio:Geauga,0.16666666666666666,0.0,29.083072367269097,0.0,False
United_States_of_America.regions.Oregon:Clackamas,2.4722222222222223,0.0,29.626018458245692,0.0,False
United_States_of_America.regions.Pennsylvania:Blair,3.3333333333333335,0.0,26.56010194802094,0.0,False
United_States_of_America.regions.Tennessee:Anderson,0.8055555555555556,0.0,27.492473433549765,0.0,False
United_States_of_America.regions.Tennessee:Blount,1.7222222222222223,0.0,28.112076462236406,0.0,False
United_States_of_America.regions.Tennessee:Loudon,3.7777777777777777,0.0,20.68031584727147,0.0,False
United_States_of_America.regions.Virginia:Frederick,7.916666666666667,0.0,19.959063795128365,0.0,False
United_States_of_America.regions.Virginia:Hanover,0.5833333333333334,0.0,29.667876749597287,0.0,False
United_States_of_America.regions.Virginia:Suffolk city,0.5833333333333334,0.0,29.510131179060473,0.0,False
United_States_of_America.regions.West Virginia:Wood,0.3333333333333333,0.0,28.300898734973348,0.0,False
United_States_of_America.regions.Wisconsin:Rock,4.5,0.0,26.871794610943148,0.0,False
United_States_of_America.regions.Wisconsin:Sheboygan,2.8333333333333335,0.0,26.766554780140325,0.0,False
United_States_of_America.regions.Texas,0.3888888888888889,0.0,30.5890114721448,0.0,False
Bahamas,1.4444444444444444,0.0,29.810682570296176,0.0,False
Brazil.regions.AC:Rio Branco,11.11111111111111,0.0,27.47922781457015,0.0,False
Sweden.regions.Jönköping,3.4166666666666665,0.0,29.210099908589783,0.0,False
Sweden.regions.Uppsala,2.0,0.0,29.64369542886855,0.0,False
Sweden.regions.Örebro,1.8055555555555556,0.0,29.474600147560054,0.0,False
Sweden.regions.Östergötland,41.19444444444444,0.0,21.328189011724945,0.0,False
United_States_of_America.regions.Arizona:Pinal,2.5277777777777777,0.0,29.70747940420005,0.0,False
United_States_of_America.regions.California:San Luis Obispo,11.722222222222221,0.0,25.89604683882347,0.0,False
United_States_of_America.regions.California:Tulare,2.5833333333333335,0.0,29.70205272516724,0.0,False
United_States_of_America.regions.Nevada:Washoe,0.25,0.0,30.206998897273454,0.0,False
United_States_of_America.regions.Texas:Webb,2.5,0.0,29.119831345229574,0.0,False
United_States_of_America.regions.North Dakota,1.8611111111111112,0.0,30.187564123579605,0.0,False
Brazil.regions.BA:Governador Mangabeira,0.5833333333333334,0.0,25.77002418800466,0.0,False
Brazil.regions.MA:Imperatriz,1.0,0.0,29.597161062754374,0.0,False
Brazil.regions.MT:Cuiabá,4.166666666666667,0.0,29.65710972542889,0.0,False
Brazil.regions.PA:Castanhal,0.5833333333333334,0.0,30.097787874940593,0.0,False
Brazil.regions.PB:Areial,0.9285714285714286,0.0,11.291503773827916,0.0,False
Brazil.regions.PB:Borborema,0.5833333333333334,0.0,11.595243187408345,0.0,False
Brazil.regions.PE:Escada,1.6944444444444444,0.0,25.836789207735315,0.0,False
Brazil.regions.RJ:Cordeiro,0.3611111111111111,0.0,25.021507712297684,0.0,False
Brazil.regions.RJ:Mendes,0.5833333333333334,0.0,25.223512785469424,0.0,False
Brazil.regions.RJ:Nova Friburgo,8.222222222222221,0.0,25.452077109353528,0.0,False
Brazil.regions.RN:Extremoz,3.4166666666666665,0.0,13.102897835233414,0.0,False
Brazil.regions.RS:Farroupilha,0.5833333333333334,0.0,29.21328012740499,0.0,False
Brazil.regions.SC:Balneário Rincão,0.4166666666666667,0.0,14.921832013286284,0.0,False
Brazil.regions.SC:Garopaba,0.1388888888888889,0.0,23.133198496898913,0.0,False
Brazil.regions.SP:Marília,0.5833333333333334,0.0,29.688810304890353,0.0,False
British_Virgin_Islands,1.1388888888888888,0.0,21.461452348787013,0.0,False
Saint_Kitts_and_Nevis,4.444444444444445,0.0,19.101414207964595,0.0,False
United_States_of_America.regions.Arkansas:Pulaski,9.944444444444445,0.0,27.654385743228673,0.0,False
United_States_of_America.regions.California:Marin,0.5833333333333334,0.0,30.209453256126544,0.0,False
United_States_of_America.regions.Delaware,10.63888888888889,0.0,29.340660803904377,0.0,False
United_States_of_America.regions.Florida:Escambia,2.111111111111111,0.0,29.539909287925614,0.0,False
United_States_of_America.regions.Florida:Volusia,1.3333333333333333,0.0,30.068657771373857,0.0,False
United_States_of_America.regions.Georgia:Hall,5.611111111111111,0.0,27.076732176513275,0.0,False
United_States_of_America.regions.Illinois:McHenry,0.3333333333333333,0.0,29.973061878319292,0.0,False
United_States_of_America.regions.Kansas:Sedgwick,6.027777777777778,0.0,29.1209117214685,0.0,False
United_States_of_America.regions.Michigan:Ingham,1.1111111111111112,0.0,29.674339484939335,0.0,False
United_States_of_America.regions.Michigan:Ottawa,1.0555555555555556,0.0,29.805779432944746,0.0,False
United_States_of_America.regions.Michigan:Washtenaw,6.361111111111111,0.0,28.434653565540398,0.0,False
United_States_of_America.regions.North Carolina:Cumberland,6.444444444444445,0.0,28.20309712900037,0.0,False
United_States_of_America.regions.Oklahoma:Cleveland,7.333333333333333,0.0,27.45629660790916,0.0,False
United_States_of_America.regions.Pennsylvania:Berks,11.38888888888889,0.0,27.51572511003207,0.0,False
United_States_of_America.regions.Pennsylvania:Dauphin,17.0,0.0,23.918342809957196,0.0,False
United_States_of_America.regions.Pennsylvania:York,11.083333333333334,0.0,27.775093683496728,0.0,False
United_States_of_America.regions.Tennessee:Rutherford,0.5833333333333334,0.0,30.294866727839732,0.0,False
United_States_of_America.regions.Texas:Williamson,11.916666666666666,0.0,28.309812503468645,0.0,False
United_States_of_America.regions.Wisconsin:Brown,1.2222222222222223,0.0,29.535280073453844,0.0,False
Brazil.regions.GO:Valparaíso de Goiás,0.6388888888888888,0.0,29.276736452708974,0.0,False
Brazil.regions.PA:Ananindeua,3.5833333333333335,0.0,29.622069114507262,0.0,False
Sweden,0.5833333333333334,0.0,30.585993084556094,0.0,False
Peru,17.166666666666668,0.0,30.537199775049917,0.0,False
Brazil.regions.BA:Abaíra,0.5833333333333334,0.0,19.152856344456218,0.0,False
Brazil.regions.BA:Caetité,0.0,0.0,17.361925543685572,0.0,False
Brazil.regions.BA:Capela do Alto Alegre,0.5833333333333334,0.0,22.00253314951187,0.0,False
Brazil.regions.BA:Caém,1.0,0.0,2.3847839458106606,0.0,False
Brazil.regions.BA:Dom Basílio,0.4166666666666667,0.0,14.20102674660247,0.0,False
Brazil.regions.BA:Ipirá,2.3055555555555554,0.0,24.070284403621386,0.0,False
Brazil.regions.BA:Itagibá,0.3611111111111111,0.0,22.212369743213692,0.0,False
Brazil.regions.BA:Jussari,0.5833333333333334,0.0,13.451976413835105,0.0,False
Brazil.regions.BA:Medeiros Neto,0.5833333333333334,0.0,26.188196843436927,0.0,False
Brazil.regions.BA:Miguel Calmon,0.0,0.3333333333333333,15.480917011168678,1.280918162138621,False
Brazil.regions.BA:Paramirim,0.5833333333333334,0.0,25.96768343175003,0.0,False
Brazil.regions.BA:Prado,0.1388888888888889,0.0,24.483006282445174,0.0,False
Brazil.regions.BA:Rafael Jambeiro,0.7222222222222222,0.0,20.4037104877609,0.0,False
Brazil.regions.BA:Rio do Pires,0.3611111111111111,0.0,20.109136051165038,0.0,False
Brazil.regions.BA:Santa Cruz Cabrália,2.0833333333333335,0.0,17.395918803664063,0.0,False
Brazil.regions.BA:Santa Maria da Vitória,0.5833333333333334,0.0,28.086088019416625,0.0,False
Brazil.regions.BA:Seabra,0.3611111111111111,0.0,27.193758363384816,0.0,False
Brazil.regions.BA:Sobradinho,0.6666666666666667,0.0,16.426019481927604,0.0,False
Brazil.regions.BA:Sátiro Dias,0.5833333333333334,0.0,24.806430931597376,0.0,False
Brazil.regions.BA:Urandi,0.0,0.0,13.320549874340452,0.0,False
Brazil.regions.CE:Araripe,0.5833333333333334,0.0,25.966183574879224,0.0,False
Brazil.regions.CE:Boa Viagem,0.5833333333333334,0.0,28.75994024691752,0.0,False
Brazil.regions.CE:Ererê,0.16666666666666666,0.0,10.914420224977508,0.0,False
Brazil.regions.CE:Granja,0.16666666666666666,0.0,28.00819965393775,0.0,False
Brazil.regions.CE:Hidrolândia,0.1388888888888889,0.0,21.975219440257067,0.0,False
Brazil.regions.CE:Iracema,1.1388888888888888,0.0,12.01634176526041,0.0,False
Brazil.regions.CE:Irauçuba,0.5833333333333334,0.0,26.456054966389967,0.0,False
Brazil.regions.CE:Jaguaribara,4.0,0.0,18.962749780921083,0.0,False
Brazil.regions.CE:Madalena,1.3611111111111112,0.0,15.642563270811003,0.0,False
Brazil.regions.CE:Mombaça,1.2777777777777777,0.0,24.063148613073118,0.0,False
Brazil.regions.CE:Quiterianópolis,0.5833333333333334,0.0,25.85288017472324,0.0,False
Brazil.regions.CE:Santana do Cariri,5.361111111111111,0.0,9.429842517535958,0.0,False
Brazil.regions.CE:Senador Sá,0.5833333333333334,0.0,17.477618268132105,0.0,False
Brazil.regions.CE:Tarrafas,1.0,0.0,3.9537959139610805,0.0,False
Brazil.regions.CE:Uruoca,0.5833333333333334,0.0,23.370379678497297,0.0,False
Brazil.regions.ES:Montanha,0.5833333333333334,0.0,25.285984711969164,0.0,False
Brazil.regions.ES:Santa Leopoldina,0.5833333333333334,0.0,22.415184932257546,0.0,False
Brazil.regions.GO:Aloândia,0.5833333333333334,0.0,19.52950007869917,0.0,False
Brazil.regions.GO:Bom Jesus de Goiás,0.5833333333333334,0.0,26.63007716389972,0.0,False
Brazil.regions.GO:Itapuranga,1.5357142857142856,0.0,16.653029024288287,0.0,False
Brazil.regions.GO:Leopoldo de Bulhões,3.0,0.0,32.98442318006682,0.0,False
Brazil.regions.GO:Nova Glória,0.5833333333333334,0.0,18.346915605292786,0.0,False
Brazil.regions.GO:Palmeiras de Goiás,3.4722222222222223,0.0,13.077081637679708,0.0,False
Brazil.regions.GO:Uruaçu,0.5833333333333334,0.0,28.128626783902916,0.0,False
Brazil.regions.MA:Afonso Cunha,0.0,0.0,3.9956518777194283,0.0,False
Brazil.regions.MA:Alcântara,0.5833333333333334,0.0,26.07031200525104,0.0,False
Brazil.regions.MA:Alto Alegre do Pindaré,2.4166666666666665,0.0,18.06409228593371,0.0,False
Brazil.regions.MA:Araguanã,1.3333333333333333,0.0,11.771017123358455,0.0,False
Brazil.regions.MA:Bacuri,4.722222222222222,0.0,6.2317679343038135,0.0,False
Brazil.regions.MA:Barreirinhas,0.5833333333333334,0.0,28.996529683526255,0.0,False
Brazil.regions.MA:Buriti,5.611111111111111,0.0,8.858629346889298,0.0,False
Brazil.regions.MA:Buritirana,1.75,0.0,8.992875204940916,0.0,False
Brazil.regions.MA:Capinzal do Norte,2.4722222222222223,0.0,15.164917185737758,0.0,False
Brazil.regions.MA:Colinas,0.5833333333333334,0.0,28.16733197666875,0.0,False
Brazil.regions.MA:Gonçalves Dias,4.138888888888889,0.0,4.6120082097409565,0.0,False
Brazil.regions.MA:Governador Eugênio Barros,0.4642857142857143,0.0,22.352899297122697,0.0,False
Brazil.regions.MA:Humberto de Campos,4.25,0.0,10.718718777319628,0.0,False
Brazil.regions.MA:João Lisboa,10.416666666666666,0.0,25.21349909563385,0.0,False
Brazil.regions.MA:Matões do Norte,0.0,0.0,13.35173957760843,0.0,False
Brazil.regions.MA:Paulo Ramos,0.5833333333333334,0.0,25.84296149348224,0.0,False
Brazil.regions.MA:Porto Franco,1.5,0.0,17.686734982472714,0.0,False
Brazil.regions.MA:Poção de Pedras,6.866666666666667,0.0,24.690577182920503,0.0,False
Brazil.regions.MA:Presidente Médici,0.5833333333333334,0.0,16.34064570629075,0.0,False
Brazil.regions.MA:Santa Helena,20.88888888888889,0.0,28.20507136169148,0.0,False
Brazil.regions.MA:Santa Quitéria do Maranhão,8.805555555555555,0.0,11.102206135490523,0.0,False
Brazil.regions.MA:Santo Antônio dos Lopes,42.0,0.0,269.3995979555499,0.0,False
Brazil.regions.MA:Senador La Rocque,2.3333333333333335,0.0,9.930276407126836,0.0,False
Brazil.regions.MA:São Benedito do Rio Preto,0.5833333333333334,0.0,25.237617844706037,0.0,False
Brazil.regions.MA:São João do Carú,6.583333333333333,0.0,21.787890542657898,0.0,False
Brazil.regions.MA:São João dos Patos,0.5833333333333334,0.0,26.739127640082923,0.0,False
Brazil.regions.MA:São Luís Gonzaga do Maranhão,0.16666666666666666,0.0,23.082731603603754,0.0,False
Brazil.regions.MA:São Pedro da Água Branca,0.5833333333333334,0.0,22.715592558330762,0.0,False
Brazil.regions.MA:Timbiras,6.555555555555555,0.0,5.312118696866374,0.0,False
Brazil.regions.MA:Turilândia,34.72222222222222,0.0,111.11758527144866,0.0,False
Brazil.regions.MA:Urbano Santos,0.3611111111111111,0.0,26.90575154693316,0.0,False
Brazil.regions.MG:Aimorés,1.4166666666666667,0.0,18.67544128890509,0.0,False
Brazil.regions.MG:Almenara,0.1388888888888889,0.0,26.485105207988376,0.0,False
Brazil.regions.MG:Caldas,1.2222222222222223,0.0,11.917709806852251,0.0,False
Brazil.regions.MG:Candeias,1.0,0.0,5.8882287997476475,0.0,False
Brazil.regions.MG:Capitólio,0.5833333333333334,0.0,19.01101246308161,0.0,False
Brazil.regions.MG:Delfim Moreira,2.857142857142857,0.0,26.779667576091793,0.0,False
Brazil.regions.MG:Espinosa,0.5833333333333334,0.0,27.432957778630378,0.0,False
Brazil.regions.MG:Espírito Santo do Dourado,0.5833333333333334,0.0,10.940608127308895,0.0,False
Brazil.regions.MG:Estrela Dalva,1.3611111111111112,0.0,95.07403077519426,0.0,False
Brazil.regions.MG:Faria Lemos,0.5833333333333334,0.0,9.35030787599104,0.0,False
Brazil.regions.MG:Icaraí de Minas,0.5833333333333334,0.0,22.25552963486749,0.0,False
Brazil.regions.MG:Itapecerica,0.5555555555555556,0.0,20.767263949436302,0.0,False
Brazil.regions.MG:Jaboticatubas,0.5833333333333334,0.0,25.63130940666345,0.0,False
Brazil.regions.MG:Ladainha,0.4642857142857143,0.0,22.773869854553467,0.0,False
Brazil.regions.MG:Lima Duarte,0.5833333333333334,0.0,24.607072037902082,0.0,False
Brazil.regions.MG:Minas Novas,0.5833333333333334,0.0,27.41959671359284,0.0,False
Brazil.regions.MG:Monte Azul,0.5833333333333334,0.0,25.800570085682736,0.0,False
Brazil.regions.MG:Piedade dos Gerais,0.5833333333333334,0.0,11.14737693377318,0.0,False
Brazil.regions.MG:Santa Maria de Itabira,0.5833333333333334,0.0,21.376674272085143,0.0,False
Brazil.regions.MG:Santo Antônio do Aventureiro,0.5833333333333334,0.0,9.865694581915038,0.0,False
Brazil.regions.MG:São Sebastião do Oeste,1.6388888888888888,0.0,16.964662400247196,0.0,False
Brazil.regions.MG:São Vicente de Minas,0.6388888888888888,0.0,7.3481156914030965,0.0,False
Brazil.regions.MG:Tabuleiro,0.16666666666666666,0.0,11.175523349436395,0.0,False
Brazil.regions.MG:Várzea da Palma,3.071428571428571,0.0,16.810519853987106,0.0,False
Brazil.regions.MS:Glória de Dourados,0.0,0.0,9.288548567328643,0.0,False
Brazil.regions.MS:Itaporã,0.0,0.0,15.297744527899772,0.0,False
Brazil.regions.MS:Vicentina,0.0,1.0,4.648036519269045,16.38806948541462,False
Brazil.regions.PA:Aurora do Pará,2.4722222222222223,0.0,17.654478226030477,0.0,False
Brazil.regions.PA:Capitão Poço,0.5833333333333334,0.0,28.754294319732693,0.0,False
Brazil.regions.PA:Garrafão do Norte,1.3055555555555556,0.0,19.51283580525738,0.0,False
Brazil.regions.PA:Peixe-Boi,0.5833333333333334,0.0,18.214978736265703,0.0,False
Brazil.regions.PA:São Domingos do Araguaia,0.3888888888888889,0.0,24.183132182131864,0.0,False
Brazil.regions.PA:São Domingos do Capim,0.8055555555555556,0.0,25.385688890942735,0.0,False
Brazil.regions.PA:São Sebastião da Boa Vista,5.0,0.0,9.058877718298008,0.0,False
Brazil.regions.PB:Aguiar,0.0,0.0,1.5931750436838321,0.0,False
Brazil.regions.PB:Amparo,6.733333333333333,0.0,326.22294750747955,0.0,False
Brazil.regions.PB:Serra Branca,0.5833333333333334,0.0,23.2960102991873,0.0,False
Brazil.regions.PB:São José do Sabugi,21.22222222222222,0.0,520.129991083237,0.0,False
Brazil.regions.PE:Cabrobó,0.5833333333333334,0.0,27.673630918777874,0.0,False
Brazil.regions.PE:Inajá,0.5833333333333334,0.0,26.29418288661838,0.0,False
Brazil.regions.PI:Batalha,3.75,0.0,10.737551547088694,0.0,False
Brazil.regions.PI:Boa Hora,0.5833333333333334,0.0,15.848725754280274,0.0,False
Brazil.regions.PI:Bonfim do Piauí,0.5833333333333334,0.0,12.959128901157886,0.0,False
Brazil.regions.PI:Cabeceiras do Piauí,0.0,0.0,9.877232804971657,0.0,False
Brazil.regions.PI:Campo Grande do Piauí,4.666666666666667,0.0,76.02660053113271,0.0,False
Brazil.regions.PI:Capitão de Campos,0.0,0.0,10.564803143375904,0.0,False
Brazil.regions.PI:Cocal dos Alves,0.5833333333333334,0.0,14.343578522240042,0.0,False
Brazil.regions.PI:Francinópolis,0.3611111111111111,0.0,7.74199453917187,0.0,False
Brazil.regions.PI:Francisco Santos,0.5833333333333334,0.0,19.865048100956976,0.0,False
Brazil.regions.PI:Hugo Napoleão,2.0,0.0,58.05574557747349,0.0,False
Brazil.regions.PI:Ipiranga do Piauí,0.5833333333333334,0.0,20.40317229124823,0.0,False
Brazil.regions.PI:Monsenhor Gil,0.5833333333333334,0.0,21.129701883039715,0.0,False
Brazil.regions.PI:Monsenhor Hipólito,0.8611111111111112,0.0,7.3682563372677645,0.0,False
Brazil.regions.PI:São José do Piauí,0.5833333333333334,0.0,15.681570102346294,0.0,False
Brazil.regions.PI:Várzea Grande,0.6944444444444444,0.0,13.227539422424217,0.0,False
Brazil.regions.PR:Amaporã,4.166666666666667,0.0,62.41511922106179,0.0,False
Brazil.regions.PR:Chopinzinho,0.5833333333333334,0.0,25.402087225491513,0.0,False
Brazil.regions.PR:Cruzeiro do Sul,0.5833333333333334,0.0,10.763358531072349,0.0,False
Brazil.regions.PR:Iretama,0.5833333333333334,0.0,20.762004570424878,0.0,False
Brazil.regions.PR:Mallet,0.3611111111111111,0.0,21.628665572651027,0.0,False
Brazil.regions.PR:Paranapoema,0.5833333333333334,0.0,9.289298529005869,0.0,False
Brazil.regions.PR:Ramilândia,0.5833333333333334,0.0,10.74827672661086,0.0,False
Brazil.regions.PR:Reserva,2.0,0.0,8.094025231441925,0.0,False
Brazil.regions.PR:Santa Cruz de Monte Castelo,0.5833333333333334,0.0,17.775300383996036,0.0,False
Brazil.regions.PR:Santana do Itararé,0.5833333333333334,0.0,11.154078409513193,0.0,False
Brazil.regions.PR:Santo Inácio,0.5833333333333334,0.0,10.026064569774693,0.0,False
Brazil.regions.PR:São João do Caiuá,3.3055555555555554,0.0,52.9035700386831,0.0,False
Brazil.regions.RJ:Rio das Flores,0.5833333333333334,0.0,19.82459390248387,0.0,False
Brazil.regions.RJ:Trajano de Moraes,0.5833333333333334,0.0,21.184934228412494,0.0,False
Brazil.regions.RN:Acari,0.5833333333333334,0.0,21.615928147037593,0.0,False
Brazil.regions.RN:Afonso Bezerra,0.3611111111111111,0.0,19.51994349701251,0.0,False
Brazil.regions.RN:Bento Fernandes,0.25,0.0,5.774193331042522,0.0,False
Brazil.regions.RN:Caraúbas,0.5833333333333334,0.0,25.716098179866297,0.0,False
Brazil.regions.RN:Jucurutu,0.2857142857142857,0.0,19.378746186973668,0.0,False
Brazil.regions.RN:Lajes,0.5833333333333334,0.0,21.7282065715391,0.0,False
Brazil.regions.RN:Ouro Branco,0.5833333333333334,0.0,11.029190309251026,0.0,False
Brazil.regions.RN:Porto do Mangue,0.5833333333333334,0.0,15.06062600550311,0.0,False
Brazil.regions.RN:Serra do Mel,0.5833333333333334,0.0,22.21920070660301,0.0,False
Brazil.regions.RO:Ouro Preto do Oeste,1.8055555555555556,0.0,21.19137616027717,0.0,False
Brazil.regions.RS:Alecrim,0.0,0.0,2.5169488085089107,0.0,False
Brazil.regions.RS:Alpestre,4.416666666666667,0.0,66.39617231972062,0.0,False
Brazil.regions.RS:Barra do Ribeiro,0.4642857142857143,0.0,20.88302714807341,0.0,False
Brazil.regions.RS:Barros Cassal,0.5833333333333334,0.0,21.6664445108755,0.0,False
Brazil.regions.RS:Caibaté,0.0,0.0,1.3119042349783996,0.0,False
Brazil.regions.RS:Camargo,0.0,0.0,17.266156530223725,0.0,False
Brazil.regions.RS:Campinas do Sul,0.5833333333333334,0.0,12.260646354490522,0.0,False
Brazil.regions.RS:Ciríaco,0.5833333333333334,0.0,10.981764226376384,0.0,False
Brazil.regions.RS:Doutor Ricardo,0.25,0.0,61.856699822890704,0.0,False
Brazil.regions.RS:Erebango,2.0,0.0,80.97723121053983,0.0,False
Brazil.regions.RS:Espumoso,0.5833333333333334,0.0,24.18062203181191,0.0,False
Brazil.regions.RS:Fontoura Xavier,0.4166666666666667,0.0,11.25776397515528,0.0,False
Brazil.regions.RS:General Câmara,0.4166666666666667,0.0,10.517400810626292,0.0,False
Brazil.regions.RS:Machadinho,0.5833333333333334,0.0,11.378608216552879,0.0,False
Brazil.regions.RS:Marcelino Ramos,0.5833333333333334,0.0,10.706595816131008,0.0,False
Brazil.regions.RS:Minas do Leão,0.4166666666666667,0.0,10.364786646924216,0.0,False
Brazil.regions.RS:Montauri,0.5833333333333334,0.0,38.22731136534661,0.0,False
Brazil.regions.RS:Muliterno,0.0,0.0,33.50253029850633,0.0,False
Brazil.regions.RS:Rio Pardo,0.5833333333333334,0.0,27.98314174794452,0.0,False
Brazil.regions.RS:Santiago,0.5833333333333334,0.0,28.57254562737178,0.0,False
Brazil.regions.RS:São José do Herval,0.9333333333333332,0.0,78.76528503886057,0.0,False
Brazil.regions.RS:Sério,1.9166666666666667,0.0,147.79358536837597,0.0,False
Brazil.regions.RS:Três Arroios,0.5833333333333334,0.0,8.245877061469267,0.0,False
Brazil.regions.SC:Abelardo Luz,0.3333333333333333,0.0,19.8905704282205,0.0,False
Brazil.regions.SC:Alto Bela Vista,0.4166666666666667,0.0,72.65663904123198,0.0,False
Brazil.regions.SC:Botuverá,0.6666666666666666,0.0,12.81706543686686,0.0,False
Brazil.regions.SC:Campo Erê,0.5833333333333334,0.0,18.866983741689246,0.0,False
Brazil.regions.SC:Grão Pará,0.5833333333333334,0.0,15.372796002499419,0.0,False
Brazil.regions.SC:Paial,0.3333333333333333,0.0,96.75745368364174,0.0,False
Brazil.regions.SC:Paulo Lopes,0.4722222222222222,0.0,12.779305570059913,0.0,False
Brazil.regions.SC:Petrolândia,0.0,0.0,2.48014783243379,0.0,False
Brazil.regions.SC:Timbé do Sul,0.5833333333333334,0.0,11.897234296505866,0.0,False
Brazil.regions.SC:Vidal Ramos,0.5833333333333334,0.0,14.817965302962628,0.0,False
Brazil.regions.SC:Xavantina,0.5833333333333334,0.0,10.255106364946181,0.0,False
Brazil.regions.SC:Zortéa,3.5277777777777777,0.0,121.38489185380546,0.0,False
Brazil.regions.SC:Águas Mornas,0.5833333333333334,0.0,15.13747343020062,0.0,False
Brazil.regions.SP:Adolfo,0.5833333333333334,0.0,9.813734345628982,0.0,False
Brazil.regions.SP:Altinópolis,0.17857142857142858,0.0,18.144256850225176,0.0,False
Brazil.regions.SP:Arealva,0.5833333333333334,0.0,18.913570213854648,0.0,False
Brazil.regions.SP:Bananal,0.3333333333333333,0.0,13.084011773109435,0.0,False
Brazil.regions.SP:Castilho,0.3611111111111111,0.0,24.777369796805242,0.0,False
Brazil.regions.SP:Cosmorama,0.3333333333333333,0.0,9.730153094764754,0.0,False
Brazil.regions.SP:Getulina,0.5833333333333334,0.0,21.830803124747266,0.0,False
Brazil.regions.SP:Guaraci,0.2857142857142857,0.0,15.90657248116327,0.0,False
Brazil.regions.SP:Gália,0.0,0.0,4.051832768201523,0.0,False
Brazil.regions.SP:Itapura,0.25,0.0,6.773394568286362,0.0,False
Brazil.regions.SP:Itatinga,0.5833333333333334,0.0,25.764195095604187,0.0,False
Brazil.regions.SP:Itaóca,0.0,0.0,10.724405425492382,0.0,False
Brazil.regions.SP:Meridiano,0.5833333333333334,0.0,10.1479500083118,0.0,False
Brazil.regions.SP:Murutinga do Sul,0.0,0.0,2.967902287524687,0.0,False
Brazil.regions.SP:Palestina,0.0,0.0,11.605835578776176,0.0,False
Brazil.regions.SP:Paranapanema,0.8055555555555556,0.0,18.767873961607,0.0,False
Brazil.regions.SP:Pedro de Toledo,0.4166666666666667,0.0,12.94512041481686,0.0,False
Brazil.regions.SP:Planalto,2.4,0.0,45.782010019749855,0.0,False
Brazil.regions.SP:Presidente Bernardes,1.5833333333333333,0.0,6.433851761912592,0.0,False
Brazil.regions.SP:Rancharia,0.5833333333333334,0.0,25.733509894028348,0.0,False
Brazil.regions.SP:Riolândia,0.0,0.0,11.335174932638065,0.0,False
Brazil.regions.SP:Sagres,0.0,0.0,21.794749555047034,0.0,False
Brazil.regions.SP:São João do Pau d'Alho,0.2857142857142857,0.0,22.661217745385873,0.0,False
Brazil.regions.SP:Ubirajara,0.6111111111111112,0.0,15.313066386379099,0.0,False
Sweden.regions.Gotland,0.8333333333333334,0.0,26.51698205686642,0.0,False
United_States_of_America.regions.Alabama:Cherokee,0.1388888888888889,0.0,24.021442223358218,0.0,False
United_States_of_America.regions.Alabama:Franklin,1.1666666666666667,0.0,21.827239771692074,0.0,False
United_States_of_America.regions.Alabama:Geneva,1.0833333333333333,0.0,20.445203533515496,0.0,False
United_States_of_America.regions.Alabama:Lawrence,1.3611111111111112,0.0,21.652657924334992,0.0,False
United_States_of_America.regions.Alabama:Pike,2.888888888888889,0.0,17.090280130213326,0.0,False
United_States_of_America.regions.Arkansas:Carroll,0.3611111111111111,0.0,26.289180990899904,0.0,False
United_States_of_America.regions.Arkansas:Cleburne,14.305555555555555,0.0,41.67225912870205,0.0,False
United_States_of_America.regions.Arkansas:Independence,0.5833333333333334,0.0,24.86767925429956,0.0,False
United_States_of_America.regions.Arkansas:Mississippi,2.4444444444444446,0.0,20.68762453073016,0.0,False
United_States_of_America.regions.California:Lake,2.0555555555555554,0.0,24.944135993797076,0.0,False
United_States_of_America.regions.Colorado:Gilpin,0.5833333333333334,0.0,14.577873111604807,0.0,False
United_States_of_America.regions.Colorado:Summit,2.6944444444444446,0.0,16.8014248333574,0.0,False
United_States_of_America.regions.Florida:Baker,0.3611111111111111,0.0,26.411553628260236,0.0,False
United_States_of_America.regions.Florida:Gilchrist,2.5833333333333335,0.0,9.273948036565438,0.0,False
United_States_of_America.regions.Florida:Hardee,0.1388888888888889,0.0,24.20229417038397,0.0,False
United_States_of_America.regions.Florida:Jackson,0.5833333333333334,0.0,28.44129086211217,0.0,False
United_States_of_America.regions.Florida:Washington,0.5833333333333334,0.0,26.670087926763795,0.0,False
United_States_of_America.regions.Georgia:Bacon,4.138888888888889,0.0,22.387926224793173,0.0,False
United_States_of_America.regions.Georgia:Candler,0.3611111111111111,0.0,19.282083479226785,0.0,False
United_States_of_America.regions.Georgia:Chattahoochee,0.0,0.0,16.079141953630213,0.0,False
United_States_of_America.regions.Georgia:Decatur,4.138888888888889,0.0,8.924012635571492,0.0,False
United_States_of_America.regions.Georgia:Elbert,0.8333333333333334,0.0,18.00507304265272,0.0,False
United_States_of_America.regions.Georgia:Greene,1.6111111111111112,0.0,14.98180364812864,0.0,False
United_States_of_America.regions.Georgia:Jeff Davis,0.5833333333333334,0.0,23.979868778442036,0.0,False
United_States_of_America.regions.Georgia:Long,0.5833333333333334,0.0,25.483077379568936,0.0,False
United_States_of_America.regions.Georgia:Pulaski,0.9722222222222222,0.0,9.764157725060993,0.0,False
United_States_of_America.regions.Georgia:Rabun,1.5833333333333333,0.0,12.117277482581644,0.0,False
United_States_of_America.regions.Georgia:Tattnall,0.1388888888888889,0.0,23.784841828165337,0.0,False
United_States_of_America.regions.Georgia:Wayne,1.5833333333333333,0.0,20.014509810695024,0.0,False
United_States_of_America.regions.Illinois:Christian,0.5833333333333334,0.0,27.500221327341947,0.0,False
United_States_of_America.regions.Illinois:Douglas,1.6944444444444444,0.0,16.558754520238715,0.0,False
United_States_of_America.regions.Illinois:Lee,6.416666666666667,0.0,7.132650370158785,0.0,False
United_States_of_America.regions.Illinois:Logan,0.4166666666666667,0.0,23.60720463647475,0.0,False
United_States_of_America.regions.Illinois:Macoupin,6.305555555555555,0.0,13.03607298973592,0.0,False
United_States_of_America.regions.Illinois:McDonough,0.9166666666666666,0.0,22.173200173041977,0.0,False
United_States_of_America.regions.Illinois:Perry,0.5833333333333334,0.0,25.81478432709444,0.0,False
United_States_of_America.regions.Illinois:Wabash,0.25,0.0,14.681461352657006,0.0,False
United_States_of_America.regions.Indiana:Brown,0.8333333333333334,0.0,14.582914538548968,0.0,False
United_States_of_America.regions.Indiana:Carroll,0.25,0.0,21.54544378488437,0.0,False
United_States_of_America.regions.Indiana:Fulton,0.5833333333333334,0.0,25.589304743509558,0.0,False
United_States_of_America.regions.Indiana:Jay,1.0555555555555556,0.0,17.682870902253576,0.0,False
United_States_of_America.regions.Indiana:Orange,0.7222222222222222,0.0,18.860317146504403,0.0,False
United_States_of_America.regions.Indiana:Owen,0.9722222222222222,0.0,18.30889770109256,0.0,False
United_States_of_America.regions.Indiana:Perry,2.0,0.0,11.902436745990762,0.0,False
United_States_of_America.regions.Indiana:Spencer,0.5833333333333334,0.0,25.664117194250927,0.0,False
United_States_of_America.regions.Indiana:Sullivan,0.3611111111111111,0.0,24.682502341756802,0.0,False
United_States_of_America.regions.Indiana:Switzerland,3.0,0.0,13.073170040031224,0.0,False
United_States_of_America.regions.Indiana:Union,2.8333333333333335,0.0,32.016416263405326,0.0,False
United_States_of_America.regions.Indiana:White,0.9166666666666666,0.0,20.22323001639169,0.0,False
United_States_of_America.regions.Iowa:Boone,0.0,0.0,24.560388437666845,0.0,False
United_States_of_America.regions.Iowa:Dickinson,0.5833333333333334,0.0,24.801399019782934,0.0,False
United_States_of_America.regions.Iowa:Henry,0.16666666666666666,0.0,23.49615064729393,0.0,False
United_States_of_America.regions.Iowa:Jasper,2.2777777777777777,0.0,20.212295358304445,0.0,False
United_States_of_America.regions.Iowa:Sioux,0.1388888888888889,0.0,25.6547079908459,0.0,False
United_States_of_America.regions.Iowa:Webster,0.5833333333333334,0.0,27.810608213421514,0.0,False
United_States_of_America.regions.Kansas:Franklin,0.5833333333333334,0.0,26.680999549638827,0.0,False
United_States_of_America.regions.Kansas:Reno,1.3888888888888888,0.0,25.801751747329238,0.0,False
United_States_of_America.regions.Kentucky:Bath,0.5833333333333334,0.0,22.595813204508858,0.0,False
United_States_of_America.regions.Kentucky:Clinton,0.5833333333333334,0.0,12.65361968979626,0.0,False
United_States_of_America.regions.Kentucky:Grayson,0.4166666666666667,0.0,23.027795646708125,0.0,False
United_States_of_America.regions.Kentucky:Hancock,0.0,0.0,12.442484457279628,0.0,False
United_States_of_America.regions.Kentucky:Hart,0.5833333333333334,0.0,25.342332773723466,0.0,False
United_States_of_America.regions.Kentucky:Logan,0.1388888888888889,0.0,24.24121862764286,0.0,False
United_States_of_America.regions.Kentucky:Martin,0.5833333333333334,0.0,21.6632540263043,0.0,False
United_States_of_America.regions.Kentucky:Pendleton,0.6666666666666666,0.0,15.174291614378632,0.0,False
United_States_of_America.regions.Kentucky:Rockcastle,0.8055555555555556,0.0,20.61278435355548,0.0,False
United_States_of_America.regions.Kentucky:Wayne,0.5833333333333334,0.0,21.57927194973419,0.0,False
United_States_of_America.regions.Louisiana:Avoyelles,5.472222222222222,0.0,13.02019653562794,0.0,False
United_States_of_America.regions.Louisiana:Evangeline,1.25,0.0,22.11150916697829,0.0,False
United_States_of_America.regions.Louisiana:Jefferson Davis,2.4444444444444446,0.0,17.755409679331038,0.0,False
United_States_of_America.regions.Maryland:Garrett,1.4166666666666667,0.0,20.255977263239124,0.0,False
United_States_of_America.regions.Michigan:Alpena,0.0,0.4166666666666667,25.02167719559024,1.4668778970838467,False
United_States_of_America.regions.Michigan:Antrim,2.5277777777777777,0.0,12.969715146237931,0.0,False
United_States_of_America.regions.Michigan:Gladwin,0.5555555555555556,0.0,22.191204422675035,0.0,False
United_States_of_America.regions.Michigan:Iosco,0.5833333333333334,0.0,26.616030500644488,0.0,False
United_States_of_America.regions.Michigan:Manistee,0.5833333333333334,0.0,26.523820371216246,0.0,False
United_States_of_America.regions.Michigan:Oceana,0.25,0.0,23.668948303563027,0.0,False
United_States_of_America.regions.Michigan:Otsego,1.0277777777777777,0.0,21.36207809109156,0.0,False
United_States_of_America.regions.Michigan:Roscommon,0.5833333333333334,0.0,26.432442539618563,0.0,False
United_States_of_America.regions.Minnesota:Dodge,2.611111111111111,0.0,10.559296320757808,0.0,False
United_States_of_America.regions.Minnesota:Freeborn,10.166666666666666,0.0,10.000052646969998,0.0,False
United_States_of_America.regions.Minnesota:Kandiyohi,0.0,0.0,26.930604904934025,0.0,False
United_States_of_America.regions.Mississippi:Clay,0.16666666666666666,0.0,23.261651542328973,0.0,False
United_States_of_America.regions.Mississippi:Covington,1.4722222222222223,0.0,14.199829326232642,0.0,False
United_States_of_America.regions.Mississippi:George,0.5833333333333334,0.0,26.51418055144763,0.0,False
United_States_of_America.regions.Mississippi:Grenada,0.3888888888888889,0.0,21.094790840975655,0.0,False
United_States_of_America.regions.Mississippi:Itawamba,1.4166666666666667,0.0,17.76981918997273,0.0,False
United_States_of_America.regions.Mississippi:Leflore,2.25,0.0,16.9942330557194,0.0,False
United_States_of_America.regions.Mississippi:Marion,1.0,0.0,20.082919649251735,0.0,False
United_States_of_America.regions.Mississippi:Marshall,3.5833333333333335,0.0,15.956875519161018,0.0,False
United_States_of_America.regions.Mississippi:Monroe,0.1388888888888889,0.0,25.710353593076253,0.0,False
United_States_of_America.regions.Mississippi:Neshoba,2.6666666666666665,0.0,16.000030527127166,0.0,False
United_States_of_America.regions.Mississippi:Panola,1.5555555555555556,0.0,21.415628105980286,0.0,False
United_States_of_America.regions.Mississippi:Scott,0.6388888888888888,0.0,22.69429769383391,0.0,False
United_States_of_America.regions.Mississippi:Simpson,0.3611111111111111,0.0,26.01098980357022,0.0,False
United_States_of_America.regions.Mississippi:Tishomingo,0.5833333333333334,0.0,25.436653115771307,0.0,False
United_States_of_America.regions.Missouri:Adair,0.4166666666666667,0.0,22.704087678722644,0.0,False
United_States_of_America.regions.Missouri:Barry,0.5833333333333334,0.0,27.801658575991716,0.0,False
United_States_of_America.regions.Missouri:Callaway,4.805555555555555,0.0,16.316732926277876,0.0,False
United_States_of_America.regions.Missouri:Clinton,0.8055555555555556,0.0,22.420668913212115,0.0,False
United_States_of_America.regions.Missouri:Laclede,1.2222222222222223,0.0,22.74217393693459,0.0,False
United_States_of_America.regions.Missouri:Miller,0.5833333333333334,0.0,26.692460224298856,0.0,False
United_States_of_America.regions.Missouri:Polk,0.5833333333333334,0.0,27.48529654769216,0.0,False
United_States_of_America.regions.Missouri:Randolph,0.16666666666666666,0.0,24.87144490538704,0.0,False
United_States_of_America.regions.Montana:Silver Bow,0.5833333333333334,0.0,27.731714679519598,0.0,False
United_States_of_America.regions.Nebraska:Buffalo,0.8333333333333334,0.0,25.729290184176858,0.0,False
United_States_of_America.regions.Nebraska:Cass,0.5833333333333334,0.0,26.785999123436014,0.0,False
United_States_of_America.regions.Nebraska:Platte,0.9444444444444444,0.0,23.043444582525655,0.0,False
United_States_of_America.regions.Nebraska:Scotts Bluff,1.0833333333333333,0.0,23.108961986959677,0.0,False
United_States_of_America.regions.Nebraska:Washington,7.055555555555555,0.0,17.534304550813665,0.0,False
United_States_of_America.regions.New Hampshire:Carroll,3.5277777777777777,0.0,20.145780264187632,0.0,False
United_States_of_America.regions.New York:Chenango,1.0555555555555556,0.0,25.00577594543946,0.0,False
United_States_of_America.regions.New York:Schoharie,0.16666666666666666,0.0,26.025773310748846,0.0,False
United_States_of_America.regions.New York:Schuyler,1.1388888888888888,0.0,15.308441821220137,0.0,False
United_States_of_America.regions.North Carolina:Alleghany,0.3888888888888889,0.0,12.887074565537661,0.0,False
United_States_of_America.regions.North Carolina:Anson,2.4722222222222223,0.0,14.005959831541682,0.0,False
United_States_of_America.regions.North Carolina:Camden,0.0,0.0,16.02570799301228,0.0,False
United_States_of_America.regions.North Carolina:Caswell,0.3611111111111111,0.0,25.18870728421943,0.0,False
United_States_of_America.regions.North Carolina:Clay,1.1666666666666667,0.0,9.804069166160893,0.0,False
United_States_of_America.regions.North Carolina:Madison,0.5833333333333334,0.0,25.99916875495703,0.0,False
United_States_of_America.regions.North Carolina:Martin,1.5555555555555556,0.0,16.607894804825758,0.0,False
United_States_of_America.regions.North Carolina:Warren,1.2222222222222223,0.0,16.37678955869488,0.0,False
United_States_of_America.regions.Ohio:Adams,0.9722222222222222,0.0,21.36931470080622,0.0,False
United_States_of_America.regions.Ohio:Meigs,0.5833333333333334,0.0,26.230335402963476,0.0,False
United_States_of_America.regions.Ohio:Paulding,1.75,0.0,12.743770930872753,0.0,False
United_States_of_America.regions.Ohio:Wyandot,0.0,0.0,23.323475645564642,0.0,False
United_States_of_America.regions.Oklahoma:Bryan,0.5833333333333334,0.0,28.512262834678666,0.0,False
United_States_of_America.regions.Oklahoma:Grady,0.3611111111111111,0.0,28.40678461579549,0.0,False
United_States_of_America.regions.Oklahoma:Kay,1.1388888888888888,0.0,24.343293056081688,0.0,False
United_States_of_America.regions.Oklahoma:Marshall,0.5833333333333334,0.0,24.689487529711148,0.0,False
United_States_of_America.regions.Oklahoma:Pontotoc,0.7222222222222222,0.0,24.573570085828585,0.0,False
United_States_of_America.regions.Oklahoma:Stephens,1.7222222222222223,0.0,22.933954836858124,0.0,False
United_States_of_America.regions.Oregon:Clatsop,1.0555555555555556,0.0,24.035329689968062,0.0,False
United_States_of_America.regions.Oregon:Hood River,0.16666666666666666,0.0,24.537021541406187,0.0,False
United_States_of_America.regions.Oregon:Lincoln,0.3888888888888889,0.0,27.315542420935564,0.0,False
United_States_of_America.regions.Pennsylvania:Bedford,2.111111111111111,0.0,22.881052837727108,0.0,False
United_States_of_America.regions.Pennsylvania:Bradford,1.9444444444444444,0.0,24.747666100124498,0.0,False
United_States_of_America.regions.Pennsylvania:Huntingdon,0.6388888888888888,0.0,25.673293662106275,0.0,False
United_States_of_America.regions.Pennsylvania:Susquehanna,0.3888888888888889,0.0,26.531914947990092,0.0,False
United_States_of_America.regions.Pennsylvania:Warren,0.5833333333333334,0.0,28.044206968383214,0.0,False
United_States_of_America.regions.South Carolina:Abbeville,0.8055555555555556,0.0,22.21502649779562,0.0,False
United_States_of_America.regions.South Carolina:Jasper,0.8333333333333334,0.0,22.55981191874865,0.0,False
United_States_of_America.regions.South Carolina:Saluda,0.5833333333333334,0.0,25.71133120382503,0.0,False
United_States_of_America.regions.South Carolina:Union,0.5833333333333334,0.0,22.66395397670586,0.0,False
United_States_of_America.regions.South Dakota:Brookings,0.5833333333333334,0.0,27.744942263436357,0.0,False
United_States_of_America.regions.South Dakota:Yankton,7.694444444444445,0.0,11.398628437746293,0.0,False
United_States_of_America.regions.Tennessee:Carroll,1.6388888888888888,0.0,18.991310657520625,0.0,False
United_States_of_America.regions.Tennessee:Crockett,4.5,0.0,12.154245357215201,0.0,False
United_States_of_America.regions.Tennessee:Giles,1.3611111111111112,0.0,20.602450305905663,0.0,False
United_States_of_America.regions.Tennessee:Hardin,0.5833333333333334,0.0,26.6974816903969,0.0,False
United_States_of_America.regions.Tennessee:Lake,2.4166666666666665,0.0,26.416729554898208,0.0,False
United_States_of_America.regions.Tennessee:Lewis,0.3888888888888889,0.0,14.519662061517156,0.0,False
United_States_of_America.regions.Tennessee:McNairy,0.8611111111111112,0.0,21.0821351300773,0.0,False
United_States_of_America.regions.Tennessee:Moore,0.4722222222222222,0.0,8.03878898108602,0.0,False
United_States_of_America.regions.Tennessee:Overton,0.1388888888888889,0.0,22.85235642548713,0.0,False
United_States_of_America.regions.Texas:Anderson,0.5833333333333334,0.0,28.863761589370725,0.0,False
United_States_of_America.regions.Texas:Austin,0.1388888888888889,0.0,24.861189395830706,0.0,False
United_States_of_America.regions.Texas:Burnet,0.2222222222222222,0.0,26.84634678242277,0.0,False
United_States_of_America.regions.Texas:Cherokee,1.9166666666666667,0.0,23.94763480539022,0.0,False
United_States_of_America.regions.Texas:Cooke,0.0,0.0,26.758080617715507,0.0,False
United_States_of_America.regions.Texas:Hopkins,0.4166666666666667,0.0,25.202651733254406,0.0,False
United_States_of_America.regions.Texas:Jim Wells,0.3333333333333333,0.0,25.8611986433047,0.0,False
United_States_of_America.regions.Texas:Kerr,0.3333333333333333,0.0,26.95196022605512,0.0,False
United_States_of_America.regions.Texas:Lamar,1.0833333333333333,0.0,25.24739733843319,0.0,False
United_States_of_America.regions.Texas:Morris,0.5833333333333334,0.0,22.523485145096526,0.0,False
United_States_of_America.regions.Texas:Polk,3.9166666666666665,0.0,19.885630741945814,0.0,False
United_States_of_America.regions.Texas:San Jacinto,0.5833333333333334,0.0,27.130689672854956,0.0,False
United_States_of_America.regions.Texas:Starr,1.8055555555555556,0.0,25.352533627684497,0.0,False
United_States_of_America.regions.Vermont:Addison,7.027777777777778,0.0,7.856158085921253,0.0,False
United_States_of_America.regions.Vermont:Bennington,0.5833333333333334,0.0,27.776529302619938,0.0,False
United_States_of_America.regions.Vermont:Caledonia,0.25,0.0,24.483275834678118,0.0,False
United_States_of_America.regions.Vermont:Orange,0.9722222222222222,0.0,21.750611918493505,0.0,False
United_States_of_America.regions.Vermont:Windham,5.611111111111111,0.0,13.556249838385876,0.0,False
United_States_of_America.regions.Virginia:Appomattox,4.083333333333333,0.0,5.873553282646802,0.0,False
United_States_of_America.regions.Virginia:Giles,1.0277777777777777,0.0,14.979119956236664,0.0,False
United_States_of_America.regions.Virginia:Lee,0.4166666666666667,0.0,22.057197314144688,0.0,False
United_States_of_America.regions.Virginia:Mecklenburg,1.5555555555555556,0.0,20.33364663410676,0.0,False
United_States_of_America.regions.Virginia:Nottoway,0.5833333333333334,0.0,24.03068715408869,0.0,False
United_States_of_America.regions.Virginia:Richmond,1.0,0.0,10.206516429743061,0.0,False
United_States_of_America.regions.Washington:Walla Walla,0.5833333333333334,0.0,28.949993586339012,0.0,False
United_States_of_America.regions.West Virginia:Barbour,1.5555555555555556,0.0,11.503976400854038,0.0,False
United_States_of_America.regions.West Virginia:Lincoln,0.5833333333333334,0.0,25.696014096272293,0.0,False
United_States_of_America.regions.West Virginia:Preston,0.4444444444444444,0.0,25.52748213115266,0.0,False
United_States_of_America.regions.Wisconsin:Barron,3.138888888888889,0.0,20.158579047002398,0.0,False
United_States_of_America.regions.Wisconsin:Dunn,0.3611111111111111,0.0,27.90179490477728,0.0,False
United_States_of_America.regions.Wisconsin:Green Lake,0.5833333333333334,0.0,25.308444727799717,0.0,False
United_States_of_America.regions.Wisconsin:Monroe,0.16666666666666666,0.0,27.532948813730602,0.0,False
United_States_of_America.regions.Wisconsin:Polk,1.4722222222222223,0.0,23.61695027699006,0.0,False
United_States_of_America.regions.Wisconsin:Shawano,2.3055555555555554,0.0,21.087294930495098,0.0,False
Bosnia_and_Herzegovina,0.8333333333333334,0.0,30.523108081545438,0.0,False
Brazil.regions.ES,0.3611111111111111,0.0,30.56539945306939,0.0,False
Brazil.regions.PB,0.8611111111111112,0.0,30.534977784313217,0.0,False
Brazil.regions.RN,0.5833333333333334,0.0,30.567297609472504,0.0,False
Croatia,4.777777777777778,0.0,30.44026199623598,0.0,False
Venezuela,31.02777777777778,0.0,30.48285549462463,0.0,False
Maldives,5.888888888888889,0.0,29.14685447257721,0.0,False
United_States_of_America.regions.Virginia:Norfolk city,3.7777777777777777,0.0,28.387249745729118,0.0,False
Brazil.regions.BA:Itaparica,0.3888888888888889,0.0,23.222730206088446,0.0,False
Brazil.regions.GO:Cidade Ocidental,0.16666666666666666,0.0,28.61101906268714,0.0,False
Brazil.regions.GO:Trindade,0.3611111111111111,0.0,29.637951291623786,0.0,False
Brazil.regions.MG:Barbacena,0.5833333333333334,0.0,29.86755003933149,0.0,False
Brazil.regions.MG:Congonhas,0.1388888888888889,0.0,27.450891137706655,0.0,False
Brazil.regions.MG:Guaxupé,0.25,0.0,27.06453571672387,0.0,False
Brazil.regions.MG:Itaúna,0.5833333333333334,0.0,29.523012981366417,0.0,False
Brazil.regions.MG:Lavras,0.8333333333333334,0.0,28.26701219975168,0.0,False
Brazil.regions.PA:Salinópolis,0.3611111111111111,0.0,27.590964471325766,0.0,False
Brazil.regions.PB:Montadas,0.0,0.0,1.6838761192109288,0.0,False
Brazil.regions.PB:Puxinanã,0.5833333333333334,0.0,23.285871684041023,0.0,False
Brazil.regions.PE:Barreiros,0.5833333333333334,0.0,28.251641986243076,0.0,False
Brazil.regions.PI:Água Branca,4.388888888888889,0.0,5.682515168855222,0.0,False
Brazil.regions.PR:Ibiporã,0.5833333333333334,0.0,28.762901440881162,0.0,False
Brazil.regions.RS:Charqueadas,0.5833333333333334,0.0,28.144171830609036,0.0,False
Brazil.regions.RS:Estrela,0.5833333333333334,0.0,27.664637216702555,0.0,False
Brazil.regions.RS:Teutônia,0.5833333333333334,0.0,27.586665395168456,0.0,False
Brazil.regions.SC:Biguaçu,0.16666666666666666,0.0,28.527112883738614,0.0,False
Brazil.regions.SC:Gaspar,0.0,0.0,28.32218300687056,0.0,False
Brazil.regions.SE:Laranjeiras,2.388888888888889,0.0,17.2778281504546,0.0,False
Brazil.regions.SE:Maruim,0.9444444444444444,0.0,15.910530117436426,0.0,False
Brazil.regions.SP:Cabreúva,0.16666666666666666,0.0,27.745778668796248,0.0,False
Brazil.regions.SP:Campos do Jordão,0.5833333333333334,0.0,28.675985221096173,0.0,False
Brazil.regions.SP:Cordeirópolis,0.5833333333333334,0.0,26.518839949453408,0.0,False
Brazil.regions.SP:Engenheiro Coelho,3.1666666666666665,0.0,9.04793551044921,0.0,False
Brazil.regions.SP:Mogi Guaçu,0.5833333333333334,0.0,29.937433345665497,0.0,False
Brazil.regions.SP:Mogi Mirim,0.5833333333333334,0.0,29.52272517909813,0.0,False
United_States_of_America.regions.Alabama:Madison,12.36111111111111,0.0,26.856443963100244,0.0,False
United_States_of_America.regions.New Hampshire:Hillsborough,8.555555555555555,0.0,28.164570739695264,0.0,False
United_States_of_America.regions.New Jersey:Atlantic,4.222222222222222,0.0,28.393986847488506,0.0,False
United_States_of_America.regions.New York:Orange,21.36111111111111,0.0,24.635288331945745,0.0,False
United_States_of_America.regions.Ohio:Delaware,5.972222222222222,0.0,26.983773852402482,0.0,False
United_States_of_America.regions.Pennsylvania:Cumberland,7.277777777777778,0.0,27.09851237524292,0.0,False
United_States_of_America.regions.Texas:Cameron,5.555555555555555,0.0,28.908782701159346,0.0,False
Brazil.regions.AL:Mar Vermelho,1.4,0.0,48.974564131328385,0.0,False
Brazil.regions.AL:Senador Rui Palmeira,0.0,0.0,12.113866162328593,0.0,False
Brazil.regions.BA:Barra do Choça,0.6111111111111112,0.0,27.343660631089318,0.0,False
Brazil.regions.BA:Cairu,7.138888888888889,0.0,21.99906868748724,0.0,False
Brazil.regions.BA:Camamu,0.5833333333333334,0.0,27.764235449383705,0.0,False
Brazil.regions.BA:Ipecaetá,0.0,0.0,12.420931109650532,0.0,False
Brazil.regions.BA:Itacaré,0.16666666666666666,0.0,25.589216276792335,0.0,False
Brazil.regions.BA:Itagi,0.5833333333333334,0.0,22.49930280049299,0.0,False
Brazil.regions.BA:Santanópolis,0.1388888888888889,0.0,12.18254167609748,0.0,False
Brazil.regions.BA:Serrolândia,0.0,0.0,11.85931380556394,0.0,False
Brazil.regions.BA:Uruçuca,4.694444444444445,0.7222222222222222,4.507219092357928,3.5197730017165667,False
Brazil.regions.CE:Aracoiaba,0.7222222222222222,0.0,21.885414037348955,0.0,False
Brazil.regions.CE:Barroquinha,0.5833333333333334,0.0,23.936693540128488,0.0,False
Brazil.regions.CE:Bela Cruz,3.1666666666666665,0.0,16.021237401373025,0.0,False
Brazil.regions.CE:Caririaçu,0.5833333333333334,0.0,26.887302171688532,0.0,False
Brazil.regions.CE:Catarina,0.5833333333333334,0.0,25.764428529661046,0.0,False
Brazil.regions.CE:Jaguaruana,1.3611111111111112,0.0,21.859885465465855,0.0,False
Brazil.regions.CE:Quixadá,0.4166666666666667,0.0,28.316039358074427,0.0,False
Brazil.regions.ES:Alegre,0.25,0.0,24.501765427174284,0.0,False
Brazil.regions.ES:Apiacá,1.25,0.0,7.865537005222478,0.0,False
Brazil.regions.ES:Marilândia,0.5833333333333334,0.0,22.803403012036327,0.0,False
Brazil.regions.ES:São José do Calçado,0.7222222222222222,0.0,19.806793794799795,0.0,False
Brazil.regions.GO:Itumbiara,0.4166666666666667,0.0,28.686359499213943,0.0,False
Brazil.regions.GO:Rialma,1.6666666666666667,0.0,4.905400793324207,0.0,False
Brazil.regions.GO:São Luís de Montes Belos,0.1388888888888889,0.0,25.503042638751335,0.0,False
Brazil.regions.MA:Davinópolis,0.5833333333333334,0.0,22.848679643926275,0.0,False
Brazil.regions.MA:Lago dos Rodrigues,0.2222222222222222,0.0,10.246939592928157,0.0,False
Brazil.regions.MA:Paraibano,0.5833333333333334,0.0,25.919856971459197,0.0,False
Brazil.regions.MA:Pio XII,9.722222222222221,0.0,22.659706787156672,0.0,False
Brazil.regions.MG:Alterosa,0.5833333333333334,0.0,23.68305224778274,0.0,False
Brazil.regions.MG:Araguari,0.1388888888888889,0.0,29.127179895715912,0.0,False
Brazil.regions.MG:Bom Despacho,0.5833333333333334,0.0,28.619723885271625,0.0,False
Brazil.regions.MG:Brazópolis,3.1666666666666665,0.0,5.679226919495505,0.0,False
Brazil.regions.MG:Camanducaia,0.4166666666666667,0.0,21.408858679933754,0.0,False
Brazil.regions.MG:Capelinha,0.5833333333333334,0.0,27.949190295340955,0.0,False
Brazil.regions.MG:Guarará,0.0,0.0,7.019847996619885,0.0,False
Brazil.regions.MG:Itamogi,1.0,0.0,0.2995624113636559,0.0,False
Brazil.regions.MG:Ituiutaba,0.5833333333333334,0.0,29.640438745489647,0.0,False
Brazil.regions.MG:Mantena,0.3888888888888889,0.0,23.46145413121186,0.0,False
Brazil.regions.MG:Maripá de Minas,0.5833333333333334,0.0,8.88674398085182,0.0,False
Brazil.regions.MG:Paraopeba,6.0,0.0,9.20118587812858,0.0,False
Brazil.regions.MG:Piumhi,0.3611111111111111,0.0,27.072645171813857,0.0,False
Brazil.regions.MG:Porto Firme,0.5833333333333334,0.0,21.729778981616757,0.0,False
Brazil.regions.MG:Pratápolis,0.0,0.0,7.699819352983821,0.0,False
Brazil.regions.MG:Rio Novo,0.16666666666666666,0.0,14.765366599674053,0.0,False
Brazil.regions.MG:São Gotardo,0.5833333333333334,0.0,27.77644981676181,0.0,False
Brazil.regions.MG:São João do Manteninha,2.0,0.0,31.87960551214408,0.0,False
Brazil.regions.MG:Teófilo Otoni,2.9722222222222223,0.0,27.355546649117688,0.0,False
Brazil.regions.MS:Mundo Novo,0.4166666666666667,0.0,19.70612573853913,0.0,False
Brazil.regions.PA:Augusto Corrêa,4.333333333333333,0.0,17.73293510835975,0.0,False
Brazil.regions.PA:Primavera,0.5833333333333334,0.0,21.35793791582525,0.0,False
Brazil.regions.PB:Caturité,0.0,0.0,1.2863862105770423,0.0,False
Brazil.regions.PB:Coremas,0.5833333333333334,0.0,24.121225959445734,0.0,False
Brazil.regions.PB:Gurinhém,0.5833333333333334,0.0,23.51817147473322,0.0,False
Brazil.regions.PB:Jericó,0.0,0.0,6.402105403773973,0.0,False
Brazil.regions.PB:Juazeirinho,1.75,0.0,12.251565043519738,0.0,False
Brazil.regions.PB:São Vicente do Seridó,2.9333333333333336,0.0,21.197753791317794,0.0,False
Brazil.regions.PE:Araripina,2.4722222222222223,0.0,26.186537668222496,0.0,False
Brazil.regions.PE:Ibirajuba,0.5833333333333334,0.0,17.712535698711388,0.0,False
Brazil.regions.PE:São José do Egito,0.5833333333333334,0.0,27.65039186198581,0.0,False
Brazil.regions.PI:Altos,0.5833333333333334,0.0,28.12813972706339,0.0,False
Brazil.regions.PI:Esperantina,1.6666666666666667,0.0,22.417037755934484,0.0,False
Brazil.regions.PR:Floresta,0.4166666666666667,0.0,9.571978108967365,0.0,False
Brazil.regions.PR:Ibema,0.5833333333333334,0.0,14.852740156649917,0.0,False
Brazil.regions.PR:Imbaú,0.1388888888888889,0.0,17.460108664639876,0.0,False
Brazil.regions.PR:Imbituva,6.0,0.0,7.308338283328003,0.0,False
Brazil.regions.PR:Lupionópolis,0.0,0.0,1.0015317544479778,0.0,False
Brazil.regions.PR:Quitandinha,0.16666666666666666,0.0,23.15885238416833,0.0,False
Brazil.regions.PR:Rio Branco do Sul,0.5833333333333334,0.0,27.509107645352145,0.0,False
Brazil.regions.RJ:Natividade,0.4166666666666667,0.0,17.538425987690943,0.0,False
Brazil.regions.RN:Coronel João Pessoa,0.5833333333333334,0.0,11.099702591700892,0.0,False
Brazil.regions.RN:Macau,6.833333333333333,0.0,7.603288991120252,0.0,False
Brazil.regions.RN:Parelhas,0.5833333333333334,0.0,25.939669422788878,0.0,False
Brazil.regions.RN:Senador Elói de Souza,0.4166666666666667,0.0,11.42613415970658,0.0,False
Brazil.regions.RS:Arvorezinha,0.5833333333333334,0.0,21.002566849942472,0.0,False
Brazil.regions.RS:Camaquã,0.5833333333333334,0.0,29.08662982363625,0.0,False
Brazil.regions.RS:Colinas,0.3888888888888889,0.0,50.29927384316228,0.0,False
Brazil.regions.RS:Imigrante,6.416666666666667,0.0,225.81444320574755,0.0,False
Brazil.regions.RS:Santo Antônio da Patrulha,0.5833333333333334,0.0,28.264484813591718,0.0,False
Brazil.regions.RS:Santo Cristo,0.5833333333333334,0.0,23.581714866850163,0.0,False
Brazil.regions.RS:São Domingos do Sul,0.16666666666666666,0.0,17.528447516283794,0.0,False
Brazil.regions.SC:Agronômica,0.0,1.0,0.9683117325331487,18.355359765051393,False
Brazil.regions.SC:Coronel Freitas,0.5833333333333334,0.0,20.576777035788286,0.0,False
Brazil.regions.SC:Mafra,0.5833333333333334,0.0,28.81936184374711,0.0,False
Brazil.regions.SC:Orleans,0.3611111111111111,0.0,22.109236544049516,0.0,False
Brazil.regions.SC:Porto União,2.4166666666666665,0.0,19.29573975403143,0.0,False
Brazil.regions.SC:Salete,0.4166666666666667,0.0,10.1308937261283,0.0,False
Brazil.regions.SC:São Pedro de Alcântara,0.5833333333333334,0.0,13.42253482566634,0.0,False
Brazil.regions.SC:Treze Tílias,0.4166666666666667,0.0,10.241052942916298,0.0,False
Brazil.regions.SE:Pinhão,0.5833333333333334,0.0,15.389000552440727,0.0,False
Brazil.regions.SE:Santa Luzia do Itanhy,0.3055555555555556,0.0,17.13739575606647,0.0,False
Brazil.regions.SP:Avanhandava,0.5833333333333334,0.0,23.26926913534628,0.0,False
Brazil.regions.SP:Boracéia,0.0,0.0,1.4103115005494011,0.0,False
Brazil.regions.SP:Caconde,0.5833333333333334,0.0,25.3284969021649,0.0,False
Brazil.regions.SP:Cajuru,0.3888888888888889,0.0,23.05875422861471,0.0,False
Brazil.regions.SP:Cerqueira César,0.3611111111111111,0.0,24.480115319984353,0.0,False
Brazil.regions.SP:Dourado,0.7,0.0,4.667691324329193,0.0,False
Brazil.regions.SP:Elisiário,0.4642857142857143,0.0,9.547853533420323,0.0,False
Brazil.regions.SP:Guapiara,0.3888888888888889,0.0,19.100667070439833,0.0,False
Brazil.regions.SP:Ilha Solteira,0.5833333333333334,0.0,26.848529984843115,0.0,False
Brazil.regions.SP:Ipeúna,0.0,0.0,6.071617429203943,0.0,False
Brazil.regions.SP:Itirapuã,0.0,0.0,3.9366888848748935,0.0,False
Brazil.regions.SP:Itápolis,0.6666666666666667,0.0,20.316935356864374,0.0,False
Brazil.regions.SP:José Bonifácio,0.25,0.0,25.642866201041794,0.0,False
Brazil.regions.SP:Manduri,1.0,0.0,0.9891458901871424,0.0,False
Brazil.regions.SP:Neves Paulista,0.8333333333333334,0.0,6.094097408182808,0.0,False
Brazil.regions.SP:Nova Granada,2.3333333333333335,0.0,12.378758940942966,0.0,False
Brazil.regions.SP:Novo Horizonte,1.5277777777777777,0.0,23.01734903440482,0.0,False
Brazil.regions.SP:Palmital,0.5833333333333334,0.0,26.09556569089561,0.0,False
Brazil.regions.SP:Pedra Bela,0.5833333333333334,0.0,14.183536821774574,0.0,False
Brazil.regions.SP:Pilar do Sul,1.3611111111111112,0.0,20.50691670135846,0.0,False
Brazil.regions.SP:Sales Oliveira,1.0,0.0,2.5028136338334903,0.0,False
Brazil.regions.SP:Santa Cruz do Rio Pardo,0.5833333333333334,0.0,27.565912748392304,0.0,False
Brazil.regions.SP:São Bento do Sapucaí,0.0,0.0,10.130805161861062,0.0,False
Brazil.regions.SP:Tambaú,2.25,0.0,12.290353006516234,0.0,False
Brazil.regions.SP:Terra Roxa,0.5833333333333334,0.0,19.92345461326019,0.0,False
Brazil.regions.SP:Urupês,1.619047619047619,0.0,7.0111604932940725,0.0,False
Brazil.regions.TO:Colinas do Tocantins,1.2222222222222223,0.0,22.67588446818446,0.0,False
Brazil.regions.TO:Paraíso do Tocantins,0.5833333333333334,0.0,28.64466983449403,0.0,False
United_States_of_America.regions.Alabama:Cullman,2.75,0.0,25.42279566400015,0.0,False
United_States_of_America.regions.Alabama:Talladega,0.3888888888888889,0.0,28.546638570373357,0.0,False
United_States_of_America.regions.Arkansas:Crawford,0.2222222222222222,0.0,27.74149580792736,0.0,False
United_States_of_America.regions.California:Kings,2.3055555555555554,0.0,28.053058602123023,0.0,False
United_States_of_America.regions.California:Nevada,0.5833333333333334,0.0,29.147821179603397,0.0,False
United_States_of_America.regions.Florida:Putnam,6.638888888888889,0.0,19.562383403214966,0.0,False
United_States_of_America.regions.Georgia:Haralson,2.7777777777777777,0.0,15.95728235357199,0.0,False
United_States_of_America.regions.Georgia:Lamar,1.25,0.0,15.743722554336747,0.0,False
United_States_of_America.regions.Illinois:Coles,3.5833333333333335,0.0,20.389245442776243,0.0,False
United_States_of_America.regions.Indiana:Adams,0.5833333333333334,0.0,27.800721385742616,0.0,False
United_States_of_America.regions.Indiana:Dubois,0.16666666666666666,0.0,27.28088745884556,0.0,False
United_States_of_America.regions.Indiana:Fayette,0.3888888888888889,0.0,23.50167032125681,0.0,False
United_States_of_America.regions.Indiana:LaGrange,0.8611111111111112,0.0,24.425155244079605,0.0,False
United_States_of_America.regions.Indiana:Lawrence,4.861111111111111,0.0,16.391615619222446,0.0,False
United_States_of_America.regions.Indiana:Marshall,1.6388888888888888,0.0,23.630051126117607,0.0,False
United_States_of_America.regions.Indiana:Shelby,0.8888888888888888,0.0,25.0687005433221,0.0,False
United_States_of_America.regions.Indiana:Steuben,1.5277777777777777,0.0,21.602603078154253,0.0,False
United_States_of_America.regions.Indiana:Whitley,0.9444444444444444,0.0,23.153292365450504,0.0,False
United_States_of_America.regions.Kentucky:Calloway,0.16666666666666666,0.0,26.96342771011983,0.0,False
United_States_of_America.regions.Kentucky:Greenup,1.5833333333333333,0.0,21.573456754948577,0.0,False
United_States_of_America.regions.Kentucky:Henderson,2.9722222222222223,0.0,20.519379770411188,0.0,False
United_States_of_America.regions.Kentucky:Marshall,0.5833333333333334,0.0,27.380379120907566,0.0,False
United_States_of_America.regions.Kentucky:Nelson,0.5833333333333334,0.0,28.432856009431745,0.0,False
United_States_of_America.regions.Kentucky:Spencer,0.5833333333333334,0.0,25.428121612343077,0.0,False
United_States_of_America.regions.Louisiana:Lincoln,4.194444444444445,0.0,18.23481500636206,0.0,False
United_States_of_America.regions.Maine:Knox,0.9722222222222222,0.0,24.170298883993027,0.0,False
United_States_of_America.regions.Maryland:Caroline,0.5833333333333334,0.0,27.602338978321946,0.0,False
United_States_of_America.regions.Maryland:Worcester,0.3333333333333333,0.0,26.929376088687704,0.0,False
United_States_of_America.regions.Michigan:Barry,0.5833333333333334,0.0,28.971117834890656,0.0,False
United_States_of_America.regions.Michigan:Ionia,2.4722222222222223,0.0,24.327275937625455,0.0,False
United_States_of_America.regions.Minnesota:Benton,0.5833333333333334,0.0,28.15016767637171,0.0,False
United_States_of_America.regions.Mississippi:Lauderdale,28.555555555555557,0.0,12.08299728719114,0.0,False
United_States_of_America.regions.Mississippi:Oktibbeha,9.38888888888889,0.0,8.702738078687771,0.0,False
United_States_of_America.regions.Missouri:Franklin,5.638888888888889,0.0,23.649164535005823,0.0,False
United_States_of_America.regions.New Hampshire:Cheshire,0.16666666666666666,0.0,28.733860563821914,0.0,False
United_States_of_America.regions.New York:Cayuga,0.6388888888888888,0.0,27.693830569972942,0.0,False
United_States_of_America.regions.New York:Fulton,0.5833333333333334,0.0,28.7225576737219,0.0,False
United_States_of_America.regions.New York:Madison,12.972222222222221,0.0,10.077980702069429,0.0,False
United_States_of_America.regions.New York:Orleans,2.111111111111111,0.0,21.44027086597683,0.0,False
United_States_of_America.regions.New York:Seneca,5.861111111111111,0.0,8.71068725070934,0.0,False
United_States_of_America.regions.North Carolina:Chatham,0.5833333333333334,0.0,29.25299059137605,0.0,False
United_States_of_America.regions.North Carolina:Currituck,0.1388888888888889,0.0,24.392513048826036,0.0,False
United_States_of_America.regions.North Carolina:Edgecombe,1.8888888888888888,0.0,23.84996648741564,0.0,False
United_States_of_America.regions.North Carolina:Granville,1.4444444444444444,0.0,25.5865023202414,0.0,False
United_States_of_America.regions.North Carolina:Haywood,1.2222222222222223,0.0,26.093742251870644,0.0,False
United_States_of_America.regions.North Carolina:McDowell,3.3055555555555554,0.0,19.91111854394218,0.0,False
United_States_of_America.regions.North Carolina:Person,0.1388888888888889,0.0,26.234652854490566,0.0,False
United_States_of_America.regions.North Carolina:Scotland,0.3611111111111111,0.0,27.086000086103713,0.0,False
United_States_of_America.regions.North Carolina:Stokes,5.5,0.0,15.059121021110087,0.0,False
United_States_of_America.regions.North Carolina:Yadkin,3.6944444444444446,0.0,16.58413779160691,0.0,False
United_States_of_America.regions.North Dakota:Cass,0.5833333333333334,0.0,29.801826493403368,0.0,False
United_States_of_America.regions.Ohio:Auglaize,2.1666666666666665,0.0,22.382215867904684,0.0,False
United_States_of_America.regions.Ohio:Clinton,0.6666666666666666,0.0,25.234585602526394,0.0,False
United_States_of_America.regions.Ohio:Crawford,1.3888888888888888,0.0,23.43279632924443,0.0,False
United_States_of_America.regions.Ohio:Fulton,0.8333333333333334,0.0,24.859055224480688,0.0,False
United_States_of_America.regions.Ohio:Holmes,0.3611111111111111,0.0,27.81550787643283,0.0,False
United_States_of_America.regions.Ohio:Logan,0.9722222222222222,0.0,25.00035963217667,0.0,False
United_States_of_America.regions.Ohio:Ross,2.388888888888889,0.0,25.414608730267055,0.0,False
United_States_of_America.regions.Oklahoma:Comanche,14.805555555555555,0.0,17.02312201129907,0.0,False
United_States_of_America.regions.Pennsylvania:Mifflin,2.361111111111111,0.0,22.046581672053087,0.0,False
United_States_of_America.regions.Pennsylvania:Pike,0.3888888888888889,0.0,27.659209988380837,0.0,False
United_States_of_America.regions.South Dakota:Lincoln,3.6944444444444446,0.0,21.961835685568637,0.0,False
United_States_of_America.regions.Tennessee:Bedford,0.6111111111111112,0.0,26.85210208043445,0.0,False
United_States_of_America.regions.Tennessee:Dickson,4.305555555555555,0.0,19.67995184006738,0.0,False
United_States_of_America.regions.Tennessee:Greene,4.083333333333333,0.0,22.39145717406587,0.0,False
United_States_of_America.regions.Tennessee:Rhea,1.6388888888888888,0.0,20.880667963087497,0.0,False
United_States_of_America.regions.Texas:Angelina,2.138888888888889,0.0,26.303335291550056,0.0,False
United_States_of_America.regions.Texas:Bowie,0.5833333333333334,0.0,29.523369641851346,0.0,False
United_States_of_America.regions.Texas:Victoria,3.3333333333333335,0.0,25.256485344439067,0.0,False
United_States_of_America.regions.Texas:Waller,4.75,0.0,19.131936483418944,0.0,False
United_States_of_America.regions.Utah:Cache,1.2222222222222223,0.0,28.40891054289675,0.0,False
United_States_of_America.regions.Virginia:Bedford,0.25,0.0,28.275049968774162,0.0,False
United_States_of_America.regions.Virginia:Campbell,0.6111111111111112,0.0,26.597554218548314,0.0,False
United_States_of_America.regions.Virginia:Fauquier,5.055555555555555,0.0,21.274411265657253,0.0,False
United_States_of_America.regions.Virginia:Mathews,0.25,0.0,11.500727134986073,0.0,False
United_States_of_America.regions.Virginia:New Kent,2.2777777777777777,0.0,13.874531704742234,0.0,False
United_States_of_America.regions.Virginia:Orange,0.6111111111111112,0.0,25.572706915579786,0.0,False
United_States_of_America.regions.Virginia:Pulaski,0.7777777777777778,0.0,23.65687909009645,0.0,False
United_States_of_America.regions.Washington:San Juan,0.4166666666666667,0.0,19.2205430418425,0.0,False
United_States_of_America.regions.Washington:Whatcom,1.3888888888888888,0.0,29.299297995052584,0.0,False
United_States_of_America.regions.West Virginia:Marshall,1.2222222222222223,0.0,21.406610245039612,0.0,False
Brazil.regions.AL:Pindoba,1.1666666666666667,0.0,63.97089931268509,0.0,False
Brazil.regions.AM:Iranduba,8.277777777777779,0.0,11.136782558726466,0.0,False
Brazil.regions.BA:Almadina,0.5833333333333334,0.0,12.294202662781185,0.0,False
Brazil.regions.BA:Arataca,0.4166666666666667,0.0,12.445345829973963,0.0,False
Brazil.regions.BA:Canavieiras,1.9444444444444444,0.0,19.25211154922162,0.0,False
Brazil.regions.BA:Cansanção,0.5833333333333334,0.0,27.72505475012521,0.0,False
Brazil.regions.BA:Igrapiúna,1.0,0.0,4.201941571681019,0.0,False
Brazil.regions.BA:Itapicuru,0.4166666666666667,0.0,24.974045720811986,0.0,False
Brazil.regions.BA:Itapitanga,0.5833333333333334,0.0,17.667147119632165,0.0,False
Brazil.regions.BA:Itiúba,0.0,1.0,16.55274406817392,2.7709274294106234,False
Brazil.regions.BA:Lajedo do Tabocal,0.5833333333333334,0.0,18.916299072296756,0.0,False
Brazil.regions.BA:Livramento de Nossa Senhora,0.3611111111111111,0.0,27.923237716399388,0.0,False
Brazil.regions.BA:Luís Eduardo Magalhães,0.1388888888888889,0.0,28.627986535760108,0.0,False
Brazil.regions.BA:Mucuri,2.5714285714285716,0.0,15.60561237879808,0.0,False
Brazil.regions.BA:Piripá,0.5833333333333334,0.0,21.25612888583883,0.0,False
Brazil.regions.BA:Piritiba,0.0,0.0,15.284083535556668,0.0,False
Brazil.regions.BA:Quixabeira,0.8055555555555556,0.0,10.323164403168537,0.0,False
Brazil.regions.BA:Santaluz,0.5833333333333334,0.0,27.91829365861617,0.0,False
Brazil.regions.BA:Saúde,0.3333333333333333,0.0,8.99815973940803,0.0,False
Brazil.regions.BA:Serra Preta,0.5833333333333334,0.0,23.874479691939964,0.0,False
Brazil.regions.BA:Tucano,0.5833333333333334,0.0,28.622920746876723,0.0,False
Brazil.regions.CE:Acopiara,0.25,0.0,27.217642330483915,0.0,False
Brazil.regions.CE:Assaré,0.5833333333333334,0.0,26.325411359695256,0.0,False
Brazil.regions.CE:Campos Sales,0.9166666666666666,0.0,21.48037529887187,0.0,False
Brazil.regions.CE:Canindé,0.5833333333333334,0.0,29.29706130508421,0.0,False
Brazil.regions.CE:Cariré,2.1666666666666665,0.0,10.268406439547887,0.0,False
Brazil.regions.CE:Crateús,0.5833333333333334,0.0,29.263794129995706,0.0,False
Brazil.regions.CE:Deputado Irapuan Pinheiro,0.3333333333333333,0.0,11.652759478846436,0.0,False
Brazil.regions.CE:Ipueiras,0.25,0.0,25.792235849445888,0.0,False
Brazil.regions.CE:Jati,2.0,0.0,17.663136540881737,0.0,False
Brazil.regions.CE:Morada Nova,2.6666666666666665,0.0,23.72879106846103,0.0,False
Brazil.regions.CE:Palhano,2.3333333333333335,0.0,18.357590861505113,0.0,False
Brazil.regions.CE:Paramoti,2.138888888888889,0.0,11.02786060241898,0.0,False
Brazil.regions.CE:Senador Pompeu,0.1388888888888889,0.0,23.84094098054344,0.0,False
Brazil.regions.ES:Alfredo Chaves,7.055555555555555,0.0,32.837624670226965,0.0,False
Brazil.regions.ES:Divino de São Lourenço,0.5833333333333334,0.0,10.620386832606002,0.0,False
Brazil.regions.ES:Laranja da Terra,0.3611111111111111,0.0,12.833463296365583,0.0,False
Brazil.regions.GO:Anhanguera,0.5833333333333334,0.0,56.43638871019958,0.0,False
Brazil.regions.GO:Anicuns,0.0,0.0,14.747012458682939,0.0,False
Brazil.regions.GO:Bela Vista de Goiás,0.5833333333333334,0.0,27.25969977665231,0.0,False
Brazil.regions.GO:Carmo do Rio Verde,0.5833333333333334,0.0,16.26884985949354,0.0,False
Brazil.regions.GO:Caturaí,0.5833333333333334,0.0,11.205442643569734,0.0,False
Brazil.regions.GO:Hidrolândia,0.5833333333333334,0.0,25.98879210435222,0.0,False
Brazil.regions.GO:Itaguaru,0.3611111111111111,0.0,7.2576000629732045,0.0,False
Brazil.regions.GO:Jesúpolis,0.5833333333333334,0.0,9.564829365772267,0.0,False
Brazil.regions.MA:Araioses,8.416666666666666,0.0,9.07825587636845,0.0,False
Brazil.regions.MA:Bernardo do Mearim,5.80952380952381,0.0,92.56779142165756,0.0,False
Brazil.regions.MA:Boa Vista do Gurupi,6.027777777777778,0.0,51.358651220075096,0.0,False
Brazil.regions.MA:Cajapió,0.5833333333333334,0.0,21.648868586096047,0.0,False
Brazil.regions.MA:Chapadinha,0.3611111111111111,0.0,29.061803512356708,0.0,False
Brazil.regions.MA:Conceição do Lago-Açu,0.1388888888888889,0.0,19.989037185402974,0.0,False
Brazil.regions.MA:Fortuna,1.3333333333333333,0.0,11.841526510407348,0.0,False
Brazil.regions.MA:Governador Archer,0.5833333333333334,0.0,21.370720953586346,0.0,False
Brazil.regions.MA:Governador Nunes Freire,0.5833333333333334,0.0,26.686050527103376,0.0,False
Brazil.regions.MA:Graça Aranha,1.0,0.0,12.615006241157076,0.0,False
Brazil.regions.MA:Guimarães,0.5833333333333334,0.0,22.283261251059148,0.0,False
Brazil.regions.MA:Icatu,0.5833333333333334,0.0,26.907545583810293,0.0,False
Brazil.regions.MA:Joselândia,0.25,0.0,19.2565422165491,0.0,False
Brazil.regions.MA:Maranhãozinho,3.4166666666666665,0.0,9.36927785722878,0.0,False
Brazil.regions.MA:Mirinzal,0.5833333333333334,0.0,23.9122147551037,0.0,False
Brazil.regions.MA:Porto Rico do Maranhão,2.75,0.0,41.92859404793187,0.0,False
Brazil.regions.MA:Santa Luzia do Paruá,1.3333333333333333,0.0,19.046487685119192,0.0,False
Brazil.regions.MA:São José dos Basílios,0.0,0.0,6.236379258348838,0.0,False
Brazil.regions.MA:Tufilândia,0.0,0.0,2.200383826351665,0.0,False
Brazil.regions.MA:Zé Doca,0.3888888888888889,0.0,27.426673534615038,0.0,False
Brazil.regions.MG:Alto Rio Doce,0.5833333333333334,0.0,21.504904113599768,0.0,False
Brazil.regions.MG:Brasília de Minas,1.0555555555555556,0.0,22.437749430777483,0.0,False
Brazil.regions.MG:Campos Altos,0.5833333333333334,0.0,24.12792626317259,0.0,False
Brazil.regions.MG:Carmo da Cachoeira,0.5833333333333334,0.0,22.378886335157993,0.0,False
Brazil.regions.MG:Carmo do Paranaíba,0.7857142857142857,0.0,20.876733897848716,0.0,False
Brazil.regions.MG:Catas Altas,0.0,0.0,0.7224810213940671,0.0,False
Brazil.regions.MG:Chácara,0.0,0.0,12.3820989526374,0.0,False
Brazil.regions.MG:Conceição das Alagoas,0.3888888888888889,0.0,23.52514234722487,0.0,False
Brazil.regions.MG:Curvelo,0.5833333333333334,0.0,29.34782558454605,0.0,False
Brazil.regions.MG:Diogo de Vasconcelos,0.0,0.0,6.978274846444915,0.0,False
Brazil.regions.MG:Dionísio,3.4166666666666665,0.0,34.09560871294488,0.0,False
Brazil.regions.MG:Frutal,0.5833333333333334,0.0,28.915027941634044,0.0,False
Brazil.regions.MG:Guimarânia,0.5833333333333334,0.0,18.156455075388322,0.0,False
Brazil.regions.MG:Jeceaba,0.5833333333333334,0.0,11.099702591700892,0.0,False
Brazil.regions.MG:Mamonas,0.5833333333333334,0.0,15.31230411082095,0.0,False
Brazil.regions.MG:Mutum,0.5833333333333334,0.0,26.88922660011285,0.0,False
Brazil.regions.MG:Nazareno,0.5833333333333334,0.0,18.978712832761644,0.0,False
Brazil.regions.MG:Piracema,0.5714285714285714,0.0,8.251638024986645,0.0,False
Brazil.regions.MG:Porteirinha,0.5833333333333334,0.0,27.957708418986773,0.0,False
Brazil.regions.MG:Santana de Cataguases,0.25,0.0,16.75267164397599,0.0,False
Brazil.regions.MG:Santo Antônio do Monte,0.4166666666666667,0.0,23.51441250345019,0.0,False
Brazil.regions.MG:São Domingos do Prata,0.0,0.0,13.562970996403598,0.0,False
Brazil.regions.MG:São Francisco de Paula,1.0,0.0,11.318277330360914,0.0,False
Brazil.regions.MG:São José da Barra,0.0,0.0,5.857471659178939,0.0,False
Brazil.regions.MG:São João da Mata,0.5833333333333334,0.0,8.429942904139056,0.0,False
Brazil.regions.MG:Wenceslau Braz,1.25,0.0,80.4282202333177,0.0,False
Brazil.regions.MS:Douradina,1.5,0.0,22.877543897418835,0.0,False
Brazil.regions.PA:Inhangapi,0.6666666666666666,0.0,11.383107201605604,0.0,False
Brazil.regions.PA:Irituia,2.611111111111111,0.0,17.70965515706049,0.0,False
Brazil.regions.PA:Redenção,0.3611111111111111,0.0,29.154292426297314,0.0,False
Brazil.regions.PA:Tailândia,3.25,0.0,26.05060088040074,0.0,False
Brazil.regions.PB:Barra de Santana,1.8611111111111112,0.0,10.610604362717417,0.0,False
Brazil.regions.PB:Condado,9.916666666666666,0.0,142.23256070592095,0.0,False
Brazil.regions.PB:Ibiara,0.0,0.0,2.4574208651001435,0.0,False
Brazil.regions.PB:Juru,0.0,0.0,9.188878754096146,0.0,False
Brazil.regions.PB:Passagem,0.0,0.0,22.015724947227362,0.0,False
Brazil.regions.PB:Paulista,2.3333333333333335,0.0,9.757042952925776,0.0,False
Brazil.regions.PB:São José da Lagoa Tapada,11.0,0.0,137.9502472442241,0.0,False
Brazil.regions.PE:Bodocó,0.5833333333333334,0.0,25.78971732726528,0.0,False
Brazil.regions.PE:Flores,0.5833333333333334,0.0,26.175728338879438,0.0,False
Brazil.regions.PE:Itaíba,0.8055555555555556,0.0,24.270462463810286,0.0,False
Brazil.regions.PE:Jataúba,0.5833333333333334,0.0,24.764909414421393,0.0,False
Brazil.regions.PE:Pedra,1.5555555555555556,0.0,19.91063538841182,0.0,False
Brazil.regions.PE:São José do Belmonte,0.5833333333333334,0.0,27.65108573903579,0.0,False
Brazil.regions.PI:Jaicós,1.0,0.0,8.85465977229141,0.0,False
Brazil.regions.PI:José de Freitas,0.5833333333333334,0.0,28.045313306528854,0.0,False
Brazil.regions.PI:Miguel Alves,0.4166666666666667,0.0,24.671642588395116,0.0,False
Brazil.regions.PI:Morro do Chapéu do Piauí,1.6111111111111112,0.0,17.94533869027817,0.0,False
Brazil.regions.PI:Nazária,0.25,0.0,11.210134593017248,0.0,False
Brazil.regions.PI:Nossa Senhora dos Remédios,2.0,0.0,15.190824590772564,0.0,False
Brazil.regions.PI:São Julião,0.5833333333333334,0.0,14.879955904493142,0.0,False
Brazil.regions.PR:Faxinal,0.5833333333333334,0.0,24.799047799604793,0.0,False
Brazil.regions.PR:Itaúna do Sul,0.5833333333333334,0.0,8.67541796292081,0.0,False
Brazil.regions.PR:Ivaí,0.5833333333333334,0.0,23.390683151911407,0.0,False
Brazil.regions.PR:Jaguariaíva,0.0,0.0,16.454807280927916,0.0,False
Brazil.regions.PR:Kaloré,0.2857142857142857,0.0,7.692437172818933,0.0,False
Brazil.regions.PR:Lapa,0.1388888888888889,0.0,27.019993130547054,0.0,False
Brazil.regions.PR:Marilândia do Sul,0.5833333333333334,0.0,19.27847504244458,0.0,False
Brazil.regions.PR:Marumbi,0.25,0.0,8.586348225996232,0.0,False
Brazil.regions.PR:Morretes,0.5833333333333334,0.0,24.500482228036837,0.0,False
Brazil.regions.PR:Nova Aurora,0.0,0.0,9.774397242427934,0.0,False
Brazil.regions.PR:Palmeira,0.3333333333333333,0.0,24.93809065922248,0.0,False
Brazil.regions.PR:Prado Ferreira,0.6666666666666666,0.0,29.3562251647957,0.0,False
Brazil.regions.PR:Salto do Itararé,0.0,0.0,0.9397530211591238,0.0,False
Brazil.regions.PR:Santa Isabel do Ivaí,0.5833333333333334,0.0,18.916299072296756,0.0,False
Brazil.regions.PR:São Manoel do Paraná,0.5833333333333334,0.0,15.700483091787438,0.0,False
Brazil.regions.PR:Terra Rica,0.5833333333333334,0.0,24.639532306301696,0.0,False
Brazil.regions.PR:Tijucas do Sul,0.8611111111111112,0.0,16.10420516298381,0.0,False
Brazil.regions.PR:Três Barras do Paraná,0.5833333333333334,0.0,22.290165363977295,0.0,False
Brazil.regions.PR:Verê,0.5833333333333334,0.0,16.816014389571553,0.0,False
Brazil.regions.PR:Vitorino,0.5833333333333334,0.0,15.971654093657735,0.0,False
Brazil.regions.RJ:Cardoso Moreira,0.5833333333333334,0.0,22.797326111005003,0.0,False
Brazil.regions.RJ:Rio Claro,11.2,0.0,46.51906151553003,0.0,False
Brazil.regions.RJ:Silva Jardim,0.5833333333333334,0.0,26.00317978850812,0.0,False
Brazil.regions.RJ:São Sebastião do Alto,0.1388888888888889,0.0,12.75974293617444,0.0,False
Brazil.regions.RN:Apodi,0.5833333333333334,0.0,27.80602383360636,0.0,False
Brazil.regions.RN:Carnaubais,0.5833333333333334,0.0,21.30126910189709,0.0,False
Brazil.regions.RN:Felipe Guerra,3.8333333333333335,0.0,60.34409695736926,0.0,False
Brazil.regions.RN:Parazinho,0.5833333333333334,0.0,11.500911543252416,0.0,False
Brazil.regions.RN:Santa Maria,0.5833333333333334,0.0,12.58104109137609,0.0,False
Brazil.regions.RN:Tibau,0.5833333333333334,0.0,10.433653119859944,0.0,False
Brazil.regions.RO:Ariquemes,9.86111111111111,0.0,19.985646192239177,0.0,False
Brazil.regions.RO:Cacoal,1.1388888888888888,0.0,27.406668272841173,0.0,False
Brazil.regions.RS:Ajuricaba,0.5833333333333334,0.0,16.358911154394963,0.0,False
Brazil.regions.RS:Anta Gorda,0.3888888888888889,0.0,8.599785884860118,0.0,False
Brazil.regions.RS:Barão de Cotegipe,3.0,0.0,41.071919624263565,0.0,False
Brazil.regions.RS:Cachoeira do Sul,0.5833333333333334,0.0,29.37928299198103,0.0,False
Brazil.regions.RS:Canudos do Vale,1.25,0.0,134.51685190815627,0.0,False
Brazil.regions.RS:Glorinha,0.5833333333333334,0.0,18.247085123501204,0.0,False
Brazil.regions.RS:Lagoa Vermelha,0.8055555555555556,0.0,24.60211857126303,0.0,False
Brazil.regions.RS:Maximiliano de Almeida,2.0,0.0,49.216424458549795,0.0,False
Brazil.regions.RS:Mormaço,0.4166666666666667,0.0,34.23400851348141,0.0,False
Brazil.regions.RS:Nova Palma,0.5833333333333334,0.0,15.239547848243502,0.0,False
Brazil.regions.RS:Paim Filho,1.4166666666666667,0.0,47.77409275160399,0.0,False
Brazil.regions.RS:Palmeira das Missões,0.4166666666666667,0.0,24.590348231383317,0.0,False
Brazil.regions.RS:Paraíso do Sul,0.5833333333333334,0.0,17.45693526468492,0.0,False
Brazil.regions.RS:Progresso,3.4166666666666665,0.0,49.48106059433804,0.0,False
Brazil.regions.RS:Ronda Alta,0.0,0.0,9.890599145919605,0.0,False
Brazil.regions.RS:Soledade,0.3611111111111111,0.0,26.653415223016623,0.0,False
Brazil.regions.RS:São Jorge,0.5833333333333334,0.0,8.590959477768198,0.0,False
Brazil.regions.RS:São Lourenço do Sul,0.5833333333333334,0.0,28.301287941785716,0.0,False
Brazil.regions.RS:São Luiz Gonzaga,0.25,0.0,25.117943796915533,0.0,False
Brazil.regions.RS:São Valentim do Sul,0.5833333333333334,0.0,14.007219801735566,0.0,False
Brazil.regions.RS:São Valério do Sul,0.5833333333333334,0.0,8.38103133984896,0.0,False
Brazil.regions.RS:Trindade do Sul,0.5833333333333334,0.0,13.360377147976628,0.0,False
Brazil.regions.RS:Três Palmeiras,1.3055555555555556,0.0,37.043823622671866,0.0,False
Brazil.regions.RS:Vila Maria,0.5833333333333334,0.0,10.66836934905654,0.0,False
Brazil.regions.RS:Áurea,0.0,0.0,8.813638575572465,0.0,False
Brazil.regions.SC:Anchieta,2.238095238095238,0.0,37.65633526418263,0.0,False
Brazil.regions.SC:Arvoredo,0.8055555555555556,0.0,76.05101219231653,0.0,False
Brazil.regions.SC:Campo Alegre,0.0,0.0,10.975032325769547,0.0,False
Brazil.regions.SC:Campos Novos,0.0,0.0,16.56459413305524,0.0,False
Brazil.regions.SC:Guatambú,3.888888888888889,0.0,85.73544151960299,0.0,False
Brazil.regions.SC:Ibicaré,0.5833333333333334,0.0,9.287673464953969,0.0,False
Brazil.regions.SC:Irati,0.5833333333333334,0.0,21.217658298081815,0.0,False
Brazil.regions.SC:Jaborá,2.0555555555555554,0.0,61.85563214327796,0.0,False
Brazil.regions.SC:Jacinto Machado,0.16666666666666666,0.0,16.99494274879969,0.0,False
Brazil.regions.SC:Lindóia do Sul,1.7222222222222223,0.0,41.846780605606334,0.0,False
Brazil.regions.SC:Palma Sola,0.5833333333333334,0.0,17.12417101132551,0.0,False
Brazil.regions.SC:Ponte Serrada,5.222222222222222,0.0,28.70251492296029,0.0,False
Brazil.regions.SC:Presidente Castello Branco,3.4166666666666665,0.0,288.28173781589925,0.0,False
Brazil.regions.SC:São João do Itaperiú,0.5833333333333334,0.0,10.028069276371726,0.0,False
Brazil.regions.SC:Tangará,0.5833333333333334,0.0,19.069764334061645,0.0,False
Brazil.regions.SC:Treviso,0.0,0.0,6.128097400353866,0.0,False
Brazil.regions.SE:Graccho Cardoso,1.1944444444444444,0.0,17.86061249196646,0.0,False
Brazil.regions.SP:Américo de Campos,0.3333333333333333,0.0,7.94065095856234,0.0,False
Brazil.regions.SP:Apiaí,0.5833333333333334,0.0,26.493080784717275,0.0,False
Brazil.regions.SP:Brotas,1.4642857142857142,0.0,16.29450971744952,0.0,False
Brazil.regions.SP:Coroados,0.5833333333333334,0.0,14.088715152346431,0.0,False
Brazil.regions.SP:General Salgado,0.3888888888888889,0.0,12.450425199888173,0.0,False
Brazil.regions.SP:Guarani d'Oeste,0.0,0.0,30.67632850241546,0.0,False
Brazil.regions.SP:Guzolândia,0.5833333333333334,0.0,11.609673086794789,0.0,False
Brazil.regions.SP:Iacanga,0.16666666666666666,0.0,18.49789120052366,0.0,False
Brazil.regions.SP:Itaí,0.5833333333333334,0.0,26.9091772598084,0.0,False
Brazil.regions.SP:Jaborandi,0.3611111111111111,0.0,12.956583557774522,0.0,False
Brazil.regions.SP:Juquiá,0.5833333333333334,0.0,25.28005730401981,0.0,False
Brazil.regions.SP:Lavínia,0.6388888888888888,0.0,12.046378962253248,0.0,False
Brazil.regions.SP:Luís Antônio,0.5833333333333334,0.0,23.905507457536217,0.0,False
Brazil.regions.SP:Martinópolis,0.2222222222222222,0.0,23.772353941610422,0.0,False
Brazil.regions.SP:Monções,0.0,0.0,24.94370344708124,0.0,False
Brazil.regions.SP:Morro Agudo,0.4166666666666667,0.0,24.529324488177867,0.0,False
Brazil.regions.SP:Nova Campina,0.5833333333333334,0.0,20.3446599497677,0.0,False
Brazil.regions.SP:Nuporanga,0.0,0.0,5.868343187573778,0.0,False
Brazil.regions.SP:Paraibuna,0.75,0.0,22.364005499536844,0.0,False
Brazil.regions.SP:Parisi,0.5833333333333334,0.0,15.679059539591094,0.0,False
Brazil.regions.SP:Patrocínio Paulista,0.3333333333333333,0.0,17.530600752793337,0.0,False
Brazil.regions.SP:Quatá,0.6388888888888888,0.0,14.84542535120797,0.0,False
Brazil.regions.SP:Quintana,0.5833333333333334,0.0,15.53103465675351,0.0,False
Brazil.regions.SP:Reginópolis,0.5833333333333334,0.0,20.201883259596688,0.0,False
Brazil.regions.SP:Ribeirão Branco,0.5833333333333334,0.0,24.514567765442937,0.0,False
Brazil.regions.SP:Ribeirão Grande,0.4642857142857143,0.0,15.26266401407353,0.0,False
Brazil.regions.SP:Rosana,3.0,0.0,4.71045696483209,0.0,False
Brazil.regions.SP:Sales,0.0,0.0,3.528378494899343,0.0,False
Brazil.regions.SP:Santa Maria da Serra,0.16666666666666666,0.0,7.646409888995062,0.0,False
Brazil.regions.SP:Taquarivaí,0.5833333333333334,0.0,11.520530208554616,0.0,False
Brazil.regions.SP:União Paulista,0.16666666666666666,0.0,46.229927937935116,0.0,False
Brazil.regions.TO:Esperantina,1.0,0.0,1.1352393404364882,0.0,False
Brazil.regions.TO:Sampaio,0.5833333333333334,0.0,10.954934334997645,0.0,False
Brazil.regions.TO:Tocantinópolis,0.5833333333333334,0.0,26.22327275850973,0.0,False
United_States_of_America.regions.Alabama:Chambers,4.75,0.0,11.748573521244653,0.0,False
United_States_of_America.regions.Alabama:Chilton,7.833333333333333,0.0,9.4004709278665,0.0,False
United_States_of_America.regions.Arkansas:Boone,0.5833333333333334,0.0,27.92430219788351,0.0,False
United_States_of_America.regions.Arkansas:Hot Spring,1.1111111111111112,0.0,22.61723855630642,0.0,False
United_States_of_America.regions.California:Amador,0.5833333333333334,0.0,28.080216504971727,0.0,False
United_States_of_America.regions.Florida:DeSoto,3.638888888888889,0.0,16.853484786250856,0.0,False
United_States_of_America.regions.Florida:Okeechobee,2.1666666666666665,0.0,21.70281377366082,0.0,False
United_States_of_America.regions.Florida:Suwannee,4.222222222222222,0.0,17.525242126868413,0.0,False
United_States_of_America.regions.Florida:Union,0.0,0.0,20.204441324654994,0.0,False
United_States_of_America.regions.Florida:Wakulla,1.8888888888888888,0.0,20.30439312026741,0.0,False
United_States_of_America.regions.Georgia:Bleckley,0.5833333333333334,0.0,22.827616203032896,0.0,False
United_States_of_America.regions.Georgia:Evans,0.3888888888888889,0.0,12.084247386766956,0.0,False
United_States_of_America.regions.Georgia:Grady,2.0833333333333335,0.0,15.710632078918524,0.0,False
United_States_of_America.regions.Georgia:Lanier,1.75,0.0,9.492663243356734,0.0,False
United_States_of_America.regions.Georgia:Laurens,3.388888888888889,0.0,20.138104412555336,0.0,False
United_States_of_America.regions.Georgia:Morgan,0.5833333333333334,0.0,25.4080149061067,0.0,False
United_States_of_America.regions.Georgia:Pierce,0.0,0.0,22.461555134468615,0.0,False
United_States_of_America.regions.Georgia:Putnam,1.8055555555555556,0.0,15.274646384630522,0.0,False
United_States_of_America.regions.Georgia:Sumter,3.9444444444444446,0.0,11.872815718471132,0.0,False
United_States_of_America.regions.Idaho:Bonneville,1.75,0.0,27.7961514036544,0.0,False
United_States_of_America.regions.Idaho:Payette,0.5833333333333334,0.0,24.56498173841373,0.0,False
United_States_of_America.regions.Illinois:Henry,2.0555555555555554,0.0,23.1563004187691,0.0,False
United_States_of_America.regions.Illinois:Jefferson,4.027777777777778,0.0,15.705910033106907,0.0,False
United_States_of_America.regions.Illinois:Jersey,2.6944444444444446,0.0,10.94864571368179,0.0,False
United_States_of_America.regions.Illinois:Marion,1.1388888888888888,0.0,23.27899497517887,0.0,False
United_States_of_America.regions.Illinois:Massac,0.1388888888888889,0.0,18.09056906987175,0.0,False
United_States_of_America.regions.Illinois:Ogle,3.6666666666666665,0.0,20.229128766383155,0.0,False
United_States_of_America.regions.Illinois:Randolph,15.777777777777779,0.0,25.851992301418143,0.0,False
United_States_of_America.regions.Illinois:Saline,0.5833333333333334,0.0,26.338863734499064,0.0,False
United_States_of_America.regions.Indiana:Franklin,2.25,0.0,13.751919482154815,0.0,False
United_States_of_America.regions.Indiana:Greene,5.583333333333333,0.0,9.738983000801438,0.0,False
United_States_of_America.regions.Indiana:Posey,1.75,0.0,17.486388839332733,0.0,False
United_States_of_America.regions.Indiana:Ripley,10.777777777777779,0.0,15.678196693835604,0.0,False
United_States_of_America.regions.Indiana:Tipton,0.8333333333333334,0.0,14.642111945816842,0.0,False
United_States_of_America.regions.Indiana:Vermillion,0.16666666666666666,0.0,21.454848778991586,0.0,False
United_States_of_America.regions.Indiana:Washington,1.3888888888888888,0.0,19.994364273769015,0.0,False
United_States_of_America.regions.Iowa:Bremer,0.3333333333333333,0.0,22.948112834759172,0.0,False
United_States_of_America.regions.Iowa:Clinton,5.583333333333333,0.0,15.160058252503287,0.0,False
United_States_of_America.regions.Iowa:Lee,0.5833333333333334,0.0,27.624663072292677,0.0,False
United_States_of_America.regions.Iowa:Marion,0.9722222222222222,0.0,22.91062523483528,0.0,False
United_States_of_America.regions.Kansas:Harvey,0.0,0.0,25.996976952124726,0.0,False
United_States_of_America.regions.Kansas:Miami,0.3611111111111111,0.0,27.025926175206575,0.0,False
United_States_of_America.regions.Kentucky:Allen,0.5833333333333334,0.0,25.90428141938101,0.0,False
United_States_of_America.regions.Kentucky:Carter,0.5833333333333334,0.0,25.20549173402916,0.0,False
United_States_of_America.regions.Kentucky:Graves,0.2222222222222222,0.0,25.750765290711954,0.0,False
United_States_of_America.regions.Kentucky:Harlan,0.5833333333333334,0.0,26.75113807955692,0.0,False
United_States_of_America.regions.Kentucky:Harrison,2.8055555555555554,0.0,7.872531115727901,0.0,False
United_States_of_America.regions.Kentucky:Henry,0.0,0.0,20.77730065748335,0.0,False
United_States_of_America.regions.Kentucky:Larue,0.1388888888888889,0.0,18.634275336595106,0.0,False
United_States_of_America.regions.Kentucky:Letcher,0.5833333333333334,0.0,25.95608787624829,0.0,False
United_States_of_America.regions.Kentucky:Marion,1.4166666666666667,0.0,15.029995739661663,0.0,False
United_States_of_America.regions.Kentucky:Muhlenberg,1.75,0.0,19.710393136148422,0.0,False
United_States_of_America.regions.Kentucky:Trimble,0.4166666666666667,0.0,15.987924574594526,0.0,False
United_States_of_America.regions.Louisiana:Assumption,0.6666666666666666,0.0,20.31761668539141,0.0,False
United_States_of_America.regions.Maine:Waldo,0.3333333333333333,0.0,25.76976091528145,0.0,False
United_States_of_America.regions.Maryland:Dorchester,0.8055555555555556,0.0,24.15791801344257,0.0,False
United_States_of_America.regions.Michigan:Benzie,2.3055555555555554,0.0,10.833807832471622,0.0,False
United_States_of_America.regions.Michigan:Charlevoix,0.5833333333333334,0.0,26.770697494758636,0.0,False
United_States_of_America.regions.Michigan:Clare,0.5833333333333334,0.0,27.36479543391112,0.0,False
United_States_of_America.regions.Michigan:Leelanau,0.5833333333333334,0.0,26.000436153821852,0.0,False
United_States_of_America.regions.Michigan:Mason,0.3611111111111111,0.0,23.923961555989628,0.0,False
United_States_of_America.regions.Michigan:Newaygo,0.7222222222222222,0.0,28.270601099794916,0.0,False
United_States_of_America.regions.Michigan:Wexford,0.5833333333333334,0.0,27.62236608726584,0.0,False
United_States_of_America.regions.Minnesota:Clay,1.4722222222222223,0.0,25.838011274398372,0.0,False
United_States_of_America.regions.Minnesota:Crow Wing,5.166666666666667,0.0,20.21997737328912,0.0,False
United_States_of_America.regions.Minnesota:Douglas,0.5833333333333334,0.0,27.973962702424487,0.0,False
United_States_of_America.regions.Minnesota:Goodhue,1.1388888888888888,0.0,24.72135868957096,0.0,False
United_States_of_America.regions.Minnesota:Le Sueur,6.666666666666667,0.0,2.7597122152970197,0.0,False
United_States_of_America.regions.Minnesota:Mower,4.638888888888889,0.0,15.064331445679487,0.0,False
United_States_of_America.regions.Mississippi:Adams,0.4444444444444444,0.0,23.989167461903772,0.0,False
United_States_of_America.regions.Mississippi:Lincoln,3.9444444444444446,0.0,14.410477281521773,0.0,False
United_States_of_America.regions.Mississippi:Pearl River,2.75,0.0,22.792926136293616,0.0,False
United_States_of_America.regions.Mississippi:Pontotoc,1.6388888888888888,0.0,20.580825257028835,0.0,False
United_States_of_America.regions.Mississippi:Prentiss,1.6944444444444444,0.0,17.550450720318068,0.0,False
United_States_of_America.regions.Mississippi:Washington,6.722222222222222,0.0,11.680430126881138,0.0,False
United_States_of_America.regions.Missouri:Butler,1.7222222222222223,0.0,22.81400719773934,0.0,False
United_States_of_America.regions.Missouri:Dunklin,0.3888888888888889,0.0,24.96988588004733,0.0,False
United_States_of_America.regions.Missouri:Johnson,3.861111111111111,0.0,20.52507138133464,0.0,False
United_States_of_America.regions.Missouri:Lawrence,3.0555555555555554,0.0,18.501200014862427,0.0,False
United_States_of_America.regions.Missouri:Marion,1.9722222222222223,0.0,18.133298113181993,0.0,False
United_States_of_America.regions.Missouri:Pettis,0.3611111111111111,0.0,27.70906051261197,0.0,False
United_States_of_America.regions.Missouri:Phelps,0.5833333333333334,0.0,28.35230255905084,0.0,False
United_States_of_America.regions.Missouri:Webster,0.9722222222222222,0.0,24.14108609914526,0.0,False
United_States_of_America.regions.Nebraska:Adams,0.5833333333333334,0.0,27.40734271380325,0.0,False
United_States_of_America.regions.Nebraska:Madison,0.0,0.0,26.084763506986615,0.0,False
United_States_of_America.regions.New Hampshire:Grafton,0.9722222222222222,0.0,27.752705762242485,0.0,False
United_States_of_America.regions.New York:Cattaraugus,5.472222222222222,0.0,21.32645740284096,0.0,False
United_States_of_America.regions.New York:Otsego,6.583333333333333,0.0,16.868708054883413,0.0,False
United_States_of_America.regions.New York:Steuben,7.694444444444445,0.0,20.868538041445944,0.0,False
United_States_of_America.regions.New York:Wyoming,1.1666666666666667,0.0,23.6964931011445,0.0,False
United_States_of_America.regions.North Carolina:Ashe,0.8888888888888888,0.0,21.507763275375225,0.0,False
United_States_of_America.regions.North Carolina:Beaufort,2.8333333333333335,0.0,21.197450292931496,0.0,False
United_States_of_America.regions.North Carolina:Cherokee,2.861111111111111,0.0,15.062315216096843,0.0,False
United_States_of_America.regions.North Carolina:Columbus,1.4444444444444444,0.0,25.14114400767637,0.0,False
United_States_of_America.regions.North Carolina:Montgomery,1.9166666666666667,0.0,17.715380421967364,0.0,False
United_States_of_America.regions.North Carolina:Perquimans,0.5833333333333334,0.0,23.168048218993004,0.0,False
United_States_of_America.regions.North Carolina:Sampson,0.5833333333333334,0.0,29.02177848130286,0.0,False
United_States_of_America.regions.North Carolina:Yancey,4.194444444444445,0.0,9.041116229262151,0.0,False
United_States_of_America.regions.North Dakota:Burleigh,12.5,0.0,15.868298372419954,0.0,False
United_States_of_America.regions.Ohio:Coshocton,0.8333333333333334,0.0,23.99289881470922,0.0,False
United_States_of_America.regions.Ohio:Hardin,0.3611111111111111,0.0,24.396404805196102,0.0,False
United_States_of_America.regions.Ohio:Henry,0.3611111111111111,0.0,26.070069954037766,0.0,False
United_States_of_America.regions.Ohio:Hocking,1.9444444444444444,0.0,18.11428979035029,0.0,False
United_States_of_America.regions.Ohio:Pike,0.5833333333333334,0.0,26.995064248726052,0.0,False
United_States_of_America.regions.Oklahoma:Carter,0.5833333333333334,0.0,28.517286464262344,0.0,False
United_States_of_America.regions.Oklahoma:Cherokee,3.3333333333333335,0.0,20.491066371233753,0.0,False
United_States_of_America.regions.Oklahoma:Delaware,3.9722222222222223,0.0,17.678620162225716,0.0,False
United_States_of_America.regions.Oklahoma:Garfield,2.6666666666666665,0.0,23.634990353355818,0.0,False
United_States_of_America.regions.Oklahoma:Logan,0.5833333333333334,0.0,26.777243848875074,0.0,False
United_States_of_America.regions.Oklahoma:Mayes,1.4722222222222223,0.0,23.161371463497776,0.0,False
United_States_of_America.regions.Oklahoma:Okmulgee,1.8888888888888888,0.0,21.56884785361266,0.0,False
United_States_of_America.regions.Oklahoma:Ottawa,4.416666666666667,0.0,11.319943380883066,0.0,False
United_States_of_America.regions.Oregon:Josephine,1.5277777777777777,0.0,27.039729316489943,0.0,False
United_States_of_America.regions.Pennsylvania:Clarion,1.8055555555555556,0.0,21.77930639122802,0.0,False
United_States_of_America.regions.Pennsylvania:Greene,5.388888888888889,0.0,11.353072547587757,0.0,False
United_States_of_America.regions.Pennsylvania:Jefferson,0.0,0.0,26.949680024696917,0.0,False
United_States_of_America.regions.Pennsylvania:Juniata,0.5833333333333334,0.0,23.192294513989403,0.0,False
United_States_of_America.regions.South Carolina:Chester,0.0,0.0,25.685338904380668,0.0,False
United_States_of_America.regions.South Carolina:Chesterfield,3.0277777777777777,0.0,20.494803103498757,0.0,False
United_States_of_America.regions.South Carolina:Edgefield,0.5833333333333334,0.0,26.927434627839745,0.0,False
United_States_of_America.regions.South Carolina:Marion,0.0,0.4166666666666667,25.43114173197947,1.359124071718259,False
United_States_of_America.regions.South Carolina:Marlboro,0.5833333333333334,0.0,26.767036115910955,0.0,False
United_States_of_America.regions.South Carolina:Newberry,0.3611111111111111,0.0,27.416254874066034,0.0,False
United_States_of_America.regions.Tennessee:Cannon,1.2777777777777777,0.0,11.289146572949013,0.0,False
United_States_of_America.regions.Tennessee:Chester,0.1388888888888889,0.0,20.639044850330546,0.0,False
United_States_of_America.regions.Tennessee:Fayette,1.5833333333333333,0.0,22.897209488109212,0.0,False
United_States_of_America.regions.Tennessee:Henderson,0.3333333333333333,0.0,23.77905940194576,0.0,False
United_States_of_America.regions.Tennessee:Henry,1.5833333333333333,0.0,20.805531347446973,0.0,False
United_States_of_America.regions.Tennessee:Johnson,0.3888888888888889,0.0,19.508438444995576,0.0,False
United_States_of_America.regions.Tennessee:Lauderdale,2.361111111111111,0.0,15.207663380280543,0.0,False
United_States_of_America.regions.Tennessee:Lincoln,0.5833333333333334,0.0,27.68596044305859,0.0,False
United_States_of_America.regions.Tennessee:Marion,1.1944444444444444,0.0,20.986452918841795,0.0,False
United_States_of_America.regions.Tennessee:Meigs,0.3611111111111111,0.0,20.756638979567445,0.0,False
United_States_of_America.regions.Tennessee:Sequatchie,0.8055555555555556,0.0,20.243387039491186,0.0,False
United_States_of_America.regions.Tennessee:Smith,0.5833333333333334,0.0,19.84685916042161,0.0,False
United_States_of_America.regions.Tennessee:Weakley,0.5833333333333334,0.0,27.595333127696573,0.0,False
United_States_of_America.regions.Texas:Rains,0.0,0.0,17.943317333218037,0.0,False
United_States_of_America.regions.Texas:Rusk,0.5833333333333334,0.0,28.757780634571716,0.0,False
United_States_of_America.regions.Texas:Van Zandt,0.5833333333333334,0.0,28.82871654432155,0.0,False
United_States_of_America.regions.Texas:Washington,12.666666666666666,0.0,10.015876875365583,0.0,False
United_States_of_America.regions.Texas:Wilson,1.1111111111111112,0.0,25.31983034873356,0.0,False
United_States_of_America.regions.Vermont:Lamoille,9.555555555555555,0.0,13.521122360776346,0.0,False
United_States_of_America.regions.Vermont:Rutland,2.8055555555555554,0.0,23.053600682144765,0.0,False
United_States_of_America.regions.Virginia:Amherst,0.16666666666666666,0.0,26.113400084221986,0.0,False
United_States_of_America.regions.Virginia:Botetourt,0.5833333333333334,0.0,27.603503440602097,0.0,False
United_States_of_America.regions.Virginia:Caroline,2.0277777777777777,0.0,18.842807147190356,0.0,False
United_States_of_America.regions.Virginia:Carroll,0.3611111111111111,0.0,26.493157294260055,0.0,False
United_States_of_America.regions.Virginia:Dinwiddie,3.611111111111111,0.0,12.869039731711956,0.0,False
United_States_of_America.regions.Virginia:King William,0.16666666666666666,0.0,22.334402738759692,0.0,False
United_States_of_America.regions.Virginia:Northampton,0.5833333333333334,0.0,22.05610355463695,0.0,False
United_States_of_America.regions.Virginia:Northumberland,1.25,0.0,9.910138403766746,0.0,False
United_States_of_America.regions.Virginia:Pittsylvania,0.5833333333333334,0.0,28.938922194799474,0.0,False
United_States_of_America.regions.Virginia:Prince Edward,0.5833333333333334,0.0,26.210232992246777,0.0,False
United_States_of_America.regions.Virginia:Russell,0.5833333333333334,0.0,26.834435035547745,0.0,False
United_States_of_America.regions.Virginia:Smyth,0.3333333333333333,0.0,24.228995948773186,0.0,False
United_States_of_America.regions.Virginia:Wythe,0.25,0.0,24.20432898566444,0.0,False
United_States_of_America.regions.West Virginia:Fayette,0.1388888888888889,0.0,26.534543048818097,0.0,False
United_States_of_America.regions.West Virginia:Jackson,1.9444444444444444,0.0,18.25056622180387,0.0,False
United_States_of_America.regions.West Virginia:Mason,1.3611111111111112,0.0,19.491406640756992,0.0,False
United_States_of_America.regions.West Virginia:Pleasants,0.5833333333333334,0.0,17.19098746724344,0.0,False
United_States_of_America.regions.Wisconsin:Chippewa,0.7222222222222222,0.0,28.147031409010495,0.0,False
United_States_of_America.regions.Wisconsin:Door,1.0833333333333333,0.0,20.957723473893466,0.0,False
United_States_of_America.regions.Wisconsin:Green,0.5833333333333334,0.0,26.68768429637995,0.0,False
United_States_of_America.regions.Wisconsin:Kewaunee,0.8055555555555556,0.0,20.536326292716964,0.0,False
United_States_of_America.regions.Wisconsin:Waupaca,0.0,0.9722222222222222,27.490629181497805,1.9066919439541523,False
Brazil.regions.BA:Conceição do Jacuípe,0.5833333333333334,0.0,27.579494922603754,0.0,False
Brazil.regions.CE:Pacajus,1.5277777777777777,0.0,26.28697408271183,0.0,False
Brazil.regions.CE:Pindoretama,0.5833333333333334,0.0,25.733655378865834,0.0,False
Brazil.regions.MG:Juatuba,0.5833333333333334,0.0,26.884687248893925,0.0,False
Brazil.regions.MG:Lagoa Santa,1.3888888888888888,0.0,25.989644899423823,0.0,False
Brazil.regions.MG:Ubá,1.0,0.0,28.648637906807394,0.0,False
Brazil.regions.PE:Chã de Alegria,0.25,0.0,17.03364917629956,0.0,False
Brazil.regions.RJ:Paracambi,2.6666666666666665,0.0,22.462931485313344,0.0,False
Brazil.regions.RS:Xangri-lá,0.5833333333333334,0.0,24.501225198658055,0.0,False
Brazil.regions.SC:Rio do Sul,0.25,0.0,28.01587015088826,0.0,False
Brazil.regions.SE:Itabaiana,0.5833333333333334,0.0,29.54789175670059,0.0,False
Brazil.regions.SP:Itu,0.3611111111111111,0.0,29.893140300661983,0.0,False
Brazil.regions.SP:Santa Gertrudes,0.5833333333333334,0.0,26.878064673019523,0.0,False
Saint_Vincent_and_the_Grenadines,0.5833333333333334,0.0,29.688454525623097,0.0,False
United_States_of_America.regions.Florida:Pasco,0.0,0.0,30.309985619318695,0.0,False
United_States_of_America.regions.Georgia:Henry,1.3333333333333333,0.0,29.35235556804471,0.0,False
United_States_of_America.regions.Georgia:Rockdale,5.75,0.0,22.5279847705477,0.0,False
United_States_of_America.regions.Virginia:Chesapeake city,11.583333333333334,0.0,25.218041780216307,0.0,False
United_States_of_America.regions.Wisconsin:Waukesha,1.7222222222222223,0.0,29.778007189744912,0.0,False
Brazil.regions.PE:Carpina,0.4166666666666667,0.0,28.204641410771337,0.0,False
Brazil.regions.RJ:Itaboraí,2.7222222222222223,0.0,28.806245988826063,0.0,False
Brazil.regions.SC:Bombinhas,0.5833333333333334,0.0,25.53738839799361,0.0,False
Brazil.regions.SP:Potim,0.2857142857142857,0.0,20.786773006734933,0.0,False
United_States_of_America.regions.Louisiana:Jefferson,8.333333333333334,0.0,28.302905188271215,0.0,False
Brazil.regions.AL:Novo Lino,0.5833333333333334,0.0,22.715592558330762,0.0,False
Brazil.regions.AL:Piranhas,1.0,0.0,11.336132059108564,0.0,False
Brazil.regions.BA:Anguera,0.5833333333333334,0.0,21.68395151660225,0.0,False
Brazil.regions.BA:Coaraci,0.5833333333333334,0.0,24.711037120238863,0.0,False
Brazil.regions.BA:Conceição do Almeida,0.0,0.0,13.525561681384623,0.0,False
Brazil.regions.BA:Coração de Maria,0.5833333333333334,0.0,26.172013160270854,0.0,False
Brazil.regions.BA:Jaguaquara,0.0,0.0,27.686504027628988,0.0,False
Brazil.regions.BA:Retirolândia,0.8611111111111112,0.0,14.036746355707741,0.0,False
Brazil.regions.BA:Santa Bárbara,0.5833333333333334,0.0,20.17463737522375,0.0,False
Brazil.regions.CE:Fortim,0.5833333333333334,0.0,24.527852039460313,0.0,False
Brazil.regions.CE:Ibiapina,0.3611111111111111,0.0,25.70633757854485,0.0,False
Brazil.regions.CE:Itarema,0.5833333333333334,0.0,28.20495584305904,0.0,False
Brazil.regions.CE:Penaforte,0.6666666666666666,0.0,4.575631956829536,0.0,False
Brazil.regions.CE:Trairi,0.16666666666666666,0.0,28.062341573430018,0.0,False
Brazil.regions.ES:Ibiraçu,0.25,0.0,15.904465072981225,0.0,False
Brazil.regions.ES:João Neiva,0.3333333333333333,0.0,19.096733130914746,0.0,False
Brazil.regions.ES:Marechal Floriano,0.2222222222222222,0.0,19.78021744821585,0.0,False
Brazil.regions.ES:Pedro Canário,0.5833333333333334,0.0,26.776687020579743,0.0,False
Brazil.regions.MA:Bacabal,5.333333333333333,0.0,24.00531051590137,0.0,False
Brazil.regions.MG:Congonhal,0.5833333333333334,0.0,22.227612367688767,0.0,False
Brazil.regions.MG:Divino,0.16666666666666666,0.0,23.487957769926215,0.0,False
Brazil.regions.MG:Engenheiro Caldas,0.0,0.0,10.342173383699146,0.0,False
Brazil.regions.MG:Nova Porteirinha,0.5833333333333334,0.0,17.262479871175525,0.0,False
Brazil.regions.MG:Ouro Preto,0.0,1.0,17.97743221701481,1.3462392805697287,False
Brazil.regions.MG:Passa Quatro,0.0,0.0,16.97813774044381,0.0,False
Brazil.regions.MG:São João del Rei,0.5555555555555556,0.0,28.22143331852843,0.0,False
Brazil.regions.MS:Fátima do Sul,4.3,0.0,11.118789624591182,0.0,False
Brazil.regions.PA:Bragança,2.4444444444444446,0.0,27.44137358091835,0.0,False
Brazil.regions.PA:Curuçá,2.4166666666666665,0.0,20.61228602435611,0.0,False
Brazil.regions.PA:Santo Antônio do Tauá,0.1388888888888889,0.0,25.12531507153693,0.0,False
Brazil.regions.PB:Cuité de Mamanguape,0.5833333333333334,0.0,14.855218210018064,0.0,False
Brazil.regions.PB:Curral de Cima,0.2857142857142857,0.0,5.713287552566878,0.0,False
Brazil.regions.PB:Salgado de São Félix,2.6190476190476195,0.0,10.847299866711083,0.0,False
Brazil.regions.PB:São José dos Ramos,1.5833333333333333,0.0,22.56293560641387,0.0,False
Brazil.regions.PB:Vista Serrana,0.4642857142857143,0.0,9.472131458531624,0.0,False
Brazil.regions.PE:Bom Conselho,0.0,0.5833333333333334,27.33483916872739,1.2014114868668562,False
Brazil.regions.PE:Canhotinho,0.0,0.0,24.2124341796204,0.0,False
Brazil.regions.PE:Capoeiras,0.5833333333333334,0.0,25.607784473463365,0.0,False
Brazil.regions.PE:Paranatama,0.21428571428571427,0.0,17.447506643028643,0.0,False
Brazil.regions.PE:Taquaritinga do Norte,0.5833333333333334,0.0,27.120574281832923,0.0,False
Brazil.regions.PI:Marcolândia,2.3333333333333335,0.0,15.94535376543336,0.0,False
Brazil.regions.PR:Barracão,0.5833333333333334,0.0,20.86345310718526,0.0,False
Brazil.regions.PR:Colorado,1.3611111111111112,0.0,18.333425879652765,0.0,False
Brazil.regions.PR:Contenda,0.5833333333333334,0.0,25.214840324612172,0.0,False
Brazil.regions.PR:Figueira,0.5833333333333334,0.0,17.725800334495986,0.0,False
Brazil.regions.PR:Guaíra,0.3611111111111111,0.0,26.905417292125563,0.0,False
Brazil.regions.PR:Irati,0.0,0.0,17.67695751533612,0.0,False
Brazil.regions.PR:Telêmaco Borba,0.3611111111111111,0.0,29.0481871222258,0.0,False
Brazil.regions.RJ:Carmo,0.5833333333333334,0.0,20.89306997437743,0.0,False
Brazil.regions.RJ:Piraí,0.3333333333333333,0.0,24.04914972578267,0.0,False
Brazil.regions.RJ:Valença,0.5833333333333334,0.0,29.289016555135465,0.0,False
Brazil.regions.RN:Guamaré,1.9166666666666667,0.0,9.972434175397513,0.0,False
Brazil.regions.RN:Januário Cicco,0.5833333333333334,0.0,20.773595347716793,0.0,False
Brazil.regions.RN:Luís Gomes,0.5833333333333334,0.0,20.710483034481182,0.0,False
Brazil.regions.RN:Serra de São Bento,0.5833333333333334,0.0,13.240728164592163,0.0,False
Brazil.regions.RS:Estação,1.4166666666666667,0.0,19.756654066387416,0.0,False
Brazil.regions.SC:Itapiranga,0.5833333333333334,0.0,24.668833593318723,0.0,False
Brazil.regions.SC:Jaguaruna,0.25,0.0,21.440133353663203,0.0,False
Brazil.regions.SC:Lages,0.5833333333333334,0.0,29.96106989470334,0.0,False
Brazil.regions.SC:Mondaí,0.0,0.0,10.807234774709393,0.0,False
Brazil.regions.SE:Aquidabã,0.5833333333333334,0.0,25.958239583027616,0.0,False
Brazil.regions.SE:Brejo Grande,0.0,0.0,7.288528881144536,0.0,False
Brazil.regions.SE:Malhada dos Bois,0.5833333333333334,0.0,9.96622818411544,0.0,False
Brazil.regions.SP:Andradina,0.4722222222222222,0.0,26.999481074488816,0.0,False
Brazil.regions.SP:Bálsamo,0.0,0.0,8.29588146670673,0.0,False
Brazil.regions.SP:Cajobi,0.0,0.0,15.576525276854397,0.0,False
Brazil.regions.SP:Dobrada,0.5833333333333334,0.0,19.396350778705298,0.0,False
Brazil.regions.SP:Ituverava,0.5833333333333334,0.0,28.204841513613683,0.0,False
Brazil.regions.SP:Piraju,2.5833333333333335,0.0,16.6165249180341,0.0,False
Brazil.regions.SP:Pirapozinho,0.5833333333333334,0.0,26.963016314182994,0.0,False
Brazil.regions.SP:São Pedro,0.5833333333333334,0.0,27.791000145299254,0.0,False
Brazil.regions.SP:Taiaçu,0.4166666666666667,0.0,9.197545786280807,0.0,False
Brazil.regions.SP:Tapiratiba,0.5833333333333334,0.0,22.879763821792807,0.0,False
United_States_of_America.regions.Alabama:Tuscaloosa,1.7222222222222223,0.0,29.016889579300216,0.0,False
United_States_of_America.regions.Arkansas:Craighead,1.1666666666666667,0.0,28.10333595402849,0.0,False
United_States_of_America.regions.California:Sutter,6.361111111111111,0.0,22.40321495921444,0.0,False
United_States_of_America.regions.Georgia:Tift,4.583333333333333,0.0,15.42342203566065,0.0,False
United_States_of_America.regions.Georgia:Walker,1.4444444444444444,0.0,26.255597643123878,0.0,False
United_States_of_America.regions.Illinois:Williamson,0.5833333333333334,0.0,29.09424406475782,0.0,False
United_States_of_America.regions.Indiana:Boone,0.5833333333333334,0.0,29.12182178313893,0.0,False
United_States_of_America.regions.Indiana:Grant,1.6111111111111112,0.0,25.738746129679612,0.0,False
United_States_of_America.regions.Indiana:Kosciusko,3.5277777777777777,0.0,24.163182426328344,0.0,False
United_States_of_America.regions.Iowa:Dallas,2.5277777777777777,0.0,26.1966916020872,0.0,False
United_States_of_America.regions.Louisiana:Bossier,1.7222222222222223,0.0,27.99381259402266,0.0,False
United_States_of_America.regions.Michigan:Midland,3.4444444444444446,0.0,24.549613558328453,0.0,False
United_States_of_America.regions.Mississippi:Forrest,1.25,0.0,26.812840143727605,0.0,False
United_States_of_America.regions.Mississippi:Madison,9.11111111111111,0.0,20.53253741743,0.0,False
United_States_of_America.regions.Missouri:Cass,3.5,0.0,25.790241892981786,0.0,False
United_States_of_America.regions.Missouri:Christian,0.6388888888888888,0.0,28.08752016063254,0.0,False
United_States_of_America.regions.Missouri:St. Francois,1.5555555555555556,0.0,25.925889989618,0.0,False
United_States_of_America.regions.New Hampshire:Belknap,4.083333333333333,0.0,21.352111156213233,0.0,False
United_States_of_America.regions.New York:Ulster,2.2777777777777777,0.0,28.421433590991537,0.0,False
United_States_of_America.regions.New York:Wayne,4.055555555555555,0.0,24.32466739511709,0.0,False
United_States_of_America.regions.North Carolina:Stanly,0.3611111111111111,0.0,28.64978540107889,0.0,False
United_States_of_America.regions.Ohio:Jefferson,7.305555555555555,0.0,16.988635418226593,0.0,False
United_States_of_America.regions.Ohio:Marion,2.0277777777777777,0.0,25.048195010369533,0.0,False
United_States_of_America.regions.Ohio:Ottawa,2.361111111111111,0.0,20.862452453257916,0.0,False
United_States_of_America.regions.Ohio:Tuscarawas,0.5833333333333334,0.0,29.50870306938107,0.0,False
United_States_of_America.regions.Oregon:Yamhill,1.8611111111111112,0.0,27.379711949191915,0.0,False
United_States_of_America.regions.South Carolina:Aiken,1.4166666666666667,0.0,28.84011303127977,0.0,False
United_States_of_America.regions.South Carolina:Greenwood,0.6388888888888888,0.0,27.457568832557854,0.0,False
United_States_of_America.regions.Tennessee:Maury,3.8055555555555554,0.0,25.004925544462495,0.0,False
United_States_of_America.regions.Tennessee:Robertson,5.527777777777778,0.0,20.69355162079684,0.0,False
United_States_of_America.regions.Texas:Parker,1.7777777777777777,0.0,28.243378882142146,0.0,False
United_States_of_America.regions.Texas:Randall,11.222222222222221,0.0,21.29708646443671,0.0,False
United_States_of_America.regions.Texas:Taylor,10.5,0.0,21.84193131067594,0.0,False
United_States_of_America.regions.Virginia:Albemarle,5.944444444444445,0.0,23.710440682988892,0.0,False
United_States_of_America.regions.Virginia:King George,1.4722222222222223,0.0,19.209781174565663,0.0,False
United_States_of_America.regions.West Virginia:Harrison,5.694444444444445,0.0,19.77480425693871,0.0,False
United_States_of_America.regions.Wisconsin:Calumet,0.5833333333333334,0.0,28.599366878968322,0.0,False
United_States_of_America.regions.Wisconsin:Jefferson,2.5833333333333335,0.0,25.680494318280793,0.0,False
Brazil.regions.PB:Campina Grande,0.3888888888888889,0.0,30.1144675845235,0.0,False
Brazil.regions.SC:Blumenau,9.222222222222221,0.0,27.570733191531346,0.0,False
United_States_of_America.regions.Massachusetts:Norfolk,3.1944444444444446,0.0,29.919816207193193,0.0,False
United_States_of_America.regions.Michigan:Macomb,32.22222222222222,0.0,26.727776750760274,0.0,False
United_States_of_America.regions.Virginia:Virginia Beach city,1.3888888888888888,0.0,29.935281213277758,0.0,False
Brazil.regions.MG:Santa Luzia,0.5833333333333334,0.0,30.13947142276801,0.0,False
Brazil.regions.PR:Sarandi,0.3888888888888889,0.0,28.556033477735916,0.0,False
Brazil.regions.RS:Lajeado,2.9722222222222223,0.0,25.173436510677405,0.0,False
Brazil.regions.SC:Criciúma,8.5,0.0,25.909944545147496,0.0,False
Brazil.regions.SP:Cubatão,2.8055555555555554,0.0,27.237954753119173,0.0,False
Greece,5.444444444444445,0.0,30.530302435739934,0.0,False
United_States_of_America.regions.North Carolina,2.3333333333333335,0.0,30.558469237139157,0.0,False
Qatar,7.0,0.0,30.28724634597951,0.0,False
United_States_of_America.regions.Alabama:Jefferson,26.583333333333332,0.0,26.318889208738206,0.0,False
United_States_of_America.regions.California:San Joaquin,6.722222222222222,0.0,29.506056942528833,0.0,False
United_States_of_America.regions.Florida:Brevard,4.472222222222222,0.0,29.589810042151765,0.0,False
United_States_of_America.regions.Massachusetts:Worcester,1.1388888888888888,0.0,30.26808022582274,0.0,False
United_States_of_America.regions.New Mexico:Bernalillo,9.86111111111111,0.0,28.910628319275677,0.0,False
United_States_of_America.regions.New York:Onondaga,20.083333333333332,0.0,25.89106850567042,0.0,False
United_States_of_America.regions.Pennsylvania:Lancaster,8.833333333333334,0.0,28.68703391925355,0.0,False
United_States_of_America.regions.Texas:Hidalgo,22.055555555555557,0.0,27.874655335527844,0.0,False
United_States_of_America.regions.Texas:Montgomery,0.5833333333333334,0.0,30.293975782924846,0.0,False
United_States_of_America.regions.Washington:Pierce,12.027777777777779,0.0,29.091789788398987,0.0,False
Brazil.regions.AC:Epitaciolândia,0.6388888888888888,0.0,18.52573432654339,0.0,False
Brazil.regions.AC:Plácido de Castro,2.75,0.0,8.922159255600398,0.0,False
Brazil.regions.AC:Senador Guiomard,0.4166666666666667,0.0,21.909225296239228,0.0,False
Brazil.regions.AM:Careiro da Várzea,0.3611111111111111,0.0,26.552067225279007,0.0,False
Brazil.regions.BA:Aracatu,0.4166666666666667,0.0,15.369319104775323,0.0,False
Brazil.regions.BA:Belmonte,0.16666666666666666,0.0,24.52299656070456,0.0,False
Brazil.regions.BA:Encruzilhada,0.5833333333333334,0.0,24.715535655408544,0.0,False
Brazil.regions.BA:Guaratinga,0.5833333333333334,0.0,25.79803937156734,0.0,False
Brazil.regions.BA:Iaçu,3.6,0.0,1.8953973606353236,0.0,False
Brazil.regions.BA:Ibitiara,0.0,0.0,13.203345896262551,0.0,False
Brazil.regions.BA:Itapebi,1.9166666666666667,0.0,6.7126166584966285,0.0,False
Brazil.regions.BA:Jussiape,0.5833333333333334,0.0,14.430278125297738,0.0,False
Brazil.regions.BA:Maracás,0.25,0.0,21.796094795497947,0.0,False
Brazil.regions.BA:Mirangaba,1.0,0.0,8.417356741340676,0.0,False
Brazil.regions.BA:Piatã,0.0,0.0,13.483573383936232,0.0,False
Brazil.regions.BA:Presidente Jânio Quadros,0.0,0.0,11.21863016187373,0.0,False
Brazil.regions.BA:Umburanas,1.4166666666666667,0.0,16.722820453147573,0.0,False
Brazil.regions.BA:Várzea Nova,0.5833333333333334,0.0,22.719937013282582,0.0,False
Brazil.regions.CE:Jaguaretama,1.2777777777777777,0.0,16.67786486303888,0.0,False
Brazil.regions.CE:Poranga,1.8888888888888888,0.0,7.621932116518483,0.0,False
Brazil.regions.GO:Barro Alto,0.5833333333333334,0.0,21.640856636048213,0.0,False
Brazil.regions.GO:Corumbá de Goiás,0.5833333333333334,0.0,21.594913114499857,0.0,False
Brazil.regions.GO:Edéia,0.5833333333333334,0.0,22.513045664903295,0.0,False
Brazil.regions.GO:Paranaiguara,0.5833333333333334,0.0,20.652490145942686,0.0,False
Brazil.regions.GO:Pirenópolis,0.0,0.0,15.308897127904117,0.0,False
Brazil.regions.GO:Professor Jamil,1.2777777777777777,0.0,58.175862597883665,0.0,False
Brazil.regions.GO:Silvânia,0.5833333333333334,0.0,25.76372815981207,0.0,False
Brazil.regions.MA:Barão de Grajaú,0.5833333333333334,0.0,25.282316923956255,0.0,False
Brazil.regions.MA:Brejo de Areia,0.0,0.0,8.439910069635042,0.0,False
Brazil.regions.MA:Cachoeira Grande,0.5833333333333334,0.0,19.99248375906298,0.0,False
Brazil.regions.MA:Cidelândia,10.25,0.0,49.9194847020934,0.0,False
Brazil.regions.MA:Governador Newton Bello,0.5833333333333334,0.0,20.77263049331043,0.0,False
Brazil.regions.MA:Morros,0.5833333333333334,0.0,25.44992734025733,0.0,False
Brazil.regions.MA:Nova Olinda do Maranhão,1.25,0.0,20.50831745187549,0.0,False
Brazil.regions.MA:Primeira Cruz,8.4,0.0,42.054062749885254,0.0,False
Brazil.regions.MA:Ribamar Fiquene,0.4166666666666667,0.0,10.21431268706553,0.0,False
Brazil.regions.MA:Santo Amaro do Maranhão,5.0,0.0,18.54077378829202,0.0,False
Brazil.regions.MA:Serrano do Maranhão,0.5833333333333334,0.0,20.842570251226892,0.0,False
Brazil.regions.MG:Cascalho Rico,0.5833333333333334,0.0,9.072699422646402,0.0,False
Brazil.regions.MG:Chiador,3.7857142857142856,0.0,167.0898118204796,0.0,False
Brazil.regions.MG:Comercinho,0.5833333333333334,0.0,16.163716220817133,0.0,False
Brazil.regions.MG:Couto de Magalhães de Minas,0.2857142857142857,0.0,6.957648483824173,0.0,False
Brazil.regions.MG:Estrela do Sul,0.4642857142857143,0.0,15.760906329535278,0.0,False
Brazil.regions.MG:Ferros,1.4166666666666667,0.0,9.401103928687386,0.0,False
Brazil.regions.MG:Ibiaí,0.5833333333333334,0.0,18.68396091147729,0.0,False
Brazil.regions.MG:Senhora do Porto,0.5833333333333334,0.0,9.761937084253786,0.0,False
Brazil.regions.MG:Serra do Salitre,0.5833333333333334,0.0,21.961725827544605,0.0,False
Brazil.regions.MG:Varjão de Minas,0.4642857142857143,0.0,14.082755314186215,0.0,False
Brazil.regions.MG:Vazante,0.4166666666666667,0.0,20.88236007192022,0.0,False
Brazil.regions.MS:Bataguassu,0.3333333333333333,0.0,22.271166459083798,0.0,False
Brazil.regions.MS:Jardim,8.694444444444445,0.0,10.970776251143311,0.0,False
Brazil.regions.MS:Paranhos,0.0,0.0,12.29527678293737,0.0,False
Brazil.regions.MT:Jaciara,1.25,0.0,22.995326773377265,0.0,False
Brazil.regions.MT:Rio Branco,0.4166666666666667,0.0,8.193946298982219,0.0,False
Brazil.regions.PA:Curuá,2.3055555555555554,0.0,7.858572032783128,0.0,False
Brazil.regions.PA:Nova Ipixuna,0.5833333333333334,0.0,24.59989043199417,0.0,False
Brazil.regions.PA:Terra Santa,0.3888888888888889,0.0,20.087942661473946,0.0,False
Brazil.regions.PB:Barra de São Miguel,0.5833333333333334,0.0,14.028550116371019,0.0,False
Brazil.regions.PB:Catingueira,0.6111111111111112,0.0,11.676677206138754,0.0,False
Brazil.regions.PB:Olho d'Água,0.2857142857142857,0.0,9.52139840066395,0.0,False
Brazil.regions.PB:São José dos Cordeiros,0.0,0.0,8.239724312779295,0.0,False
Brazil.regions.PE:Belém do São Francisco,0.7999999999999999,0.0,10.640184595177287,0.0,False
Brazil.regions.PE:Betânia,2.361111111111111,0.0,9.014413160441412,0.0,False
Brazil.regions.PI:Avelino Lopes,0.0,0.0,10.465490967865346,0.0,False
Brazil.regions.PI:Bela Vista do Piauí,0.0,0.0,5.582928751481461,0.0,False
Brazil.regions.PI:Betânia do Piauí,0.5833333333333334,0.0,14.479777749230854,0.0,False
Brazil.regions.PI:Castelo do Piauí,0.3333333333333333,0.0,20.874436319407078,0.0,False
Brazil.regions.PI:Coivaras,0.1111111111111111,0.0,11.554546110029557,0.0,False
Brazil.regions.PI:Elesbão Veloso,0.5833333333333334,0.0,23.74743626984237,0.0,False
Brazil.regions.PI:Lagoa do Piauí,2.142857142857143,0.0,60.46306032398124,0.0,False
Brazil.regions.PI:Palmeirais,0.6666666666666666,0.0,20.85190601235901,0.0,False
Brazil.regions.PI:Pau D'Arco do Piauí,3.0,0.0,81.10618891507805,0.0,False
Brazil.regions.PI:Paulistana,0.0,0.0,14.451089516392708,0.0,False
Brazil.regions.PI:Pio IX,0.3888888888888889,0.0,21.700893861828316,0.0,False
Brazil.regions.PI:Rio Grande do Piauí,0.16666666666666666,0.0,8.570522988920137,0.0,False
Brazil.regions.PI:Sigefredo Pacheco,0.2857142857142857,0.0,14.885553083290189,0.0,False
Brazil.regions.PI:Simplício Mendes,5.388888888888889,0.0,26.250102774031035,0.0,False
Brazil.regions.PI:São João da Canabrava,0.0,0.0,2.3777173913043477,0.0,False
Brazil.regions.PI:Vera Mendes,0.4166666666666667,0.0,34.40256183611513,0.0,False
Brazil.regions.PR:Campo Bonito,0.3611111111111111,0.0,10.360769311453113,0.0,False
Brazil.regions.PR:Céu Azul,2.9166666666666665,0.0,9.331744698867766,0.0,False
Brazil.regions.PR:Guaraniaçu,1.0,0.0,9.882749274639284,0.0,False
Brazil.regions.RN:Fernando Pedroza,0.5833333333333334,0.0,9.035429894744835,0.0,False
Brazil.regions.RN:Paraú,0.25,0.0,18.059530036821645,0.0,False
Brazil.regions.RN:Santana do Matos,0.25,0.0,16.26281865104679,0.0,False
Brazil.regions.RO:Mirante da Serra,1.1388888888888888,0.0,9.320121969607037,0.0,False
Brazil.regions.RO:Novo Horizonte do Oeste,0.5833333333333334,0.0,18.883468393077607,0.0,False
Brazil.regions.RO:Presidente Médici,0.5833333333333334,0.0,25.32877433376199,0.0,False
Brazil.regions.RO:São Felipe D'Oeste,0.5833333333333334,0.0,11.270273602564535,0.0,False
Brazil.regions.RS:Candiota,0.5833333333333334,0.0,20.161756443240076,0.0,False
Brazil.regions.RS:Dom Feliciano,0.5833333333333334,0.0,24.10820453706368,0.0,False
Brazil.regions.RS:Floriano Peixoto,0.5833333333333334,0.0,26.029328358345055,0.0,False
Brazil.regions.RS:Guabiju,0.0,0.0,47.209927970146666,0.0,False
Brazil.regions.RS:Mato Castelhano,0.5833333333333334,0.0,8.774265535648624,0.0,False
Brazil.regions.RS:Nicolau Vergueiro,0.5833333333333334,0.0,28.857218900128473,0.0,False
Brazil.regions.SC:Rancho Queimado,0.4166666666666667,0.0,38.89689006164819,0.0,False
Brazil.regions.SC:Rio Rufino,0.5833333333333334,0.0,9.678049058882202,0.0,False
Brazil.regions.SC:Santa Rosa de Lima,0.3333333333333333,0.0,58.88442333455123,0.0,False
Brazil.regions.SP:Anhembi,1.3888888888888888,0.0,13.60737272978951,0.0,False
Brazil.regions.SP:Avaí,0.5833333333333334,0.0,12.08757703941539,0.0,False
Brazil.regions.SP:Cananéia,0.6388888888888888,0.0,12.874742851859558,0.0,False
Brazil.regions.SP:Magda,0.6,0.0,31.97482160918045,0.0,False
Brazil.regions.SP:São Pedro do Turvo,0.8611111111111112,0.0,4.779383602494875,0.0,False
Brazil.regions.SP:Tapiraí,2.4166666666666665,0.0,21.72603264711239,0.0,False
Brazil.regions.TO:Fátima,0.3611111111111111,0.0,10.35396638442573,0.0,False
Brazil.regions.TO:Guaraí,5.75,0.0,7.426490306390479,0.0,False
Brazil.regions.TO:Nova Rosalândia,0.5833333333333334,0.0,10.580390555895761,0.0,False
Brazil.regions.TO:Palmeiras do Tocantins,0.5833333333333334,0.0,15.57628782151096,0.0,False
Brazil.regions.TO:Riachinho,1.0,0.0,23.73337909444991,0.0,False
Brazil.regions.TO:Wanderlândia,2.7222222222222223,0.0,9.521245825202893,0.0,False
Brazil.regions.TO:Xambioá,6.027777777777778,0.0,35.46905858964734,0.0,False
United_States_of_America.regions.Alabama:Barbour,3.3333333333333335,0.0,10.67899125414563,0.0,False
United_States_of_America.regions.Alabama:Butler,0.5833333333333334,0.0,25.453896297886065,0.0,False
United_States_of_America.regions.Alabama:Clay,0.4722222222222222,0.0,15.06460386899276,0.0,False
United_States_of_America.regions.Alabama:Cleburne,3.0277777777777777,0.0,6.12585874884303,0.0,False
United_States_of_America.regions.Alabama:Crenshaw,0.5833333333333334,0.0,23.334703706977635,0.0,False
United_States_of_America.regions.Alabama:Fayette,0.5833333333333334,0.0,24.461596543976402,0.0,False
United_States_of_America.regions.Alabama:Hale,1.3055555555555556,0.0,11.197988423661302,0.0,False
United_States_of_America.regions.Alabama:Lamar,0.5833333333333334,0.0,23.352060940836274,0.0,False
United_States_of_America.regions.Alabama:Macon,2.2777777777777777,0.0,10.007847731198808,0.0,False
United_States_of_America.regions.Alabama:Pickens,1.1388888888888888,0.0,16.936895882771665,0.0,False
United_States_of_America.regions.Arkansas:Ashley,1.5555555555555556,0.0,14.627512401289197,0.0,False
United_States_of_America.regions.Arkansas:Clark,5.694444444444445,0.0,18.30207954565131,0.0,False
United_States_of_America.regions.Arkansas:Clay,0.5833333333333334,0.0,23.7234332993477,0.0,False
United_States_of_America.regions.Arkansas:Columbia,0.0,0.0,23.84587359870533,0.0,False
United_States_of_America.regions.Arkansas:Cross,0.1388888888888889,0.0,20.106610316256088,0.0,False
United_States_of_America.regions.Arkansas:Drew,0.6111111111111112,0.0,18.55100040224504,0.0,False
United_States_of_America.regions.Arkansas:Franklin,0.3611111111111111,0.0,23.69644982758409,0.0,False
United_States_of_America.regions.Arkansas:Grant,0.5833333333333334,0.0,18.733417000475644,0.0,False
United_States_of_America.regions.Arkansas:Hempstead,0.7222222222222222,0.0,19.888235851938006,0.0,False
United_States_of_America.regions.Arkansas:Howard,1.9722222222222223,0.0,6.308434374888951,0.0,False
United_States_of_America.regions.Arkansas:Izard,0.3611111111111111,0.0,21.628007626533783,0.0,False
United_States_of_America.regions.Arkansas:Jackson,0.5833333333333334,0.0,24.614594232082272,0.0,False
United_States_of_America.regions.Arkansas:Lawrence,0.8888888888888888,0.0,22.63801998522594,0.0,False
United_States_of_America.regions.Arkansas:Lincoln,0.5833333333333334,0.0,22.917680526376177,0.0,False
United_States_of_America.regions.Arkansas:Little River,0.0,0.0,11.166399289410954,0.0,False
United_States_of_America.regions.Arkansas:Logan,0.1388888888888889,0.0,22.57278971516654,0.0,False
United_States_of_America.regions.Arkansas:Marion,0.5833333333333334,0.0,24.605637093331193,0.0,False
United_States_of_America.regions.Arkansas:Poinsett,0.5833333333333334,0.0,21.386927338023536,0.0,False
United_States_of_America.regions.Arkansas:Polk,0.0,0.0,22.664870841588936,0.0,False
United_States_of_America.regions.Arkansas:Randolph,1.0,0.0,16.21039537772785,0.0,False
United_States_of_America.regions.Arkansas:Sharp,0.16666666666666666,0.0,22.473655959544594,0.0,False
United_States_of_America.regions.Arkansas:Van Buren,4.833333333333333,0.0,19.25359471971479,0.0,False
United_States_of_America.regions.Arkansas:Yell,0.5833333333333334,0.0,25.909997169646388,0.0,False
United_States_of_America.regions.Colorado:Alamosa,1.1666666666666667,0.0,13.655013598767466,0.0,False
United_States_of_America.regions.Colorado:Clear Creek,0.1388888888888889,0.0,13.20063526846733,0.0,False
United_States_of_America.regions.Florida:Calhoun,0.9722222222222222,0.0,13.018114467389829,0.0,False
United_States_of_America.regions.Florida:Dixie,0.3611111111111111,0.0,23.331922664735753,0.0,False
United_States_of_America.regions.Florida:Franklin,0.3333333333333333,0.0,14.788253067051816,0.0,False
United_States_of_America.regions.Florida:Gulf,0.5833333333333334,0.0,23.26389737490258,0.0,False
United_States_of_America.regions.Florida:Hamilton,0.1388888888888889,0.0,18.65914684588519,0.0,False
United_States_of_America.regions.Florida:Jefferson,5.555555555555555,0.0,21.566411952118997,0.0,False
United_States_of_America.regions.Florida:Madison,7.611111111111111,0.0,20.54082699873469,0.0,False
United_States_of_America.regions.Georgia:Atkinson,0.9444444444444444,0.0,16.874192011975236,0.0,False
United_States_of_America.regions.Georgia:Burke,1.5,0.0,16.820477756475377,0.0,False
United_States_of_America.regions.Georgia:Irwin,1.3055555555555556,0.0,8.486143661546615,0.0,False
United_States_of_America.regions.Georgia:Jefferson,0.9722222222222222,0.0,13.960247812271156,0.0,False
United_States_of_America.regions.Georgia:Jenkins,0.16666666666666666,0.0,14.267243971375308,0.0,False
United_States_of_America.regions.Georgia:Marion,4.444444444444445,0.0,41.92433520537742,0.0,False
United_States_of_America.regions.Georgia:Turner,0.16666666666666666,0.0,12.854214373367133,0.0,False
United_States_of_America.regions.Georgia:Twiggs,0.25,0.0,10.671251675749428,0.0,False
United_States_of_America.regions.Georgia:Washington,0.3333333333333333,0.0,21.18839852566981,0.0,False
United_States_of_America.regions.Georgia:Wheeler,0.5833333333333334,0.0,17.865068455941067,0.0,False
United_States_of_America.regions.Georgia:Wilcox,0.3055555555555556,0.0,13.647350765415938,0.0,False
United_States_of_America.regions.Idaho:Minidoka,0.5833333333333334,0.0,20.297478366034277,0.0,False
United_States_of_America.regions.Idaho:Teton,0.3611111111111111,0.0,20.52974318126539,0.0,False
United_States_of_America.regions.Illinois:Alexander,0.25,0.0,6.468896161959716,0.0,False
United_States_of_America.regions.Illinois:Clay,0.5833333333333334,0.0,23.010861748198174,0.0,False
United_States_of_America.regions.Illinois:Edwards,0.5357142857142857,0.0,9.82533045625815,0.0,False
United_States_of_America.regions.Illinois:Fayette,0.1388888888888889,0.0,22.523905526301967,0.0,False
United_States_of_America.regions.Illinois:Greene,0.6111111111111112,0.0,22.670932506091262,0.0,False
United_States_of_America.regions.Illinois:Hancock,0.5833333333333334,0.0,22.438796915574795,0.0,False
United_States_of_America.regions.Illinois:Hardin,0.5833333333333334,0.0,10.1308937261283,0.0,False
United_States_of_America.regions.Illinois:Iroquois,0.8333333333333334,0.0,21.68282852254874,0.0,False
United_States_of_America.regions.Illinois:Mason,1.0833333333333333,0.0,12.200788843794536,0.0,False
United_States_of_America.regions.Illinois:Mercer,0.25,0.0,18.719585094556578,0.0,False
United_States_of_America.regions.Illinois:Pulaski,3.4722222222222223,0.0,64.16624032043127,0.0,False
United_States_of_America.regions.Illinois:Shelby,1.9722222222222223,0.0,14.160777817823291,0.0,False
United_States_of_America.regions.Illinois:Washington,0.5833333333333334,0.0,23.394833871319545,0.0,False
United_States_of_America.regions.Illinois:Wayne,0.3611111111111111,0.0,23.05821084729503,0.0,False
United_States_of_America.regions.Illinois:White,0.5833333333333334,0.0,23.20865209052496,0.0,False
United_States_of_America.regions.Indiana:Pulaski,0.5833333333333334,0.0,22.500613657840034,0.0,False
United_States_of_America.regions.Iowa:Appanoose,0.5833333333333334,0.0,22.548171163626833,0.0,False
United_States_of_America.regions.Iowa:Butler,0.5833333333333334,0.0,23.67012583003694,0.0,False
United_States_of_America.regions.Iowa:Cass,0.5833333333333334,0.0,22.805224235982838,0.0,False
United_States_of_America.regions.Iowa:Chickasaw,0.25,0.0,15.232255563233963,0.0,False
United_States_of_America.regions.Iowa:Clay,0.3333333333333333,0.0,18.628613737309387,0.0,False
United_States_of_America.regions.Iowa:Clayton,0.16666666666666666,0.0,22.52317848648124,0.0,False
United_States_of_America.regions.Iowa:Crawford,1.8055555555555556,0.0,11.68604714245687,0.0,False
United_States_of_America.regions.Iowa:Delaware,0.1388888888888889,0.0,20.471645182510017,0.0,False
United_States_of_America.regions.Iowa:Emmet,0.21428571428571427,0.0,14.72022407976021,0.0,False
United_States_of_America.regions.Iowa:Fayette,0.3611111111111111,0.0,24.375852786075157,0.0,False
United_States_of_America.regions.Iowa:Grundy,0.5833333333333334,0.0,22.420535245058236,0.0,False
United_States_of_America.regions.Iowa:Hamilton,0.3333333333333333,0.0,17.62169375235515,0.0,False
United_States_of_America.regions.Iowa:Hardin,0.5833333333333334,0.0,24.659685933940175,0.0,False
United_States_of_America.regions.Iowa:Iowa,2.4722222222222223,0.0,7.034574746825887,0.0,False
United_States_of_America.regions.Iowa:Louisa,27.97222222222222,0.0,238.94912031473567,0.0,False
United_States_of_America.regions.Iowa:Madison,0.5833333333333334,0.0,24.475112996405056,0.0,False
United_States_of_America.regions.Iowa:Mitchell,0.4166666666666667,0.0,11.702935819283088,0.0,False
United_States_of_America.regions.Iowa:Montgomery,0.5833333333333334,0.0,20.51211853878333,0.0,False
United_States_of_America.regions.Iowa:O'Brien,1.3888888888888888,0.0,10.920839835110977,0.0,False
United_States_of_America.regions.Iowa:Page,0.3888888888888889,0.0,17.54079088225942,0.0,False
United_States_of_America.regions.Iowa:Plymouth,2.2777777777777777,0.0,15.259946694952074,0.0,False
United_States_of_America.regions.Iowa:Tama,4.388888888888889,0.0,8.08678568828398,0.0,False
United_States_of_America.regions.Iowa:Winnebago,0.1388888888888889,0.0,13.96241333757606,0.0,False
United_States_of_America.regions.Iowa:Winneshiek,0.5833333333333334,0.0,25.59356219155303,0.0,False
United_States_of_America.regions.Iowa:Wright,0.5833333333333334,0.0,22.63529736308233,0.0,False
United_States_of_America.regions.Kansas:Barton,1.2222222222222223,0.0,19.712708524127326,0.0,False
United_States_of_America.regions.Kansas:Bourbon,0.8611111111111112,0.0,14.143008257757682,0.0,False
United_States_of_America.regions.Kansas:Dickinson,0.5833333333333334,0.0,25.18045524934802,0.0,False
United_States_of_America.regions.Kansas:Ellis,1.9166666666666667,0.0,18.33790685491337,0.0,False
United_States_of_America.regions.Kansas:McPherson,2.638888888888889,0.0,15.8027986217108,0.0,False
United_States_of_America.regions.Kansas:Neosho,0.5833333333333334,0.0,24.348546383742942,0.0,False
United_States_of_America.regions.Kansas:Osage,0.9722222222222222,0.0,14.572516724757426,0.0,False
United_States_of_America.regions.Kansas:Pottawatomie,0.3611111111111111,0.0,25.583213351241326,0.0,False
United_States_of_America.regions.Kentucky:Breathitt,0.3888888888888889,0.0,14.980435356351913,0.0,False
United_States_of_America.regions.Kentucky:Carlisle,0.1388888888888889,0.0,5.585325917806735,0.0,False
United_States_of_America.regions.Kentucky:Crittenden,0.4166666666666667,0.0,7.8840257868390875,0.0,False
United_States_of_America.regions.Kentucky:Fulton,0.5833333333333334,0.0,13.842588208697162,0.0,False
United_States_of_America.regions.Kentucky:Leslie,0.5833333333333334,0.0,20.47128146410185,0.0,False
United_States_of_America.regions.Kentucky:Lewis,0.16666666666666666,0.0,19.924124566718525,0.0,False
United_States_of_America.regions.Kentucky:Livingston,0.5833333333333334,0.0,19.719154514058566,0.0,False
United_States_of_America.regions.Kentucky:Owsley,0.4166666666666667,0.0,14.70430004577427,0.0,False
United_States_of_America.regions.Louisiana:Jackson,1.0555555555555556,0.0,13.834577883822318,0.0,False
United_States_of_America.regions.Louisiana:LaSalle,0.3333333333333333,0.0,17.725368222863228,0.0,False
United_States_of_America.regions.Louisiana:Morehouse,0.4444444444444444,0.0,22.443615014520205,0.0,False
United_States_of_America.regions.Louisiana:Plaquemines,6.472222222222222,0.0,8.366413087038504,0.0,False
United_States_of_America.regions.Louisiana:Sabine,2.111111111111111,0.0,15.127531323565782,0.0,False
United_States_of_America.regions.Louisiana:St. Helena,3.861111111111111,0.0,28.391522827289545,0.0,False
United_States_of_America.regions.Louisiana:Union,6.638888888888889,0.0,8.513323701215551,0.0,False
United_States_of_America.regions.Michigan:Crawford,0.5833333333333334,0.0,23.467721394686343,0.0,False
United_States_of_America.regions.Minnesota:Fillmore,1.25,0.0,17.146658918975405,0.0,False
United_States_of_America.regions.Minnesota:Martin,4.694444444444445,0.0,2.9415511215077808,0.0,False
United_States_of_America.regions.Minnesota:Nobles,2.5,0.0,19.198494139210474,0.0,False
United_States_of_America.regions.Minnesota:Pennington,0.5833333333333334,0.0,23.51315862557267,0.0,False
United_States_of_America.regions.Minnesota:Sibley,0.5833333333333334,0.0,23.868601633704955,0.0,False
United_States_of_America.regions.Minnesota:Todd,0.4166666666666667,0.0,22.486828449400196,0.0,False
United_States_of_America.regions.Minnesota:Wadena,0.3888888888888889,0.0,18.6173825007456,0.0,False
United_States_of_America.regions.Minnesota:Watonwan,1.5833333333333333,0.0,5.639248019480312,0.0,False
United_States_of_America.regions.Mississippi:Attala,4.194444444444445,0.0,6.4722355572638595,0.0,False
United_States_of_America.regions.Mississippi:Calhoun,1.3611111111111112,0.0,11.31093885625331,0.0,False
United_States_of_America.regions.Mississippi:Clarke,2.2777777777777777,0.0,10.745872872141955,0.0,False
United_States_of_America.regions.Mississippi:Jasper,1.7222222222222223,0.0,10.419071731301536,0.0,False
United_States_of_America.regions.Mississippi:Montgomery,2.638888888888889,0.0,14.113858103627924,0.0,False
United_States_of_America.regions.Mississippi:Smith,0.5833333333333334,0.0,24.31282752971619,0.0,False
United_States_of_America.regions.Mississippi:Wayne,3.0555555555555554,0.0,10.336499930626713,0.0,False
United_States_of_America.regions.Mississippi:Winston,0.6666666666666666,0.0,18.06448488370685,0.0,False
United_States_of_America.regions.Mississippi:Yalobusha,3.6666666666666665,0.0,12.763948936224542,0.0,False
United_States_of_America.regions.Mississippi:Yazoo,0.8055555555555556,0.0,22.549707145603875,0.0,False
United_States_of_America.regions.Missouri:Benton,0.4166666666666667,0.0,20.30933478039735,0.0,False
United_States_of_America.regions.Missouri:Gasconade,0.25,0.0,18.12924627037766,0.0,False
United_States_of_America.regions.Missouri:Livingston,0.5833333333333334,0.0,24.02853140244673,0.0,False
United_States_of_America.regions.Missouri:Madison,0.5833333333333334,0.0,22.32314609663328,0.0,False
United_States_of_America.regions.Missouri:Montgomery,0.7222222222222222,0.0,15.06809192196868,0.0,False
United_States_of_America.regions.Missouri:New Madrid,2.111111111111111,0.0,8.960509594503911,0.0,False
United_States_of_America.regions.Missouri:Nodaway,0.3333333333333333,0.0,21.919972779619002,0.0,False
United_States_of_America.regions.Missouri:Osage,0.75,0.0,13.457852621818198,0.0,False
United_States_of_America.regions.Missouri:Pike,0.1388888888888889,0.0,21.185791227554304,0.0,False
United_States_of_America.regions.Missouri:Saline,7.166666666666667,0.0,14.62328455296977,0.0,False
United_States_of_America.regions.Missouri:Vernon,1.5833333333333333,0.0,15.195985034170548,0.0,False
United_States_of_America.regions.Missouri:Wright,2.9166666666666665,0.0,7.264558679402954,0.0,False
United_States_of_America.regions.Nebraska:Colfax,0.9722222222222222,0.0,9.14611881278142,0.0,False
United_States_of_America.regions.Nebraska:Dawson,0.5833333333333334,0.0,26.35762714814099,0.0,False
United_States_of_America.regions.Nebraska:Otoe,0.5833333333333334,0.0,24.3504971915186,0.0,False
United_States_of_America.regions.Nebraska:Saline,5.194444444444445,0.0,19.103363891107815,0.0,False
United_States_of_America.regions.Nebraska:Saunders,0.3888888888888889,0.0,21.45584554197191,0.0,False
United_States_of_America.regions.Nebraska:York,0.5833333333333334,0.0,23.285337292526986,0.0,False
United_States_of_America.regions.North Carolina:Bertie,2.9722222222222223,0.0,6.55213581201635,0.0,False
United_States_of_America.regions.North Carolina:Graham,0.4444444444444444,0.0,15.85734532067905,0.0,False
United_States_of_America.regions.North Carolina:Swain,2.25,0.0,8.653405761557593,0.0,False
United_States_of_America.regions.Oklahoma:Beckham,0.5833333333333334,0.0,26.02103851216246,0.0,False
United_States_of_America.regions.Oklahoma:Custer,0.5833333333333334,0.0,24.274628039755783,0.0,False
United_States_of_America.regions.Oklahoma:Haskell,1.1111111111111112,0.0,10.48898744313332,0.0,False
United_States_of_America.regions.Oklahoma:Jackson,0.5833333333333334,0.0,26.519172356567562,0.0,False
United_States_of_America.regions.Oregon:Tillamook,0.9722222222222222,0.0,21.143395851514494,0.0,False
United_States_of_America.regions.South Carolina:Williamsburg,0.4722222222222222,0.0,23.82699222335911,0.0,False
United_States_of_America.regions.South Dakota:Hughes,0.5833333333333334,0.0,24.890004691442556,0.0,False
United_States_of_America.regions.South Dakota:Lake,0.16666666666666666,0.0,19.525510268925,0.0,False
United_States_of_America.regions.Tennessee:Wayne,0.25,0.0,19.59999161671222,0.0,False
United_States_of_America.regions.Texas:Bandera,0.5555555555555556,0.0,21.341361452653157,0.0,False
United_States_of_America.regions.Texas:Burleson,0.3611111111111111,0.0,23.968788196526305,0.0,False
United_States_of_America.regions.Texas:Cass,0.5833333333333334,0.0,27.26536625852871,0.0,False
United_States_of_America.regions.Texas:Colorado,1.2222222222222223,0.0,17.542467670820887,0.0,False
United_States_of_America.regions.Texas:DeWitt,0.3611111111111111,0.0,24.533202975231962,0.0,False
United_States_of_America.regions.Texas:Falls,0.5833333333333334,0.0,24.81446383756661,0.0,False
United_States_of_America.regions.Texas:Fayette,0.4444444444444444,0.0,22.59542743248259,0.0,False
United_States_of_America.regions.Texas:Freestone,1.0833333333333333,0.0,17.07110525367117,0.0,False
United_States_of_America.regions.Texas:Gillespie,0.3333333333333333,0.0,23.493891362702623,0.0,False
United_States_of_America.regions.Texas:Gray,4.416666666666667,0.0,7.00438209824794,0.0,False
United_States_of_America.regions.Texas:Hockley,1.9444444444444444,0.0,15.271640589167308,0.0,False
United_States_of_America.regions.Texas:Hutchinson,0.4166666666666667,0.0,21.043802506256878,0.0,False
United_States_of_America.regions.Texas:Jones,0.3333333333333333,0.0,21.052086337672897,0.0,False
United_States_of_America.regions.Texas:Lampasas,0.3611111111111111,0.0,21.52149714867329,0.0,False
United_States_of_America.regions.Texas:Lee,0.3888888888888889,0.0,19.15534553108104,0.0,False
United_States_of_America.regions.Texas:Limestone,0.0,0.0,23.840113527360188,0.0,False
United_States_of_America.regions.Texas:Llano,0.9722222222222222,0.0,18.87039198149644,0.0,False
United_States_of_America.regions.Texas:Marion,3.1666666666666665,0.0,17.60796191219502,0.0,False
United_States_of_America.regions.Texas:Milam,0.4166666666666667,0.0,22.53876933390498,0.0,False
United_States_of_America.regions.Texas:Montague,0.5833333333333334,0.0,25.549895352051493,0.0,False
United_States_of_America.regions.Texas:Moore,3.5833333333333335,0.0,10.586954214710538,0.0,False
United_States_of_America.regions.Texas:Palo Pinto,0.4444444444444444,0.0,23.64875171635312,0.0,False
United_States_of_America.regions.Texas:Shelby,2.4166666666666665,0.0,15.177720885482662,0.0,False
United_States_of_America.regions.Texas:Tyler,1.5,0.0,16.36854607026498,0.0,False
United_States_of_America.regions.Virginia:Brunswick,0.5833333333333334,0.0,24.43476336161563,0.0,False
United_States_of_America.regions.Virginia:Buckingham,2.4166666666666665,0.0,8.381328864893941,0.0,False
United_States_of_America.regions.Virginia:Charlotte,0.16666666666666666,0.0,18.6710096130386,0.0,False
United_States_of_America.regions.Virginia:Lunenburg,1.3333333333333333,0.0,8.146023255515082,0.0,False
United_States_of_America.regions.Virginia:Rappahannock,0.5833333333333334,0.0,17.02729217330126,0.0,False
United_States_of_America.regions.Virginia:Southampton,0.3611111111111111,0.0,23.663578945407146,0.0,False
United_States_of_America.regions.Virginia:Surry,1.0833333333333333,0.0,12.178847771173064,0.0,False
United_States_of_America.regions.Virginia:Sussex,2.5277777777777777,0.0,9.139882468877978,0.0,False
United_States_of_America.regions.Washington:Pacific,0.5833333333333334,0.0,26.145632972209448,0.0,False
United_States_of_America.regions.West Virginia:Braxton,0.5833333333333334,0.0,23.430949695158706,0.0,False
United_States_of_America.regions.West Virginia:Calhoun,0.5833333333333334,0.0,16.529137160058163,0.0,False
United_States_of_America.regions.West Virginia:Clay,0.3333333333333333,0.0,10.85707342222949,0.0,False
United_States_of_America.regions.West Virginia:Gilmer,0.3888888888888889,0.0,10.240115974414874,0.0,False
United_States_of_America.regions.West Virginia:Grant,0.5833333333333334,0.0,21.95127655167345,0.0,False
United_States_of_America.regions.West Virginia:Hardy,0.3333333333333333,0.0,16.682727645081837,0.0,False
United_States_of_America.regions.West Virginia:Monroe,0.4444444444444444,0.0,15.320651036691324,0.0,False
United_States_of_America.regions.West Virginia:Roane,0.4166666666666667,0.0,15.984474805911548,0.0,False
United_States_of_America.regions.West Virginia:Wirt,0.5833333333333334,0.0,13.41663436925718,0.0,False
United_States_of_America.regions.Wisconsin:Crawford,0.1388888888888889,0.0,19.91933795671131,0.0,False
United_States_of_America.regions.Wisconsin:Iowa,1.4166666666666667,0.0,17.925824185166007,0.0,False
United_States_of_America.regions.Wisconsin:Lafayette,1.0555555555555556,0.0,14.76089637949302,0.0,False
United_States_of_America.regions.Wisconsin:Lincoln,0.5833333333333334,0.0,26.971705640996376,0.0,False
United_States_of_America.regions.Wisconsin:Richland,0.4166666666666667,0.0,19.002954405529028,0.0,False
United_States_of_America.regions.Wisconsin:Vilas,1.1111111111111112,0.0,18.45594186211442,0.0,False
Brazil.regions.AM:Codajás,1.6944444444444444,0.0,19.14985944616204,0.0,False
Brazil.regions.AM:Eirunepé,5.305555555555555,0.0,11.065609113876109,0.0,False
Brazil.regions.AM:Juruá,0.5833333333333334,0.0,23.79864082821739,0.0,False
Brazil.regions.AM:Maraã,8.86111111111111,0.0,26.715668602144156,0.0,False
Brazil.regions.AM:Nhamundá,0.5833333333333334,0.0,25.872816935675914,0.0,False
Brazil.regions.AP:Calçoene,1.0,0.0,7.358129177043411,0.0,False
Brazil.regions.AP:Mazagão,0.3333333333333333,0.0,21.73548282975541,0.0,False
Brazil.regions.BA:São Desidério,2.619047619047619,0.0,13.272312504594295,0.0,False
Brazil.regions.MS:Ribas do Rio Pardo,4.972222222222222,0.0,6.4893073133011665,0.0,False
Brazil.regions.MT:Peixoto de Azevedo,1.1111111111111112,0.0,22.892117972222593,0.0,False
Brazil.regions.MT:Poconé,0.4166666666666667,0.0,24.506235516721503,0.0,False
Brazil.regions.MT:Querência,0.16666666666666666,0.0,22.49084915240824,0.0,False
Brazil.regions.MT:São Félix do Araguaia,0.2857142857142857,0.0,16.303552065052937,0.0,False
Brazil.regions.MT:Vila Bela da Santíssima Trindade,0.5833333333333334,0.0,24.395416379112035,0.0,False
Brazil.regions.PA:Monte Alegre,0.5833333333333334,0.0,28.87262599745068,0.0,False
Brazil.regions.PA:Novo Repartimento,3.111111111111111,0.0,24.412322320218436,0.0,False
Brazil.regions.PA:Ourilândia do Norte,2.2777777777777777,0.0,18.835606360237687,0.0,False
Brazil.regions.PA:Porto de Moz,0.6388888888888888,0.0,25.193546953816693,0.0,False
Brazil.regions.PA:Prainha,0.6388888888888888,0.0,23.155170928267573,0.0,False
Brazil.regions.PA:Senador José Porfírio,1.1666666666666667,0.0,10.211726640825525,0.0,False
Brazil.regions.RR:Iracema,0.9,1.0,3.42408990762638,8.368200836820085,False
Brazil.regions.TO:Formoso do Araguaia,1.1666666666666667,0.0,15.682581100387385,0.0,False
United_States_of_America.regions.Alaska:Fairbanks North Star Borough,4.361111111111111,0.0,24.45796516844814,0.0,False
United_States_of_America.regions.Alaska:Kodiak Island Borough,0.5833333333333334,0.0,22.90232189815403,0.0,False
United_States_of_America.regions.California:Siskiyou,1.3333333333333333,0.0,23.89683833906255,0.0,False
United_States_of_America.regions.Idaho:Owyhee,0.1388888888888889,0.0,16.02910236781578,0.0,False
United_States_of_America.regions.Maine:Aroostook,0.1388888888888889,0.0,28.027440641355895,0.0,False
United_States_of_America.regions.Montana:Beaverhead,0.5833333333333334,0.0,20.01716092480929,0.0,False
United_States_of_America.regions.Nebraska:Cherry,0.5833333333333334,0.0,13.01803152055737,0.0,False
United_States_of_America.regions.Nevada:Lander,0.5833333333333334,0.0,12.519168229816161,0.0,False
United_States_of_America.regions.New Mexico:Catron,0.5833333333333334,0.0,9.76730234259111,0.0,False
United_States_of_America.regions.New Mexico:Chaves,5.027777777777778,0.0,20.36427082098938,0.0,False
United_States_of_America.regions.New Mexico:McKinley,1.5,0.0,26.275422360935032,0.0,False
United_States_of_America.regions.New Mexico:Otero,1.1111111111111112,0.0,26.60345219629365,0.0,False
United_States_of_America.regions.New Mexico:Rio Arriba,1.6111111111111112,0.0,22.388304547371465,0.0,False
United_States_of_America.regions.New Mexico:Socorro,0.4166666666666667,0.0,18.574415115911155,0.0,False
United_States_of_America.regions.Oregon:Klamath,0.5833333333333334,0.0,29.130354076163947,0.0,False
United_States_of_America.regions.Texas:Brewster,0.5833333333333334,0.0,19.72979125514452,0.0,False
United_States_of_America.regions.Utah:Box Elder,0.3611111111111111,0.0,28.415064850973867,0.0,False
United_States_of_America.regions.Utah:Garfield,0.5833333333333334,0.0,11.193076991498312,0.0,False
United_States_of_America.regions.Utah:Millard,1.6388888888888888,0.0,8.608811895066857,0.0,False
United_States_of_America.regions.Utah:San Juan,2.9166666666666665,0.0,6.493329804433594,0.0,False
United_States_of_America.regions.Utah:Tooele,0.5555555555555556,0.0,27.63578208189591,0.0,False
United_States_of_America.regions.Washington:Okanogan,1.1666666666666667,0.0,24.08585889255185,0.0,False
United_States_of_America.regions.Wyoming:Carbon,1.1666666666666667,0.0,12.488031509770641,0.0,False
United_States_of_America.regions.Wyoming:Natrona,3.1944444444444446,0.0,24.612971438151348,0.0,False
United_States_of_America.regions.Wyoming:Park,0.5833333333333334,0.0,27.170451828883728,0.0,False
Cambodia,0.5833333333333334,0.0,30.58965928185702,0.0,False
Senegal,2.0833333333333335,0.0,30.572686022669497,0.0,False
United_States_of_America.regions.Georgia:Gwinnett,0.3333333333333333,0.0,30.391095803529772,0.0,False
United_States_of_America.regions.Maryland:Montgomery,3.25,0.0,30.135797164225412,0.0,False
United_States_of_America.regions.North Carolina:Mecklenburg,5.944444444444445,0.0,29.91785246238851,0.0,False
Brazil.regions.RS:Alvorada,0.3333333333333333,0.0,29.684438455136917,0.0,False
Brazil.regions.RS:Cachoeirinha,1.1666666666666667,0.0,28.48518561899007,0.0,False
Brazil.regions.SP:Louveira,0.6111111111111112,0.0,28.493373237693316,0.0,False
Brazil.regions.SP:Salto,1.3055555555555556,0.0,28.161281051361804,0.0,False
United_States_of_America.regions.New Jersey:Camden,0.3611111111111111,0.0,30.35449193987135,0.0,False
United_States_of_America.regions.Virginia:Colonial Heights city,13.25,0.0,54.80046390161281,0.0,False
United_States_of_America.regions.Virginia:Roanoke city,4.833333333333333,0.0,24.12368035935926,0.0,False
Brazil.regions.AL:Barra de Santo Antônio,0.5833333333333334,0.0,24.319137332050914,0.0,False
Brazil.regions.AL:Coité do Nóia,0.5833333333333334,0.0,21.243900738409543,0.0,False
Brazil.regions.BA:Santo Amaro,0.3611111111111111,0.0,28.56111606917745,0.0,False
Brazil.regions.CE:Baturité,1.6388888888888888,0.0,21.582604191299843,0.0,False
Brazil.regions.CE:Itapajé,0.5833333333333334,0.0,28.697379412387356,0.0,False
Brazil.regions.CE:Paracuru,0.5833333333333334,0.0,27.74486098646803,0.0,False
Brazil.regions.MA:Pindaré-Mirim,4.638888888888889,0.0,11.706823124601684,0.0,False
Brazil.regions.MG:Cambuí,2.75,0.0,15.931898841768735,0.0,False
Brazil.regions.MG:Governador Valadares,0.25,0.0,29.940782269184226,0.0,False
Brazil.regions.MG:Lagoa da Prata,0.25,0.0,27.08132392370116,0.0,False
Brazil.regions.MG:Santa Rita do Sapucaí,0.5833333333333334,0.0,28.284208951157026,0.0,False
Brazil.regions.PB:Matinhas,0.5833333333333334,0.0,10.789049919484702,0.0,False
Brazil.regions.PB:Pilar,1.6388888888888888,0.0,5.027842649897612,0.0,False
Brazil.regions.PB:Riachão do Bacamarte,1.5277777777777777,0.0,38.21885415030448,0.0,False
Brazil.regions.PE:Belo Jardim,0.5833333333333334,0.0,29.287580496074682,0.0,False
Brazil.regions.PE:Bezerros,0.5833333333333334,0.0,28.951022257438233,0.0,False
Brazil.regions.PE:Itambé,0.6666666666666666,0.0,27.62346065605951,0.0,False
Brazil.regions.PE:Sirinhaém,1.4444444444444444,0.0,23.994313634514796,0.0,False
Brazil.regions.PR:Francisco Beltrão,0.5833333333333334,0.0,29.498034011815676,0.0,False
Brazil.regions.PR:Toledo,0.5833333333333334,0.0,29.884752657703295,0.0,False
Brazil.regions.RJ:Resende,0.0,0.0,29.390299820772377,0.0,False
Brazil.regions.RN:Pau dos Ferros,0.5833333333333334,0.0,27.305690153906767,0.0,False
Brazil.regions.RS:Bom Retiro do Sul,0.5833333333333334,0.0,22.48419737063475,0.0,False
Brazil.regions.RS:Ijuí,0.5833333333333334,0.0,29.397849742394456,0.0,False
Brazil.regions.SC:Maracajá,0.5833333333333334,0.0,16.884034786848087,0.0,False
Brazil.regions.SE:Moita Bonita,0.5833333333333334,0.0,21.77358117980661,0.0,False
Brazil.regions.SP:Cachoeira Paulista,0.5833333333333334,0.0,27.595243096188277,0.0,False
Brazil.regions.SP:Capela do Alto,0.5833333333333334,0.0,25.766295190406666,0.0,False
Brazil.regions.SP:Ibaté,1.4444444444444444,0.0,21.97064861421209,0.0,False
Brazil.regions.SP:Santa Cruz das Palmeiras,0.5833333333333334,0.0,27.68553701929888,0.0,False
United_States_of_America.regions.Delaware:Kent,6.861111111111111,0.0,25.924851711669564,0.0,False
United_States_of_America.regions.Florida:Alachua,2.1944444444444446,0.0,29.19165930428555,0.0,False
United_States_of_America.regions.Florida:Indian River,8.75,0.0,24.13437030177859,0.0,False
United_States_of_America.regions.Indiana:Clark,2.7222222222222223,0.0,26.956351863571633,0.0,False
United_States_of_America.regions.Iowa:Linn,15.13888888888889,0.0,23.219642206731024,0.0,False
United_States_of_America.regions.Kentucky:Jessamine,5.805555555555555,0.0,16.941763700879754,0.0,False
United_States_of_America.regions.Louisiana:St. Tammany,6.805555555555555,0.0,27.37450873406358,0.0,False
United_States_of_America.regions.Maryland:St. Mary's,3.6666666666666665,0.0,25.970670045315835,0.0,False
United_States_of_America.regions.Massachusetts:Hampshire,7.25,0.0,25.1034713943159,0.0,False
United_States_of_America.regions.North Carolina:Davidson,0.8888888888888888,0.0,29.120819485661887,0.0,False
United_States_of_America.regions.North Carolina:Henderson,5.083333333333333,0.0,24.918043659496917,0.0,False
United_States_of_America.regions.North Carolina:Iredell,3.3333333333333335,0.0,27.89146534653571,0.0,False
United_States_of_America.regions.Ohio:Fairfield,10.055555555555555,0.0,23.209512870133334,0.0,False
United_States_of_America.regions.Ohio:Trumbull,0.3333333333333333,0.0,29.62767260692197,0.0,False
United_States_of_America.regions.South Carolina:Horry,5.916666666666667,0.0,28.477653800304736,0.0,False
United_States_of_America.regions.Vermont:Chittenden,3.25,0.0,27.64459180591486,0.0,False
United_States_of_America.regions.Wisconsin:Washington,11.583333333333334,0.0,20.91686039369195,0.0,False
Bhutan,0.5833333333333334,0.0,30.463256476857264,0.0,False
Brazil.regions.RO:Porto Velho,2.6666666666666665,0.0,29.79323589270852,0.0,False
Estonia,0.6666666666666666,0.0,30.42547273555019,0.0,False
Uganda,13.916666666666666,0.0,30.559533098779735,0.0,False
Belize,0.5555555555555556,0.0,30.03746008227071,0.0,False
Brazil.regions.PA:Marabá,0.5833333333333334,0.0,30.237838055143722,0.0,False
New_Caledonia,9.722222222222221,0.0,26.615824626195977,0.0,False
Sweden.regions.Gävleborg,2.0555555555555554,0.0,29.3259032459719,0.0,False
Sweden.regions.Värmland,15.777777777777779,0.0,24.428061408262167,0.0,False
Sweden.regions.Västernorrland,9.722222222222221,0.0,25.989817125603505,0.0,False
United_States_of_America.regions.Arizona:Cochise,0.2222222222222222,0.0,29.161944972146316,0.0,False
United_States_of_America.regions.Arizona:Yavapai,1.7222222222222223,0.0,29.18978614545903,0.0,False
United_States_of_America.regions.Arizona:Yuma,1.1388888888888888,0.0,29.322479361841985,0.0,False
United_States_of_America.regions.Minnesota:St. Louis,2.2222222222222223,0.0,28.68414617504407,0.0,False
United_States_of_America.regions.Vermont,0.8055555555555556,0.0,30.21297169786549,0.0,False
Brazil.regions.SP:Sumaré,1.0,0.0,29.681167903956414,0.0,False
United_States_of_America.regions.Colorado:Denver,6.166666666666667,0.0,29.53009775190982,0.0,False
United_States_of_America.regions.New York:Nassau,19.63888888888889,0.0,29.031818299693093,0.0,False
United_States_of_America.regions.Texas:Dallas,12.0,0.0,30.080417610881902,0.0,False
Brazil.regions.ES:Vitória,12.166666666666666,0.0,26.798488178341834,0.0,False
Brazil.regions.SP:Hortolândia,0.4166666666666667,0.0,30.090436720687403,0.0,False
Netherlands,33.361111111111114,0.0,30.393013541294295,0.0,False
Namibia,0.8333333333333334,0.0,30.497103443202676,0.0,False
Brazil.regions.MA:São Luís,6.888888888888889,0.0,29.826928074838023,0.0,False
Bolivia,8.805555555555555,0.0,30.50430647545633,0.0,False
Brazil.regions.BA:Abaré,0.0,0.0,14.345079443417461,0.0,False
Brazil.regions.BA:Boquira,0.9642857142857143,0.0,18.996510583058765,0.0,False
Brazil.regions.BA:Caetanos,0.5833333333333334,0.0,23.719180004123768,0.0,False
Brazil.regions.BA:Cristópolis,1.3333333333333333,0.0,4.044866295983728,0.0,False
Brazil.regions.BA:Ibotirama,0.5833333333333334,0.0,26.88206863586029,0.0,False
Brazil.regions.BA:Itarantim,0.5833333333333334,0.0,25.531752840909324,0.0,False
Brazil.regions.BA:Jaguarari,0.5833333333333334,0.0,27.6169630406721,0.0,False
Brazil.regions.BA:Licínio de Almeida,0.5833333333333334,0.0,22.523485145096526,0.0,False
Brazil.regions.BA:Monte Santo,0.0,0.0,17.300117327039395,0.0,False
Brazil.regions.BA:Palmeiras,0.5833333333333334,0.0,19.5081094679527,0.0,False
Brazil.regions.BA:Pau Brasil,1.3611111111111112,0.0,9.350126641038706,0.0,False
Brazil.regions.BA:Queimadas,0.5238095238095238,0.0,17.731532834156845,0.0,False
Brazil.regions.BA:Ruy Barbosa,0.5714285714285714,0.0,24.70238963109228,0.0,False
Brazil.regions.BA:Santa Luzia,0.5833333333333334,0.0,22.65741517323157,0.0,False
Brazil.regions.BA:Santa Teresinha,0.3333333333333333,0.0,12.1751820976692,0.0,False
Brazil.regions.BA:Serra do Ramalho,0.5833333333333334,0.0,27.418385649857104,0.0,False
Brazil.regions.BA:Una,0.16666666666666666,0.0,23.140457627902887,0.0,False
Brazil.regions.CE:Alto Santo,3.888888888888889,0.9722222222222222,3.3690325497938556,5.670256749225605,False
Brazil.regions.CE:Banabuiú,0.5,0.0,20.978843374317066,0.0,False
Brazil.regions.CE:Catunda,0.8055555555555556,0.0,14.493584052355239,0.0,False
Brazil.regions.CE:Choró,0.9166666666666666,0.0,12.106056529706699,0.0,False
Brazil.regions.CE:Ipaporanga,0.5833333333333334,0.0,21.96991826790919,0.0,False
Brazil.regions.CE:Potiretama,0.5833333333333334,0.0,15.017062620305714,0.0,False
Brazil.regions.CE:Tamboril,3.1666666666666665,0.0,12.501264425414728,0.0,False
Brazil.regions.GO:Avelinópolis,0.5833333333333334,0.0,10.777790436368264,0.0,False
Brazil.regions.GO:Caldazinha,0.0,0.0,6.964446273183071,0.0,False
Brazil.regions.GO:Campestre de Goiás,0.5833333333333334,0.0,9.901385395456543,0.0,False
Brazil.regions.GO:Campinorte,0.5833333333333334,0.0,22.675648465082276,0.0,False
Brazil.regions.GO:Goiatuba,0.5833333333333334,0.0,27.662831828940593,0.0,False
Brazil.regions.GO:Indiara,0.0,0.0,12.917931954954346,0.0,False
Brazil.regions.GO:Morrinhos,0.5833333333333334,0.0,28.42830843599837,0.0,False
Brazil.regions.GO:Vianópolis,0.5833333333333334,0.0,23.38236734142006,0.0,False
Brazil.regions.MA:Aldeias Altas,0.5833333333333334,0.0,26.826779584728968,0.0,False
Brazil.regions.MA:Altamira do Maranhão,0.5833333333333334,0.0,18.292663598209643,0.0,False
Brazil.regions.MA:Amapá do Maranhão,0.4166666666666667,0.0,9.70485742477799,0.0,False
Brazil.regions.MA:Bacurituba,0.42857142857142855,0.0,8.281573498964804,0.0,False
Brazil.regions.MA:Belágua,6.694444444444445,0.0,80.23264813941643,0.0,False
Brazil.regions.MA:Bom Jesus das Selvas,2.0,0.0,20.065269730507055,0.0,False
Brazil.regions.MA:Buriti Bravo,0.4166666666666667,0.0,22.222006471968243,0.0,False
Brazil.regions.MA:Centro do Guilherme,2.5,0.0,6.684959397747008,0.0,False
Brazil.regions.MA:Cândido Mendes,7.638888888888889,0.0,15.108529258679871,0.0,False
Brazil.regions.MA:Estreito,3.0,0.0,19.66906611698363,0.0,False
Brazil.regions.MA:Godofredo Viana,4.0,0.0,17.04480040394577,0.0,False
Brazil.regions.MA:Itaipava do Grajaú,1.0,0.0,6.86804466816435,0.0,False
Brazil.regions.MA:Lagoa Grande do Maranhão,0.0,0.0,10.547122436675291,0.0,False
Brazil.regions.MA:Luís Domingues,3.25,0.0,38.93854636006219,0.0,False
Brazil.regions.MA:Milagres do Maranhão,0.16666666666666666,0.0,13.85825806903312,0.0,False
Brazil.regions.MA:Paulino Neves,0.5833333333333334,0.0,24.35945523756156,0.0,False
Brazil.regions.MA:Pedro do Rosário,2.388888888888889,0.0,14.797920179444342,0.0,False
Brazil.regions.MA:Santa Filomena do Maranhão,0.2857142857142857,0.0,11.979674825982281,0.0,False
Brazil.regions.MA:Santana do Maranhão,0.5833333333333334,0.0,23.12532164616432,0.0,False
Brazil.regions.MA:São Francisco do Brejão,0.5833333333333334,0.0,22.119800320969276,0.0,False
Brazil.regions.MA:São João do Soter,0.0,0.0,13.930800872550837,0.0,False
Brazil.regions.MA:São Raimundo do Doca Bezerra,8.0,0.0,152.53044345372345,0.0,False
Brazil.regions.MA:Turiaçu,14.583333333333334,0.0,14.811069917237765,0.0,False
Brazil.regions.MA:Vila Nova dos Martírios,5.944444444444445,0.0,25.6151917072129,0.0,False
Brazil.regions.MG:Abaeté,0.5833333333333334,0.0,26.29233168796197,0.0,False
Brazil.regions.MG:Alvarenga,1.0,0.0,31.866499989489938,0.0,False
Brazil.regions.MG:Andrelândia,1.1428571428571428,0.0,10.941152771906243,0.0,False
Brazil.regions.MG:Araçuaí,0.0,0.0,16.599469688714542,0.0,False
Brazil.regions.MG:Açucena,0.0,0.0,8.764009406771448,0.0,False
Brazil.regions.MG:Bocaiúva,0.2857142857142857,0.0,22.84388014394617,0.0,False
Brazil.regions.MG:Cachoeira Dourada,0.0,0.0,17.823431028418426,0.0,False
Brazil.regions.MG:Catuji,1.4166666666666667,0.0,16.94023496535329,0.0,False
Brazil.regions.MG:Guapé,0.25,0.0,17.725800334495986,0.0,False
Brazil.regions.MG:Itacarambi,0.5833333333333334,0.0,25.087081865336263,0.0,False
Brazil.regions.MG:Jequitibá,0.0,0.0,0.13349686699540442,0.0,False
Brazil.regions.MG:Medina,1.25,0.0,16.987103630381416,0.0,False
Brazil.regions.MG:Nova Ponte,2.1944444444444446,0.0,9.497645659140339,0.0,False
Brazil.regions.MG:Pedra Azul,0.0,0.0,22.275454586001338,0.0,False
Brazil.regions.MG:Pedra do Indaiá,0.0,0.0,5.852562137863597,0.0,False
Brazil.regions.MG:Santa Rita de Jacutinga,0.5833333333333334,0.0,11.080250210684994,0.0,False
Brazil.regions.MG:Senador José Bento,0.5833333333333334,0.0,91.46366304937484,0.0,False
Brazil.regions.MG:São João do Paraíso,0.5833333333333334,0.0,26.36175443577315,0.0,False
Brazil.regions.MG:São Sebastião do Rio Preto,0.0,0.0,47.07739091941413,0.0,False
Brazil.regions.MG:Tupaciguara,1.4166666666666667,0.0,18.750746674718513,0.0,False
Brazil.regions.MS:Deodápolis,0.5,0.0,7.71735766285845,0.0,False
Brazil.regions.MT:Curvelândia,1.1111111111111112,0.0,21.040837511314674,0.0,False
Brazil.regions.MT:Nova Olímpia,0.0,0.0,14.397805776684091,0.0,False
Brazil.regions.MT:São José dos Quatro Marcos,0.4166666666666667,0.0,20.01716092480929,0.0,False
Brazil.regions.MT:São Pedro da Cipa,0.16666666666666666,0.0,5.204623318879074,0.0,False
Brazil.regions.PA:Cachoeira do Piriá,0.5833333333333334,0.0,27.645960697134228,0.0,False
Brazil.regions.PA:Santa Luzia do Pará,0.16666666666666666,0.0,23.45823427128301,0.0,False
Brazil.regions.PA:Tucumã,0.5833333333333334,0.0,28.07068821082167,0.0,False
Brazil.regions.PB:Belém do Brejo do Cruz,0.0,0.0,5.703404540352179,0.0,False
Brazil.regions.PB:Boa Vista,0.0,0.0,5.14128602034727,0.0,False
Brazil.regions.PB:Cajazeirinhas,0.5833333333333334,0.0,9.273002083361702,0.0,False
Brazil.regions.PB:Congo,0.5833333333333334,0.0,11.010374461745307,0.0,False
Brazil.regions.PB:Coxixola,0.3611111111111111,0.0,33.02845656239496,0.0,False
Brazil.regions.PB:Quixaba,1.3928571428571428,0.0,117.77532209647441,0.0,False
Brazil.regions.PB:Santa Teresinha,0.5833333333333334,0.0,10.848173114404966,0.0,False
Brazil.regions.PB:São Mamede,4.333333333333333,0.0,49.72518056524992,0.0,False
Brazil.regions.PE:Afrânio,0.5833333333333334,0.0,25.502866935092,0.0,False
Brazil.regions.PE:Carnaubeira da Penha,0.5833333333333334,0.0,22.863057250286772,0.0,False
Brazil.regions.PE:Granito,0.5833333333333334,0.0,17.237544436141235,0.0,False
Brazil.regions.PE:Iguaracy,0.5833333333333334,0.0,22.417860963749945,0.0,False
Brazil.regions.PE:Santa Cruz,0.5833333333333334,0.0,24.101463288935406,0.0,False
Brazil.regions.PE:Santa Maria da Boa Vista,0.5833333333333334,0.0,28.210942822214136,0.0,False
Brazil.regions.PI:Amarante,0.7222222222222222,0.0,17.494576952914613,0.0,False
Brazil.regions.PI:Belém do Piauí,0.0,0.0,8.718953292095772,0.0,False
Brazil.regions.PI:Beneditinos,0.5833333333333334,0.0,21.041977339409023,0.0,False
Brazil.regions.PI:Cocal de Telha,7.111111111111111,0.0,147.16833409552066,0.0,False
Brazil.regions.PI:Colônia do Gurguéia,0.1388888888888889,0.0,7.235118246392375,0.0,False
Brazil.regions.PI:Fronteiras,1.3055555555555556,0.0,10.067009505999687,0.0,False
Brazil.regions.PI:Inhuma,0.5833333333333334,0.0,24.06328119510201,0.0,False
Brazil.regions.PI:Oeiras,3.9722222222222223,0.0,15.592557498020547,0.0,False
Brazil.regions.PI:Olho D'Água do Piauí,0.0,0.0,21.343266282000656,0.0,False
Brazil.regions.PI:Regeneração,0.5833333333333334,0.0,25.033459216301043,0.0,False
Brazil.regions.PI:São João do Piauí,0.6944444444444444,0.0,19.539176255924914,0.0,False
Brazil.regions.PI:São Luis do Piauí,0.5833333333333334,0.0,8.189173189502071,0.0,False
Brazil.regions.PI:São Raimundo Nonato,1.4166666666666667,0.0,22.91310889259106,0.0,False
Brazil.regions.PI:Valença do Piauí,0.5833333333333334,0.0,25.815241448126798,0.0,False
Brazil.regions.PI:Vila Nova do Piauí,0.3888888888888889,0.0,35.786624433398316,0.0,False
Brazil.regions.PR:Cafeara,0.5833333333333334,0.0,8.812226470268614,0.0,False
Brazil.regions.PR:Fernandes Pinheiro,0.0,0.0,1.6120172290758639,0.0,False
Brazil.regions.PR:General Carneiro,0.0,0.0,19.04706533190978,0.0,False
Brazil.regions.PR:Guairaçá,0.5833333333333334,0.0,5.767591815701323,0.0,False
Brazil.regions.PR:Inácio Martins,0.5833333333333334,0.0,21.607049159565037,0.0,False
Brazil.regions.PR:Leópolis,0.5833333333333334,0.0,10.277612837486163,0.0,False
Brazil.regions.PR:Mamborê,1.2857142857142858,0.0,8.281573498964804,0.0,False
Brazil.regions.PR:Mangueirinha,0.9333333333333332,0.0,7.75652220158518,0.0,False
Brazil.regions.PR:Nova Aliança do Ivaí,0.5833333333333334,0.0,34.21300079419497,0.0,False
Brazil.regions.PR:Paula Freitas,0.9333333333333332,0.0,15.432615152778908,0.0,False
Brazil.regions.PR:Pinhão,0.5833333333333334,0.0,27.508535874386293,0.0,False
Brazil.regions.PR:Planaltina do Paraná,1.4166666666666667,0.0,39.777163572408796,0.0,False
Brazil.regions.PR:Querência do Norte,2.3333333333333335,0.0,14.092353935909138,0.0,False
Brazil.regions.PR:Santa Mônica,3.4166666666666665,0.0,95.00077056841252,0.0,False
Brazil.regions.PR:Sertaneja,0.5833333333333334,0.0,11.670756429338532,0.0,False
Brazil.regions.PR:São José da Boa Vista,0.5833333333333334,0.0,14.482374596709954,0.0,False
Brazil.regions.PR:Tuneiras do Oeste,0.3611111111111111,0.0,16.32751735788007,0.0,False
Brazil.regions.RJ:Santa Maria Madalena,0.5833333333333334,0.0,20.984125392129002,0.0,False
Brazil.regions.RN:Angicos,0.0,0.0,10.786877917253314,0.0,False
Brazil.regions.RN:Governador Dix-Sept Rosado,0.6666666666666666,0.0,8.998049278055014,0.0,False
Brazil.regions.RN:Pedra Grande,0.0,0.0,18.317789925961748,0.0,False
Brazil.regions.RN:Serra Negra do Norte,0.5833333333333334,0.0,18.21651139713079,0.0,False
Brazil.regions.RN:Severiano Melo,0.0,0.0,21.65993505979251,0.0,False
Brazil.regions.RN:Upanema,0.5833333333333334,0.0,23.774065472739977,0.0,False
Brazil.regions.RO:Jaru,0.5833333333333334,0.0,28.66437911469717,0.0,False
Brazil.regions.RO:Nova Brasilândia D'Oeste,1.25,0.0,16.757123484213203,0.0,False
Brazil.regions.RO:Urupá,0.16666666666666666,0.0,18.241521178114276,0.0,False
Brazil.regions.RS:Canguçu,0.5833333333333334,0.0,28.811532715616003,0.0,False
Brazil.regions.RS:Caseiros,0.5833333333333334,0.0,9.287673464953969,0.0,False
Brazil.regions.RS:Chapada,0.5833333333333334,0.0,19.80716286466637,0.0,False
Brazil.regions.RS:Condor,0.5833333333333334,0.0,15.787579826750822,0.0,False
Brazil.regions.RS:Coronel Bicaco,0.5833333333333334,0.0,16.94393607140306,0.0,False
Brazil.regions.RS:Ernestina,0.5833333333333334,0.0,9.231810862245645,0.0,False
Brazil.regions.RS:Gramado dos Loureiros,2.428571428571429,0.0,158.6814318928089,0.0,False
Brazil.regions.RS:Ibirapuitã,0.7777777777777778,0.0,28.240745756645172,0.0,False
Brazil.regions.RS:Jaguari,0.5833333333333334,0.0,21.377524118963137,0.0,False
Brazil.regions.RS:Pouso Novo,0.5833333333333334,0.0,30.416999486156175,0.0,False
Brazil.regions.RS:Restinga Sêca,1.4722222222222223,0.0,11.24338077968426,0.0,False
Brazil.regions.RS:Sertão,0.4166666666666667,0.0,8.337013395426018,0.0,False
Brazil.regions.RS:Três Forquilhas,0.5833333333333334,0.0,8.313047777186675,0.0,False
Brazil.regions.RS:Victor Graeff,0.4166666666666667,0.0,38.80043939785061,0.0,False
Brazil.regions.RS:Vila Lângaro,0.5833333333333334,0.0,17.22819444733237,0.0,False
Brazil.regions.RS:Vista Alegre do Prata,0.5833333333333334,0.0,33.465685834568646,0.0,False
Brazil.regions.RS:Água Santa,0.5833333333333334,0.0,10.045937543501461,0.0,False
Brazil.regions.SC:Anita Garibaldi,0.5833333333333334,0.0,16.576466506065007,0.0,False
Brazil.regions.SC:Itaiópolis,0.5833333333333334,0.0,25.98092557702259,0.0,False
Brazil.regions.SC:Morro Grande,0.4642857142857143,0.0,10.060456249909052,0.0,False
Brazil.regions.SC:Rio Fortuna,0.5833333333333334,0.0,10.878208694394942,0.0,False
Brazil.regions.SC:Santa Cecília,0.5833333333333334,0.0,24.654042556855856,0.0,False
Brazil.regions.SC:São Bernardino,0.5833333333333334,0.0,12.212405973573333,0.0,False
Brazil.regions.SC:São Martinho,0.4722222222222222,0.0,34.04429860541427,0.0,False
Brazil.regions.SC:Vargem Bonita,3.6944444444444446,0.0,86.89701354922617,0.0,False
Brazil.regions.SP:Altair,0.0,0.0,4.7147900408769985,0.0,False
Brazil.regions.SP:Anhumas,0.0,0.0,4.977665075927003,0.0,False
Brazil.regions.SP:Buri,0.0,0.0,14.292984305714134,0.0,False
Brazil.regions.SP:Cunha,0.5833333333333334,0.0,25.954795893514287,0.0,False
Brazil.regions.SP:Emilianópolis,1.9166666666666667,0.0,78.30275555715883,0.0,False
Brazil.regions.SP:Guaraçaí,0.25,0.0,10.921562060626677,0.0,False
Brazil.regions.SP:Iguape,1.6388888888888888,0.0,20.15337802862584,0.0,False
Brazil.regions.SP:Itaberá,0.2857142857142857,0.0,19.148662169257136,0.0,False
Brazil.regions.SP:Macedônia,0.5833333333333334,0.0,9.985812934527868,0.0,False
Brazil.regions.SP:Monteiro Lobato,0.0,0.0,2.1678393556284377,0.0,False
Brazil.regions.SP:Populina,0.5833333333333334,0.0,10.494992369490475,0.0,False
Brazil.regions.SP:Presidente Alves,0.5833333333333334,0.0,10.421755414427617,0.0,False
Brazil.regions.SP:Ribeirão dos Índios,0.4642857142857143,0.0,16.648444103256026,0.0,False
Brazil.regions.SP:Rubiácea,0.4642857142857143,0.0,9.874964478545042,0.0,False
Brazil.regions.SP:Santa Clara d'Oeste,0.4642857142857143,0.0,18.98594775560548,0.0,False
Brazil.regions.SP:Santa Cruz da Esperança,0.4166666666666667,0.0,62.90582307412602,0.0,False
Brazil.regions.SP:Sete Barras,0.3888888888888889,0.0,15.22625099891174,0.0,False
Brazil.regions.SP:Silveiras,0.5833333333333334,0.0,14.727834784959507,0.0,False
Brazil.regions.SP:Sud Mennucci,0.4166666666666667,0.0,10.173845443176312,0.0,False
Brazil.regions.SP:Tejupá,0.0,0.0,2.741641829864708,0.0,False
Brazil.regions.SP:Teodoro Sampaio,0.0,0.0,23.75576942822869,0.0,False
Brazil.regions.SP:Timburi,0.5833333333333334,0.0,8.222374892313061,0.0,False
Brazil.regions.SP:Águas de Santa Bárbara,0.5833333333333334,0.0,14.13490785471462,0.0,False
Brazil.regions.TO:Araguatins,2.388888888888889,0.0,19.48811984520061,0.0,False
United_States_of_America.regions.Alabama:Bibb,3.4722222222222223,0.0,8.02032175342573,0.0,False
United_States_of_America.regions.Alabama:Covington,1.2222222222222223,0.0,23.023259139471868,0.0,False
United_States_of_America.regions.Alabama:Dallas,0.6388888888888888,0.0,24.62145514928189,0.0,False
United_States_of_America.regions.Alabama:Escambia,0.16666666666666666,0.0,26.728626059948855,0.0,False
United_States_of_America.regions.Alabama:Henry,4.444444444444445,0.0,9.232233636160705,0.0,False
United_States_of_America.regions.Alabama:Marion,3.638888888888889,0.0,13.017900039399892,0.0,False
United_States_of_America.regions.Alabama:Winston,0.6388888888888888,0.0,21.19117389593794,0.0,False
United_States_of_America.regions.Arizona:Santa Cruz,0.16666666666666666,0.0,27.549087180450478,0.0,False
United_States_of_America.regions.Arkansas:Johnson,4.0,0.0,10.491627818696847,0.0,False
United_States_of_America.regions.Arkansas:Ouachita,1.9722222222222223,0.0,15.389434128486467,0.0,False
United_States_of_America.regions.Arkansas:Sevier,0.5833333333333334,0.0,24.715881411717657,0.0,False
United_States_of_America.regions.Arkansas:St. Francis,5.638888888888889,0.0,16.83856621563411,0.0,False
United_States_of_America.regions.Arkansas:Union,3.9722222222222223,0.0,16.233692436307745,0.0,False
United_States_of_America.regions.California:Calaveras,1.3333333333333333,0.0,24.24211171955805,0.0,False
United_States_of_America.regions.Florida:Hendry,2.7777777777777777,0.0,20.217651500850984,0.0,False
United_States_of_America.regions.Florida:Holmes,0.5833333333333334,0.0,25.49819379277414,0.0,False
United_States_of_America.regions.Florida:Levy,0.3333333333333333,0.0,25.977673150376226,0.0,False
United_States_of_America.regions.Georgia:Appling,2.7777777777777777,0.0,9.062445059746096,0.0,False
United_States_of_America.regions.Georgia:Berrien,1.3888888888888888,0.0,15.272710548313455,0.0,False
United_States_of_America.regions.Georgia:Brooks,2.5833333333333335,0.0,5.535589511894044,0.0,False
United_States_of_America.regions.Georgia:Crawford,1.0833333333333333,0.0,11.52840935940357,0.0,False
United_States_of_America.regions.Georgia:Dodge,0.2222222222222222,0.0,21.833107280919652,0.0,False
United_States_of_America.regions.Georgia:Emanuel,0.3888888888888889,0.0,23.358822615049846,0.0,False
United_States_of_America.regions.Georgia:Jasper,0.3888888888888889,0.0,16.725483207868994,0.0,False
United_States_of_America.regions.Georgia:Johnson,0.8611111111111112,0.0,11.114723709427086,0.0,False
United_States_of_America.regions.Georgia:Lincoln,0.5833333333333334,0.0,7.450587433352017,0.0,False
United_States_of_America.regions.Georgia:Macon,0.3611111111111111,0.0,21.15561684842465,0.0,False
United_States_of_America.regions.Georgia:McIntosh,0.1388888888888889,0.0,18.617636669370295,0.0,False
United_States_of_America.regions.Georgia:Meriwether,2.8333333333333335,0.0,9.730000067707865,0.0,False
United_States_of_America.regions.Georgia:Montgomery,0.4166666666666667,0.0,10.858504459065713,0.0,False
United_States_of_America.regions.Georgia:Seminole,2.9166666666666665,0.0,25.028414236776673,0.0,False
United_States_of_America.regions.Georgia:Telfair,3.3055555555555554,0.0,6.141364421240876,0.0,False
United_States_of_America.regions.Georgia:Treutlen,0.5833333333333334,0.0,16.10515967603472,0.0,False
United_States_of_America.regions.Idaho:Gem,3.0277777777777777,0.0,5.904395907660618,0.0,False
United_States_of_America.regions.Idaho:Jerome,10.0,0.0,19.42598120351043,0.0,False
United_States_of_America.regions.Idaho:Latah,0.0,0.0,26.648138592627603,0.0,False
United_States_of_America.regions.Illinois:Bond,1.1111111111111112,0.0,14.192279511312435,0.0,False
United_States_of_America.regions.Illinois:Bureau,0.0,0.0,25.743130437151578,0.0,False
United_States_of_America.regions.Illinois:Cass,16.944444444444443,0.0,122.09266331772872,0.0,False
United_States_of_America.regions.Illinois:Clark,0.25,0.0,18.722661638332227,0.0,False
United_States_of_America.regions.Illinois:Crawford,0.8611111111111112,0.0,17.500808948632475,0.0,False
United_States_of_America.regions.Illinois:Cumberland,0.5833333333333334,0.0,21.30731236854378,0.0,False
United_States_of_America.regions.Illinois:De Witt,0.4444444444444444,0.0,17.628823961781027,0.0,False
United_States_of_America.regions.Illinois:Fulton,0.6111111111111112,0.0,27.60286685104998,0.0,False
United_States_of_America.regions.Illinois:Jo Daviess,0.5833333333333334,0.0,25.886606705803885,0.0,False
United_States_of_America.regions.Illinois:Johnson,0.3333333333333333,0.0,15.15998597839412,0.0,False
United_States_of_America.regions.Illinois:Lawrence,0.4166666666666667,0.0,17.839084029869234,0.0,False
United_States_of_America.regions.Illinois:Livingston,0.0,0.0,26.154236304449014,0.0,False
United_States_of_America.regions.Illinois:Marshall,0.5833333333333334,0.0,21.853026003949317,0.0,False
United_States_of_America.regions.Illinois:Menard,0.5833333333333334,0.0,22.39640356200312,0.0,False
United_States_of_America.regions.Illinois:Moultrie,0.0,0.0,19.677025994431393,0.0,False
United_States_of_America.regions.Illinois:Piatt,1.6666666666666667,0.0,10.710840125703179,0.0,False
United_States_of_America.regions.Illinois:Putnam,0.3,0.0,5.987004755158577,0.0,False
United_States_of_America.regions.Illinois:Richland,0.5833333333333334,0.0,24.14960679697969,0.0,False
United_States_of_America.regions.Illinois:Union,3.1666666666666665,0.0,8.205569146410202,0.0,False
United_States_of_America.regions.Illinois:Warren,0.8333333333333334,0.0,16.248468947404447,0.0,False
United_States_of_America.regions.Indiana:Crawford,1.0277777777777777,0.0,12.8939676125051,0.0,False
United_States_of_America.regions.Indiana:Martin,0.19444444444444445,0.0,13.329711257198026,0.0,False
United_States_of_America.regions.Indiana:Newton,0.5833333333333334,0.0,23.444783456225103,0.0,False
United_States_of_America.regions.Indiana:Parke,3.25,0.0,8.797497822041464,0.0,False
United_States_of_America.regions.Indiana:Pike,0.6666666666666666,0.0,21.851497010035263,0.0,False
United_States_of_America.regions.Indiana:Rush,1.8055555555555556,0.0,10.157426563842499,0.0,False
United_States_of_America.regions.Iowa:Benton,3.9166666666666665,0.0,9.149137439252472,0.0,False
United_States_of_America.regions.Iowa:Buchanan,0.1388888888888889,0.0,22.462532343955267,0.0,False
United_States_of_America.regions.Iowa:Buena Vista,0.1388888888888889,0.0,21.817922163620874,0.0,False
United_States_of_America.regions.Iowa:Carroll,0.5833333333333334,0.0,25.63672567661399,0.0,False
United_States_of_America.regions.Iowa:Cedar,4.944444444444445,0.0,7.130576906568276,0.0,False
United_States_of_America.regions.Iowa:Floyd,0.0,0.0,20.473492955606325,0.0,False
United_States_of_America.regions.Iowa:Jackson,0.9444444444444444,0.0,17.5921721850234,0.0,False
United_States_of_America.regions.Iowa:Jefferson,1.3055555555555556,0.0,14.805220753626706,0.0,False
United_States_of_America.regions.Iowa:Jones,3.5833333333333335,0.0,8.044625846865388,0.0,False
United_States_of_America.regions.Iowa:Mahaska,0.6111111111111112,0.0,20.66395330659329,0.0,False
United_States_of_America.regions.Iowa:Mills,0.5833333333333334,0.0,23.977241492284357,0.0,False
United_States_of_America.regions.Iowa:Union,0.5833333333333334,0.0,22.426545987778198,0.0,False
United_States_of_America.regions.Iowa:Washington,1.8333333333333333,0.0,15.040763504228108,0.0,False
United_States_of_America.regions.Kansas:Atchison,0.0,0.0,20.744924550658716,0.0,False
United_States_of_America.regions.Kansas:Cherokee,0.1388888888888889,0.0,21.958357854580463,0.0,False
United_States_of_America.regions.Kansas:Jefferson,0.5833333333333334,0.0,25.34453977070116,0.0,False
United_States_of_America.regions.Kansas:Labette,2.6666666666666665,0.0,10.175429610553522,0.0,False
United_States_of_America.regions.Kansas:Lyon,3.9722222222222223,0.0,13.859691633321766,0.0,False
United_States_of_America.regions.Kansas:Seward,3.2222222222222223,0.0,9.283257036433836,0.0,False
United_States_of_America.regions.Kentucky:Ballard,0.3611111111111111,0.0,7.620508917654464,0.0,False
United_States_of_America.regions.Kentucky:Bracken,0.5833333333333334,0.0,18.55197362845201,0.0,False
United_States_of_America.regions.Kentucky:Breckinridge,0.4166666666666667,0.0,20.828757483455966,0.0,False
United_States_of_America.regions.Kentucky:Butler,0.5833333333333334,0.0,22.831235209322898,0.0,False
United_States_of_America.regions.Kentucky:Caldwell,4.388888888888889,0.0,16.893874306189563,0.0,False
United_States_of_America.regions.Kentucky:Casey,0.5833333333333334,0.0,24.407311440785854,0.0,False
United_States_of_America.regions.Kentucky:Clay,0.5833333333333334,0.0,25.57094008255519,0.0,False
United_States_of_America.regions.Kentucky:Edmonson,3.0555555555555554,0.0,8.061469950895606,0.0,False
United_States_of_America.regions.Kentucky:Fleming,0.3888888888888889,0.0,17.0698395249106,0.0,False
United_States_of_America.regions.Kentucky:Green,0.9722222222222222,0.0,17.901462698258158,0.0,False
United_States_of_America.regions.Kentucky:Knott,0.3888888888888889,0.0,19.526727098275646,0.0,False
United_States_of_America.regions.Kentucky:Lawrence,0.5833333333333334,0.0,24.0671195960999,0.0,False
United_States_of_America.regions.Kentucky:Lyon,0.5833333333333334,0.0,18.415545238613607,0.0,False
United_States_of_America.regions.Kentucky:Magoffin,0.0,0.0,11.100663521266805,0.0,False
United_States_of_America.regions.Kentucky:McCreary,0.5833333333333334,0.0,24.792319501299527,0.0,False
United_States_of_America.regions.Kentucky:McLean,2.75,0.0,16.46982525897907,0.0,False
United_States_of_America.regions.Kentucky:Menifee,0.4166666666666667,0.0,9.355855282406571,0.0,False
United_States_of_America.regions.Kentucky:Metcalfe,0.5833333333333334,0.0,20.66631265838633,0.0,False
United_States_of_America.regions.Kentucky:Monroe,0.3333333333333333,0.0,12.59894309496269,0.0,False
United_States_of_America.regions.Kentucky:Morgan,0.5833333333333334,0.0,23.08210067915008,0.0,False
United_States_of_America.regions.Kentucky:Nicholas,0.5833333333333334,0.0,16.838762716133562,0.0,False
United_States_of_America.regions.Kentucky:Ohio,5.138888888888889,0.0,5.841637543041157,0.0,False
United_States_of_America.regions.Kentucky:Owen,0.5833333333333334,0.0,21.422342880685353,0.0,False
United_States_of_America.regions.Kentucky:Todd,4.583333333333333,0.0,19.73391049716723,0.0,False
United_States_of_America.regions.Kentucky:Trigg,2.4166666666666665,0.0,9.942438513867085,0.0,False
United_States_of_America.regions.Kentucky:Union,0.0,0.0,19.585915886288053,0.0,False
United_States_of_America.regions.Kentucky:Washington,0.6388888888888888,0.0,12.222748117925788,0.0,False
United_States_of_America.regions.Kentucky:Webster,0.0,0.0,18.361743251384663,0.0,False
United_States_of_America.regions.Kentucky:Wolfe,0.0,0.0,5.351336720443282,0.0,False
United_States_of_America.regions.Louisiana:East Feliciana,7.861111111111111,0.0,18.761095311009534,0.0,False
United_States_of_America.regions.Louisiana:Franklin,7.416666666666667,0.0,18.925821736757015,0.0,False
United_States_of_America.regions.Louisiana:Grant,0.16666666666666666,0.0,24.268301182236016,0.0,False
United_States_of_America.regions.Louisiana:Pointe Coupee,4.361111111111111,0.0,10.606924043900909,0.0,False
United_States_of_America.regions.Louisiana:Richland,0.1388888888888889,0.0,22.036911394439173,0.0,False
United_States_of_America.regions.Louisiana:West Carroll,1.4444444444444444,0.0,4.965481761017515,0.0,False
United_States_of_America.regions.Louisiana:West Feliciana,5.722222222222222,0.0,17.047611048497295,0.0,False
United_States_of_America.regions.Michigan:Arenac,0.9722222222222222,0.0,13.656385615638806,0.0,False
United_States_of_America.regions.Michigan:Houghton,0.4166666666666667,0.0,27.326374053442084,0.0,False
United_States_of_America.regions.Michigan:Huron,1.6666666666666667,0.0,20.105512697746647,0.0,False
United_States_of_America.regions.Michigan:Ogemaw,0.7777777777777778,0.0,22.790465350582636,0.0,False
United_States_of_America.regions.Michigan:Osceola,1.1944444444444444,0.0,18.75532821824382,0.0,False
United_States_of_America.regions.Minnesota:Brown,2.4166666666666665,0.0,14.600931566632978,0.0,False
United_States_of_America.regions.Minnesota:Carlton,6.638888888888889,0.0,8.50152301427584,0.0,False
United_States_of_America.regions.Minnesota:Houston,0.5833333333333334,0.0,25.219469118487353,0.0,False
United_States_of_America.regions.Minnesota:Kanabec,1.1944444444444444,0.0,13.592827480215671,0.0,False
United_States_of_America.regions.Minnesota:Lyon,1.7222222222222223,0.0,17.619619612785705,0.0,False
United_States_of_America.regions.Minnesota:Meeker,0.5833333333333334,0.0,26.28955190057293,0.0,False
United_States_of_America.regions.Minnesota:Wabasha,1.4444444444444444,0.0,16.595823479730672,0.0,False
United_States_of_America.regions.Minnesota:Waseca,0.1388888888888889,0.0,21.34252380937549,0.0,False
United_States_of_America.regions.Mississippi:Bolivar,1.7222222222222223,0.0,19.80321964451292,0.0,False
United_States_of_America.regions.Mississippi:Chickasaw,6.416666666666667,0.0,17.12641311338718,0.0,False
United_States_of_America.regions.Mississippi:Coahoma,6.277777777777778,0.0,8.439985897085407,0.0,False
United_States_of_America.regions.Mississippi:Copiah,0.3333333333333333,0.0,23.766429036802936,0.0,False
United_States_of_America.regions.Mississippi:Lawrence,1.75,0.0,5.010807448298381,0.0,False
United_States_of_America.regions.Mississippi:Leake,1.5555555555555556,0.0,16.820298024622574,0.0,False
United_States_of_America.regions.Mississippi:Newton,0.16666666666666666,0.0,23.85555881937865,0.0,False
United_States_of_America.regions.Mississippi:Stone,4.694444444444445,0.0,10.239880786773568,0.0,False
United_States_of_America.regions.Mississippi:Walthall,0.8888888888888888,0.0,13.290603753142328,0.0,False
United_States_of_America.regions.Missouri:Andrew,0.5833333333333334,0.0,24.949923412277602,0.0,False
United_States_of_America.regions.Missouri:Audrain,0.5833333333333334,0.0,26.656944447615835,0.0,False
United_States_of_America.regions.Missouri:Cedar,2.1944444444444446,0.0,8.297974273485368,0.0,False
United_States_of_America.regions.Missouri:Cooper,0.16666666666666666,0.0,22.596114369641462,0.0,False
United_States_of_America.regions.Missouri:Crawford,0.4166666666666667,0.0,22.234609191130932,0.0,False
United_States_of_America.regions.Missouri:Dallas,0.3333333333333333,0.0,19.239807358634543,0.0,False
United_States_of_America.regions.Missouri:DeKalb,0.3611111111111111,0.0,20.854662154678444,0.0,False
United_States_of_America.regions.Missouri:Henry,0.5833333333333334,0.0,26.013701767558715,0.0,False
United_States_of_America.regions.Missouri:Howell,1.1666666666666667,0.0,23.740863931133482,0.0,False
United_States_of_America.regions.Missouri:McDonald,0.0,0.0,23.662619994659345,0.0,False
United_States_of_America.regions.Missouri:Mississippi,18.02777777777778,0.0,118.85067975763143,0.0,False
United_States_of_America.regions.Missouri:Moniteau,0.8888888888888888,0.0,15.270855219000412,0.0,False
United_States_of_America.regions.Missouri:Morgan,0.5833333333333334,0.0,25.747798466544054,0.0,False
United_States_of_America.regions.Missouri:Pemiscot,0.16666666666666666,0.0,21.63240500035405,0.0,False
United_States_of_America.regions.Missouri:Perry,5.194444444444445,0.0,9.563772244931666,0.0,False
United_States_of_America.regions.Missouri:Ray,0.3611111111111111,0.0,25.285959080683064,0.0,False
United_States_of_America.regions.Missouri:Stoddard,1.5,0.0,19.97278707760676,0.0,False
United_States_of_America.regions.Missouri:Washington,0.3611111111111111,0.0,25.653547849788993,0.0,False
United_States_of_America.regions.Nebraska:Seward,0.5833333333333334,0.0,24.810115449359586,0.0,False
United_States_of_America.regions.New York:Allegany,0.4166666666666667,0.0,26.256571270074804,0.0,False
United_States_of_America.regions.North Carolina:Bladen,0.5833333333333334,0.0,27.53976528567749,0.0,False
United_States_of_America.regions.North Carolina:Gates,0.6388888888888888,0.0,11.375762847976922,0.0,False
United_States_of_America.regions.North Carolina:Northampton,19.61111111111111,0.0,80.06732488945522,0.0,False
United_States_of_America.regions.North Carolina:Pamlico,0.4166666666666667,0.0,14.879955904493142,0.0,False
United_States_of_America.regions.North Carolina:Washington,0.9722222222222222,0.0,8.52711237933135,0.0,False
United_States_of_America.regions.Ohio:Harrison,0.3333333333333333,0.0,17.85201887826772,0.0,False
United_States_of_America.regions.Ohio:Monroe,0.4166666666666667,0.0,15.948090925323271,0.0,False
United_States_of_America.regions.Ohio:Morgan,0.3333333333333333,0.0,17.384711283729516,0.0,False
United_States_of_America.regions.Ohio:Noble,0.5555555555555556,0.0,15.767132610437248,0.0,False
United_States_of_America.regions.Ohio:Vinton,4.722222222222222,0.0,17.593377132178617,0.0,False
United_States_of_America.regions.Oklahoma:Adair,2.9444444444444446,0.0,10.194904049882487,0.0,False
United_States_of_America.regions.Oklahoma:Garvin,0.3888888888888889,0.0,23.47870367319558,0.0,False
United_States_of_America.regions.Oklahoma:Lincoln,2.888888888888889,0.0,17.77297230012424,0.0,False
United_States_of_America.regions.Oklahoma:McIntosh,0.3888888888888889,0.0,20.531400966183572,0.0,False
United_States_of_America.regions.Oklahoma:Murray,0.3888888888888889,0.0,22.10832336975831,0.0,False
United_States_of_America.regions.Pennsylvania:Clinton,1.9444444444444444,0.0,21.464062899637824,0.0,False
United_States_of_America.regions.Pennsylvania:Elk,0.4166666666666667,0.0,23.909086357300566,0.0,False
United_States_of_America.regions.Pennsylvania:Fulton,0.5833333333333334,0.0,23.713500747523305,0.0,False
United_States_of_America.regions.Pennsylvania:McKean,0.5833333333333334,0.0,28.134274742970394,0.0,False
United_States_of_America.regions.Pennsylvania:Tioga,0.6666666666666666,0.0,25.052712517164373,0.0,False
United_States_of_America.regions.South Carolina:Bamberg,3.5,0.0,8.06629798834251,0.0,False
United_States_of_America.regions.South Carolina:Barnwell,0.75,0.0,19.41334731102983,0.0,False
United_States_of_America.regions.South Carolina:Calhoun,0.5833333333333334,0.0,23.724377761644845,0.0,False
United_States_of_America.regions.South Carolina:Colleton,0.8333333333333334,0.0,24.181643640406975,0.0,False
United_States_of_America.regions.South Carolina:Fairfield,0.3611111111111111,0.0,25.126523267505135,0.0,False
United_States_of_America.regions.South Carolina:Hampton,1.7777777777777777,0.0,13.110061924147235,0.0,False
United_States_of_America.regions.South Carolina:Lee,0.0,0.0,21.186891565969916,0.0,False
United_States_of_America.regions.South Dakota:Clay,1.3888888888888888,0.0,11.025502805732096,0.0,False
United_States_of_America.regions.South Dakota:Codington,1.0555555555555556,0.0,21.174238393237875,0.0,False
United_States_of_America.regions.South Dakota:Lawrence,4.972222222222222,0.0,6.31635720429352,0.0,False
United_States_of_America.regions.South Dakota:Union,0.5833333333333334,0.0,19.08857410500262,0.0,False
United_States_of_America.regions.Tennessee:Benton,1.8888888888888888,0.0,9.109289552143622,0.0,False
United_States_of_America.regions.Tennessee:Bledsoe,0.4166666666666667,0.0,17.319127065369187,0.0,False
United_States_of_America.regions.Tennessee:Clay,0.3611111111111111,0.0,14.545619872634632,0.0,False
United_States_of_America.regions.Tennessee:Decatur,0.5833333333333334,0.0,12.01854606340737,0.0,False
United_States_of_America.regions.Tennessee:Fentress,0.16666666666666666,0.0,22.947664056602655,0.0,False
United_States_of_America.regions.Tennessee:Grundy,0.5833333333333334,0.0,14.459173101234361,0.0,False
United_States_of_America.regions.Tennessee:Hancock,0.0,0.0,4.21793131631566,0.0,False
United_States_of_America.regions.Tennessee:Hardeman,2.2222222222222223,0.0,15.4039746593769,0.0,False
United_States_of_America.regions.Tennessee:Haywood,0.6388888888888888,0.0,17.753567352554267,0.0,False
United_States_of_America.regions.Tennessee:Hickman,0.1388888888888889,0.0,23.755626445345214,0.0,False
United_States_of_America.regions.Tennessee:Houston,0.3611111111111111,0.0,12.127463344971282,0.0,False
United_States_of_America.regions.Tennessee:Humphreys,1.4722222222222223,0.0,14.152181972372622,0.0,False
United_States_of_America.regions.Tennessee:Jackson,2.0277777777777777,0.0,6.402967794154096,0.0,False
United_States_of_America.regions.Tennessee:Morgan,0.6111111111111112,0.0,21.90025131546942,0.0,False
United_States_of_America.regions.Tennessee:Pickett,0.5833333333333334,0.0,11.191116010932726,0.0,False
United_States_of_America.regions.Tennessee:Polk,1.3055555555555556,0.0,13.432737581357188,0.0,False
United_States_of_America.regions.Tennessee:Scott,0.4166666666666667,0.0,21.532916702786906,0.0,False
United_States_of_America.regions.Tennessee:Stewart,1.0277777777777777,0.0,11.5574529339211,0.0,False
United_States_of_America.regions.Texas:Atascosa,0.4166666666666667,0.0,26.68597409438824,0.0,False
United_States_of_America.regions.Texas:Bee,0.6666666666666666,0.0,23.68655479824446,0.0,False
United_States_of_America.regions.Texas:Brown,0.8055555555555556,0.0,24.28668345358743,0.0,False
United_States_of_America.regions.Texas:Calhoun,3.2222222222222223,0.0,8.02392238461428,0.0,False
United_States_of_America.regions.Texas:Erath,0.3611111111111111,0.0,27.73333200580582,0.0,False
United_States_of_America.regions.Texas:Fannin,0.5833333333333334,0.0,27.780022248829408,0.0,False
United_States_of_America.regions.Texas:Franklin,0.5833333333333334,0.0,21.271803880499533,0.0,False
United_States_of_America.regions.Texas:Grimes,0.8333333333333334,0.0,22.22785383239436,0.0,False
United_States_of_America.regions.Texas:Hale,0.5833333333333334,0.0,27.602338978321946,0.0,False
United_States_of_America.regions.Texas:Hill,2.3333333333333335,0.0,19.908845847509575,0.0,False
United_States_of_America.regions.Texas:Kleberg,0.3055555555555556,0.0,25.525553896961412,0.0,False
United_States_of_America.regions.Texas:Madison,0.5833333333333334,0.0,23.59497310369676,0.0,False
United_States_of_America.regions.Texas:Medina,0.5833333333333334,0.0,28.65722759656841,0.0,False
United_States_of_America.regions.Texas:Wharton,3.8055555555555554,0.0,17.628037458794907,0.0,False
United_States_of_America.regions.Texas:Willacy,1.1944444444444444,0.0,17.590017822086452,0.0,False
United_States_of_America.regions.Vermont:Orleans,3.388888888888889,0.0,12.205377053226458,0.0,False
United_States_of_America.regions.Virginia:Alleghany,0.1388888888888889,0.0,19.006161641775197,0.0,False
United_States_of_America.regions.Virginia:Amelia,0.4444444444444444,0.0,15.169584389158704,0.0,False
United_States_of_America.regions.Virginia:Buchanan,2.361111111111111,0.0,20.03171340826832,0.0,False
United_States_of_America.regions.Virginia:Charles City,0.5833333333333334,0.0,16.23418746847554,0.0,False
United_States_of_America.regions.Virginia:Cumberland,2.6666666666666665,0.0,13.737699772300271,0.0,False
United_States_of_America.regions.Virginia:Essex,0.6388888888888888,0.0,10.307104885124012,0.0,False
United_States_of_America.regions.Virginia:Floyd,0.5833333333333334,0.0,24.246203705493045,0.0,False
United_States_of_America.regions.Virginia:Grayson,1.3888888888888888,0.0,11.48184392976788,0.0,False
United_States_of_America.regions.Virginia:Greensville,1.9444444444444444,0.0,5.0295544744421194,0.0,False
United_States_of_America.regions.Virginia:Halifax,0.5833333333333334,0.0,27.646917565925506,0.0,False
United_States_of_America.regions.Virginia:Madison,1.2222222222222223,0.0,11.088901250637365,0.0,False
United_States_of_America.regions.Virginia:Nelson,0.25,0.0,18.316286524446348,0.0,False
United_States_of_America.regions.Virginia:Patrick,0.25,0.0,20.183879235101017,0.0,False
United_States_of_America.regions.Virginia:Rockbridge,0.0,0.0,23.581533607940685,0.0,False
United_States_of_America.regions.Virginia:Scott,1.4166666666666667,0.0,16.685027708821206,0.0,False
United_States_of_America.regions.Washington:Asotin,2.138888888888889,0.0,14.112675208661628,0.0,False
United_States_of_America.regions.West Virginia:Boone,0.5833333333333334,0.0,25.93532944629476,0.0,False
United_States_of_America.regions.West Virginia:Greenbrier,1.2222222222222223,0.0,22.501774904481287,0.0,False
United_States_of_America.regions.West Virginia:Hampshire,3.5,0.0,8.661257289370418,0.0,False
United_States_of_America.regions.West Virginia:Lewis,0.1388888888888889,0.0,19.76899342565538,0.0,False
United_States_of_America.regions.West Virginia:McDowell,3.4444444444444446,0.0,5.892363875055461,0.0,False
United_States_of_America.regions.West Virginia:Nicholas,0.6388888888888888,0.0,21.52403731366046,0.0,False
United_States_of_America.regions.West Virginia:Summers,0.5833333333333334,0.0,22.642261943870984,0.0,False
United_States_of_America.regions.West Virginia:Tyler,1.0555555555555556,0.0,5.749941284094823,0.0,False
United_States_of_America.regions.West Virginia:Wetzel,0.25,0.0,18.426325429312488,0.0,False
United_States_of_America.regions.West Virginia:Wyoming,0.5833333333333334,0.0,25.69241024285347,0.0,False
United_States_of_America.regions.Wisconsin:Adams,0.1388888888888889,0.0,22.078393707860872,0.0,False
United_States_of_America.regions.Wisconsin:Grant,0.16666666666666666,0.0,27.84174203930995,0.0,False
United_States_of_America.regions.Wisconsin:Juneau,1.2777777777777777,0.0,19.874821294173824,0.0,False
United_States_of_America.regions.Wisconsin:Marquette,0.4166666666666667,0.0,17.753897190639588,0.0,False
United_States_of_America.regions.Wisconsin:Oconto,0.5833333333333334,0.0,27.959377665357792,0.0,False
United_States_of_America.regions.Wisconsin:Pepin,0.2857142857142857,0.0,11.121652018782706,0.0,False
United_States_of_America.regions.Wisconsin:Trempealeau,0.5833333333333334,0.0,27.22301816926315,0.0,False
United_States_of_America.regions.Wisconsin:Vernon,0.5833333333333334,0.0,27.351377411893193,0.0,False
United_States_of_America.regions.Wisconsin:Waushara,0.25,0.0,23.095369996501113,0.0,False
Central_African_Republic,0.8055555555555556,0.0,30.551762851192873,0.0,False
Italy,1.4166666666666667,0.0,30.59084888826225,0.0,False
United_States_of_America.regions.Alaska,4.527777777777778,0.0,29.76044270630149,0.0,False
Brazil.regions.SP:São Paulo,0.25,0.0,30.580849689231968,0.0,False
Cameroon,0.3333333333333333,0.0,30.588212281870533,0.0,False
Mozambique,4.611111111111111,0.0,30.57481221310385,0.0,False
Sri_Lanka,0.5833333333333334,0.0,30.59119852984342,0.0,False
Brazil.regions.MG,0.9722222222222222,0.0,30.583740925295768,0.0,False
Kazakhstan,39.72222222222222,0.0,30.369809550551086,0.0,False
South_Korea,0.7777777777777778,0.0,30.591240532086918,0.0,False
Brazil.regions.SC:Balneário Camboriú,4.833333333333333,0.0,26.086402004771227,0.0,False
China,48.333333333333336,0.0,30.592229116662207,0.0,False
Ghana,4.611111111111111,0.0,30.57500350930956,0.0,False
Libya,3.9444444444444446,0.0,30.513044284502843,0.0,False
Palestine,23.305555555555557,0.0,30.051089742493602,0.0,False
Brazil.regions.CE:Fortaleza,79.97222222222223,0.0,27.54054506893254,0.0,False
Brazil.regions.PE:Olinda,1.6388888888888888,0.0,29.774827217324166,0.0,False
Germany,6.055555555555555,0.0,30.586601724581882,0.0,False
Brazil.regions.MG:Vespasiano,0.5833333333333334,0.0,29.812120286741756,0.0,False
Brazil.regions.PE:Toritama,0.5833333333333334,0.0,28.38435341990504,0.0,False
United_States_of_America.regions.Virginia:Charlottesville city,1.3888888888888888,0.0,24.307525170356993,0.0,False
Cote_dIvoire,2.7222222222222223,0.0,30.578638541675964,0.0,False
Mauritania,0.0,0.0,30.559855479589697,0.0,False
Brazil.regions.RJ:Nilópolis,7.416666666666667,0.0,25.056840376247788,0.0,False
Brazil.regions.MT,6.388888888888889,0.0,30.36701997701798,0.0,False
Yemen,0.5833333333333334,0.0,30.592304270921847,0.0,False
Brazil.regions.RJ:Rio de Janeiro,4.916666666666667,0.0,30.49907122147978,0.0,False
Brazil.regions.DF,1.4722222222222223,0.0,30.494477085943085,0.0,False
Brazil.regions.DF:Brasília,1.4722222222222223,0.0,30.494477085943085,0.0,False
United_States_of_America.regions.Florida:Miami-Dade,31.22222222222222,0.0,29.388368227602648,0.0,False
United_States_of_America.regions.Texas:Harris,5.25,0.0,30.45083416458835,0.0,False
Nigeria,0.5833333333333334,0.0,30.595302674156656,0.0,False
Jamaica,9.277777777777779,0.0,30.225740028453785,0.0,False
United_States_of_America.regions.California:San Diego,0.5833333333333334,0.0,30.565858107199727,0.0,False
United_States_of_America.regions.Connecticut,11.38888888888889,0.0,30.231965294867297,0.0,False
Saudi_Arabia,6.472222222222222,0.0,30.57190944123126,0.0,False
United_Kingdom,0.6388888888888888,0.0,30.59247096365244,0.0,False
Algeria,1.3055555555555556,0.0,30.588972104905345,0.0,False
Latvia,1.0833333333333333,0.0,30.457395943599586,0.0,False
Lithuania,0.5833333333333334,0.0,30.559964910188626,0.0,False
United_States_of_America.regions.California:San Bernardino,7.083333333333333,0.0,30.19827518802479,0.0,False
United_States_of_America.regions.West Virginia,15.972222222222221,0.0,29.616230862460156,0.0,False
Canada,1.5833333333333333,0.0,30.587268238450903,0.0,False
Brazil.regions.RS:Esteio,0.1388888888888889,0.0,28.52588432993586,0.0,False
Brazil.regions.RS:Porto Alegre,4.722222222222222,0.0,30.170844961056495,0.0,False
Ethiopia,4.444444444444445,0.0,30.59029450264093,0.0,False
Brazil.regions.AL:Rio Largo,3.0277777777777777,0.0,24.457486379281075,0.0,False
Brazil.regions.AL:Santa Luzia do Norte,2.2222222222222223,0.0,23.436175735231796,0.0,False
Brazil.regions.CE:Itaitinga,0.5833333333333334,0.0,27.962848486236084,0.0,False
Brazil.regions.ES:Viana,0.5833333333333334,0.0,29.317678259021314,0.0,False
Brazil.regions.MG:Barroso,0.0,0.0,14.518289469713327,0.0,False
Brazil.regions.MG:Viçosa,0.5833333333333334,0.0,28.763831310126843,0.0,False
Brazil.regions.PE:Camocim de São Félix,1.0833333333333333,0.0,16.384959665118146,0.0,False
Brazil.regions.PE:Chã Grande,0.9722222222222222,0.0,18.81797397713511,0.0,False
Brazil.regions.PE:Cupira,0.5833333333333334,0.0,26.447640474596383,0.0,False
Brazil.regions.PE:Surubim,0.2222222222222222,0.0,27.821833644897314,0.0,False
Brazil.regions.RJ:Angra dos Reis,0.4166666666666667,0.0,29.614386701086133,0.0,False
Brazil.regions.RJ:Saquarema,0.6388888888888888,0.0,28.103694529817567,0.0,False
Brazil.regions.RJ:Três Rios,0.5833333333333334,0.0,29.37337909370743,0.0,False
Brazil.regions.RS:Erechim,1.3611111111111112,0.0,27.81441436031128,0.0,False
Brazil.regions.RS:Guaíba,0.5833333333333334,0.0,29.576891834670967,0.0,False
Brazil.regions.RS:Passo Fundo,0.3611111111111111,0.0,29.99454781416463,0.0,False
Brazil.regions.SC:Imbituba,2.2777777777777777,0.0,21.987445623497305,0.0,False
Brazil.regions.SC:Içara,0.5833333333333334,0.0,28.823423491458747,0.0,False
Brazil.regions.SP:Boituva,1.9444444444444444,0.0,24.812286510117694,0.0,False
Brazil.regions.SP:Caçapava,2.1944444444444446,0.0,26.588113706532155,0.0,False
Brazil.regions.SP:Igaraçu do Tietê,2.2222222222222223,0.0,15.17247059465413,0.0,False
Brazil.regions.SP:Mirassol,2.361111111111111,0.0,24.002398447146522,0.0,False
Brazil.regions.SP:Monte Mor,0.5833333333333334,0.0,28.92278904604001,0.0,False
Brazil.regions.SP:Tremembé,1.7142857142857142,0.0,21.558973814434513,0.0,False
Luxembourg,0.5833333333333334,0.0,30.294143159137686,0.0,False
United_States_of_America.regions.Georgia:Chatham,6.694444444444445,0.0,27.735785640753278,0.0,False
United_States_of_America.regions.Minnesota:Washington,2.1666666666666665,0.0,29.166915170672553,0.0,False
United_States_of_America.regions.Ohio:Stark,0.9722222222222222,0.0,29.90625190340862,0.0,False
United_States_of_America.regions.Pennsylvania:Chester,7.111111111111111,0.0,28.939693848780557,0.0,False
United_States_of_America.regions.South Carolina:Greenville,9.5,0.0,28.47882290891971,0.0,False
United_States_of_America.regions.Tennessee:Hamilton,1.0277777777777777,0.0,30.082254654604867,0.0,False
United_States_of_America.regions.Virginia:York,1.6944444444444444,0.0,25.795318509462316,0.0,False
United_States_of_America.regions.Washington:Kitsap,1.3611111111111112,0.0,29.51119541767759,0.0,False
Pakistan,2.5,0.0,30.593889055529715,0.0,False
Brazil.regions.SP,0.25,0.0,30.59182067118498,0.0,False
Singapore,6.138888888888889,0.0,30.45886222129538,0.0,False
India,0.8333333333333334,0.0,30.595634538553853,0.0,False
Brazil.regions.MG:Santa Cruz de Minas,0.3888888888888889,0.0,11.547825188598946,0.0,False
Brazil.regions.RS:Sapucaia do Sul,0.4166666666666667,0.0,29.178127576296916,0.0,False
Guinea,0.3611111111111111,0.0,30.58596794178704,0.0,False
Brazil.regions.PI,5.444444444444445,0.0,30.381108334428728,0.0,False
United_States_of_America.regions.Oregon,0.3333333333333333,0.0,30.55037019403507,0.0,False
Brazil.regions.BA,1.8611111111111112,0.0,30.572654261304926,0.0,False
Rwanda,10.36111111111111,0.0,30.498719206201397,0.0,False
Ukraine,0.5833333333333334,0.0,30.593572183406415,0.0,False
Madagascar,16.416666666666668,0.0,30.52727406896708,0.0,False
Chad,1.3611111111111112,0.0,30.576789481718354,0.0,False
Somalia,0.5833333333333334,0.0,30.589150159873256,0.0,False
Brazil.regions.RJ,3.888888888888889,0.0,30.564117633766323,0.0,False
Democratic_Republic_of_the_Congo,0.6666666666666666,0.0,30.593136802590802,0.0,False
Papua_New_Guinea,0.5833333333333334,0.0,30.58419383101618,0.0,False
Brazil.regions.GO:Anápolis,0.4166666666666667,0.0,30.078914493395796,0.0,False
Brazil.regions.PR:Foz do Iguaçu,1.8055555555555556,0.0,29.284993310302767,0.0,False
Brazil.regions.RN:São Gonçalo do Amarante,3.1666666666666665,0.0,26.28266216284219,0.0,False
Brazil.regions.SP:Jaguariúna,0.5833333333333334,0.0,28.856319745004264,0.0,False
Brazil.regions.SP:Rio Claro,0.5833333333333334,0.0,30.111373410686426,0.0,False
United_States_of_America.regions.Georgia:Clarke,5.777777777777778,0.0,24.85977817703217,0.0,False
United_States_of_America.regions.Georgia:Forsyth,2.611111111111111,0.0,28.878552160814454,0.0,False
United_States_of_America.regions.Kentucky:Kenton,5.277777777777778,0.0,26.487314233795967,0.0,False
United_States_of_America.regions.New Jersey:Morris,13.444444444444445,0.0,27.54042425518991,0.0,False
United_States_of_America.regions.Pennsylvania:Lehigh,5.916666666666667,0.0,28.56504297397582,0.0,False
Brazil.regions.AM:Manaus,1.7222222222222223,0.0,30.444374154297932,0.0,False
Brazil.regions.SP:Mauá,0.5833333333333334,0.0,30.384357373402864,0.0,False
Brazil.regions.SP:Ferraz de Vasconcelos,0.5833333333333334,0.0,30.08108158557497,0.0,False
Brazil.regions.GO,8.027777777777779,0.0,30.45887068050521,0.0,False
Brazil.regions.MA,6.888888888888889,0.0,30.476067543977738,0.0,False
United_States_of_America.regions.California:Los Angeles,0.5833333333333334,0.0,30.58585215916887,0.0,False
United_States_of_America.regions.Virginia:Arlington,8.027777777777779,0.0,26.537786709583504,0.0,False
United_States_of_America.regions.California,0.8055555555555556,0.0,30.58976725541384,0.0,False
Laos,5.333333333333333,0.0,30.49786432947883,0.0,False
Brazil,0.1388888888888889,0.0,30.594991021042876,0.0,False
Lebanon,0.4166666666666667,0.0,30.56661154147415,0.0,False
Brazil.regions.PA,2.8055555555555554,0.0,30.544796608422683,0.0,False
Brazil.regions.AM,1.7222222222222223,0.0,30.516057427154497,0.0,False
Mongolia,0.5833333333333334,0.0,30.56426953292642,0.0,False
Brazil.regions.MG:João Monlevade,0.5833333333333334,0.0,29.34440537069581,0.0,False
Brazil.regions.MG:São Lourenço,0.3333333333333333,0.0,26.41560630244202,0.0,False
Brazil.regions.PE:Abreu e Lima,11.027777777777779,0.0,17.98344085616291,0.0,False
Brazil.regions.SP:Indaiatuba,0.8333333333333334,0.0,29.635396926976373,0.0,False
Brazil.regions.SP:Paulínia,0.0,0.0,29.148842399810317,0.0,False
United_States_of_America.regions.Colorado:Broomfield,5.666666666666667,0.0,20.307017348410085,0.0,False
United_States_of_America.regions.California:Orange,0.5833333333333334,0.0,30.564324004674617,0.0,False
Brazil.regions.SP:Santo André,1.3888888888888888,0.0,30.18229986688736,0.0,False
United_States_of_America.regions.Virginia:Alexandria city,0.3611111111111111,0.0,29.376175220939825,0.0,False
Brazil.regions.SP:Jandira,0.3888888888888889,0.0,29.01723982574818,0.0,False
Brazil.regions.SP:Carapicuíba,0.0,0.0,30.20089509389686,0.0,False
Brazil.regions.SP:Poá,0.5833333333333334,0.0,29.744401564008903,0.0,False
France,3.138888888888889,0.0,30.588763769511623,0.0,False
Monaco,0.5833333333333334,0.0,28.01063146623266,0.0,False
United_States_of_America.regions.Alabama,57.02777777777778,0.0,29.400445069080334,0.0,False
United_States_of_America.regions.Wisconsin,0.5833333333333334,0.0,30.57863825671211,0.0,False
South_Africa,7.444444444444445,0.0,30.580188703230924,0.0,False
United_States_of_America.regions.Alaska:Yukon-Koyukuk Census Area,0.5833333333333334,0.0,11.475354313495474,0.0,False
United_States_of_America.regions.Montana,11.277777777777779,0.0,29.39246591338656,0.0,False
Colombia,6.138888888888889,0.0,30.580259474894017,0.0,False
Brazil.regions.BA:Salvador,10.472222222222221,0.0,30.176102231024263,0.0,False
Burkina_Faso,8.222222222222221,0.0,30.546168680396907,0.0,False
Japan,0.5833333333333334,0.0,30.59502287248247,0.0,False
Brazil.regions.AM:Caapiranga,0.8611111111111112,0.0,12.91170506505504,0.0,False
Brazil.regions.AM:Fonte Boa,2.1666666666666665,0.0,9.29988498598424,0.0,False
Brazil.regions.AM:Santo Antônio do Içá,1.0,0.0,20.180110954717172,0.0,False
Brazil.regions.AM:São Sebastião do Uatumã,0.8611111111111112,0.0,13.736606626680848,0.0,False
Brazil.regions.AM:Uarini,4.133333333333334,0.0,20.18043989657888,0.0,False
Brazil.regions.AP:Pedra Branca do Amapari,0.8055555555555556,0.0,20.49602731996961,0.0,False
Brazil.regions.BA:Barra,0.16666666666666666,0.0,27.951693105463235,0.0,False
Brazil.regions.BA:Cocos,0.0,0.0,13.998007120953556,0.0,False
Brazil.regions.BA:Pilão Arcado,0.5833333333333334,0.0,27.74258334831164,0.0,False
Brazil.regions.BA:Sento Sé,0.0,0.0,16.865702762946846,0.0,False
Brazil.regions.MA:Alto Parnaíba,3.5714285714285716,0.0,18.69953146325684,0.0,False
Brazil.regions.MA:Balsas,2.4166666666666665,0.0,26.3802726141224,0.0,False
Brazil.regions.MT:Canarana,0.5833333333333334,0.0,25.961678165813833,0.0,False
Brazil.regions.MT:Cotriguaçu,0.5833333333333334,0.0,25.532522065268353,0.0,False
Brazil.regions.MT:Nova Ubiratã,1.4,0.0,7.293065201667234,0.0,False
Brazil.regions.MT:Rondolândia,1.0,0.0,30.66383162663441,0.0,False
Brazil.regions.MT:Santo Antônio do Leverger,0.5833333333333334,0.0,24.581860835011625,0.0,False
Brazil.regions.MT:Tangará da Serra,2.4444444444444446,0.0,26.713617756048347,0.0,False
Brazil.regions.PA:Anapu,4.583333333333333,0.0,8.48514032295035,0.0,False
Brazil.regions.PA:Chaves,0.9722222222222222,0.0,19.820607421502764,0.0,False
Brazil.regions.PA:Faro,0.5833333333333334,0.0,16.69534058843991,0.0,False
Brazil.regions.PA:Pacajá,0.25,0.0,26.752830490943825,0.0,False
Brazil.regions.PA:Santana do Araguaia,6.583333333333333,0.0,19.380483450925674,0.0,False
Brazil.regions.PA:Trairão,8.107142857142858,0.0,23.620481888083038,0.0,False
Brazil.regions.PA:Uruará,0.5833333333333334,0.0,25.83139534307279,0.0,False
Brazil.regions.RO:Nova Mamoré,3.2222222222222223,0.0,14.88265375136314,0.0,False
Brazil.regions.RO:São Francisco do Guaporé,0.0,0.0,14.38929865637266,0.0,False
Brazil.regions.RO:Vilhena,0.5833333333333334,0.0,29.59435106979217,0.0,False
Brazil.regions.RR:Caroebe,0.4444444444444444,0.0,13.482188586690617,0.0,False
Brazil.regions.RR:Mucajaí,0.5833333333333334,0.0,24.99451370302451,0.0,False
United_States_of_America.regions.Alaska:Ketchikan Gateway Borough,3.7777777777777777,0.0,10.81491721827262,0.0,False
United_States_of_America.regions.Alaska:Prince of Wales-Hyder Census Area,0.25,0.0,7.499617737300769,0.0,False
United_States_of_America.regions.Arizona:Gila,0.2222222222222222,0.0,27.253305974408605,0.0,False
United_States_of_America.regions.Arizona:Graham,0.5833333333333334,0.0,28.02094902859414,0.0,False
United_States_of_America.regions.Arizona:La Paz,0.4166666666666667,0.0,21.120732666324283,0.0,False
United_States_of_America.regions.Colorado:Las Animas,0.16666666666666666,0.0,20.829739395969867,0.0,False
United_States_of_America.regions.Colorado:Moffat,2.25,0.0,8.930209123984104,0.0,False
United_States_of_America.regions.Idaho:Custer,0.0,0.0,6.097890928360979,0.0,False
United_States_of_America.regions.Idaho:Lemhi,0.5833333333333334,0.0,18.137858800621977,0.0,False
United_States_of_America.regions.Idaho:Valley,0.5833333333333334,0.0,21.81772331686841,0.0,False
United_States_of_America.regions.Maine:Piscataquis,0.5833333333333334,0.0,24.638112876835336,0.0,False
United_States_of_America.regions.Montana:Big Horn,0.5555555555555556,0.0,14.536883188074524,0.0,False
United_States_of_America.regions.Montana:Flathead,2.1944444444444446,0.0,26.956545938861616,0.0,False
United_States_of_America.regions.Montana:Madison,0.16666666666666666,0.0,14.122944987454591,0.0,False
United_States_of_America.regions.Nevada:Mineral,0.5833333333333334,0.0,10.79316057842333,0.0,False
United_States_of_America.regions.New Mexico:Cibola,0.25,0.0,23.722960970831885,0.0,False
United_States_of_America.regions.New Mexico:Colfax,0.3611111111111111,0.0,14.312047653512757,0.0,False
United_States_of_America.regions.New Mexico:Grant,1.0,0.0,21.027203184013516,0.0,False
United_States_of_America.regions.New Mexico:Lea,0.16666666666666666,0.0,28.602473304879382,0.0,False
United_States_of_America.regions.New Mexico:Lincoln,0.5833333333333334,0.0,25.48647333122049,0.0,False
United_States_of_America.regions.New Mexico:San Juan,13.25,0.0,18.629394471282012,0.0,False
United_States_of_America.regions.New Mexico:San Miguel,0.5833333333333334,0.0,26.92972089230444,0.0,False
United_States_of_America.regions.New Mexico:Sierra,0.5833333333333334,0.0,21.328831460462894,0.0,False
United_States_of_America.regions.New Mexico:Union,1.3611111111111112,0.0,41.9453162471897,0.0,False
United_States_of_America.regions.Oregon:Douglas,0.5833333333333334,0.0,29.69474994986838,0.0,False
United_States_of_America.regions.Oregon:Grant,0.5833333333333334,0.0,16.704995035318692,0.0,False
United_States_of_America.regions.Texas:Pecos,0.5833333333333334,0.0,24.27589915533993,0.0,False
United_States_of_America.regions.Utah:Emery,0.25,0.0,12.610632136765993,0.0,False
United_States_of_America.regions.Utah:Grand,0.5833333333333334,0.0,20.343608980600713,0.0,False
United_States_of_America.regions.Utah:Kane,0.4722222222222222,0.0,7.54879414915362,0.0,False
United_States_of_America.regions.Utah:Uintah,0.5833333333333334,0.0,27.797357951808348,0.0,False
United_States_of_America.regions.Wyoming:Albany,0.5833333333333334,0.0,25.88044969284905,0.0,False
United_States_of_America.regions.Wyoming:Campbell,0.5833333333333334,0.0,28.437896888503598,0.0,False
United_States_of_America.regions.Wyoming:Converse,0.7222222222222222,0.0,13.915480723279256,0.0,False
United_States_of_America.regions.Wyoming:Johnson,4.638888888888889,0.0,43.49923584356101,0.0,False
United_States_of_America.regions.Wyoming:Lincoln,3.5833333333333335,0.0,6.377883507397417,0.0,False
United_States_of_America.regions.Wyoming:Sublette,0.5833333333333334,0.0,20.4239080066653,0.0,False
United_States_of_America.regions.Wyoming:Teton,1.4166666666666667,0.0,17.810269392712065,0.0,False
Nepal,0.5833333333333334,0.0,30.59225294890956,0.0,False
Brazil.regions.PR:Colombo,0.6666666666666666,0.0,30.01455939216768,0.0,False
Brazil.regions.SP:Ribeirão Pires,0.5833333333333334,0.0,29.785394461144158,0.0,False
Sint_Maarten,0.5833333333333334,0.0,28.18536148585678,0.0,False
Indonesia,2.0277777777777777,0.0,30.59446408070675,0.0,False
Paraguay,3.75,0.0,30.51914156999947,0.0,False
Egypt,0.5833333333333334,0.0,30.594797187973388,0.0,False
Brazil.regions.MG:Betim,2.2222222222222223,0.0,29.72961491717887,0.0,False
Brazil.regions.PA:Marituba,0.3611111111111111,0.0,29.117384326653266,0.0,False
Brazil.regions.RJ:Japeri,1.25,0.0,27.891425096180612,0.0,False
Poland,10.0,0.0,30.565313530499907,0.0,False
Brazil.regions.MG:Ibirité,1.6944444444444444,0.0,28.77688699988644,0.0,False
Greenland,2.5,0.0,23.307400293605987,0.0,False
Brazil.regions.SE:Aracaju,3.5277777777777777,0.0,29.817881700701303,0.0,False
Brazil.regions.RS,3.888888888888889,0.0,30.547715223775374,0.0,False
Russia,0.4166666666666667,0.0,30.594428911185407,0.0,False
Brazil.regions.SP:Barueri,0.5833333333333334,0.0,30.231091960955307,0.0,False
Brazil.regions.MS,7.944444444444445,0.0,30.25296233092483,0.0,False
Malaysia,4.972222222222222,0.0,30.57502078532621,0.0,False
United_States_of_America.regions.New Mexico,17.694444444444443,0.0,29.67643552622523,0.0,False
Romania,1.6666666666666667,0.0,30.57912423110358,0.0,False
Ecuador,9.11111111111111,0.0,30.533215329479408,0.0,False
Australia,4.361111111111111,0.0,30.5720281665861,0.0,False
Brazil.regions.CE:Pacatuba,0.3888888888888889,0.0,28.231945357373196,0.0,False
Brazil.regions.MG:Timóteo,0.5833333333333334,0.0,29.48274804567446,0.0,False
Brazil.regions.RJ:Magé,4.916666666666667,0.0,27.94352060358912,0.0,False
Brazil.regions.SP:Mogi das Cruzes,2.638888888888889,0.0,29.648791115467848,0.0,False
United_States_of_America.regions.New Jersey:Mercer,16.36111111111111,0.0,25.71204093647292,0.0,False
Thailand,0.1388888888888889,0.0,30.59333263582757,0.0,False
Brazil.regions.SC,9.25,0.0,30.44461077767734,0.0,False
Serbia,16.166666666666668,0.0,30.34159111265204,0.0,False
United_States_of_America.regions.Indiana,6.777777777777778,0.0,30.471617733281455,0.0,False
New_Zealand,0.6388888888888888,0.0,30.550327128933745,0.0,False
Brazil.regions.RJ:Duque de Caxias,2.388888888888889,0.0,30.16386023578974,0.0,False
Brazil.regions.RJ:Queimados,0.5833333333333334,0.0,29.154434092974938,0.0,False
Brazil.regions.PE:Lagoa de Itaenga,0.5833333333333334,0.0,25.92923986930889,0.0,False
United_States_of_America.regions.Indiana:Lake,8.194444444444445,0.0,28.581823759186722,0.0,False
United_States_of_America.regions.New Jersey:Ocean,19.52777777777778,0.0,27.11893608430004,0.0,False
United_States_of_America.regions.North Carolina:Forsyth,0.4166666666666667,0.0,30.072657003146034,0.0,False
United_States_of_America.regions.Rhode Island:Kent,29.583333333333332,0.0,11.625524531495765,0.0,False
United_States_of_America.regions.Tennessee:Knox,0.0,0.0,30.25915796994521,0.0,False
United_States_of_America.regions.Texas:Fort Bend,3.4166666666666665,0.0,29.979812967964765,0.0,False
United_States_of_America.regions.Virginia:Buena Vista city,2.1666666666666665,0.0,27.94022528374247,0.0,False
United_States_of_America.regions.Virginia:Franklin city,1.8055555555555556,0.0,14.198059750092316,0.0,False
Angola,1.4166666666666667,0.0,30.586076030946792,0.0,False
United_States_of_America,1.3888888888888888,0.0,30.59490473321455,0.0,False
United_States_of_America.regions.Washington,0.5833333333333334,0.0,30.582681043623595,0.0,False
Brazil.regions.SP:Suzano,0.3611111111111111,0.0,30.185171307761397,0.0,False
Morocco,0.25,0.0,30.590724730470615,0.0,False
United_States_of_America.regions.Arizona,0.5833333333333334,0.0,30.58207451951808,0.0,False
Bangladesh,1.4166666666666667,0.0,30.59395396204195,0.0,False
Togo,0.5833333333333334,0.0,30.583137477739726,0.0,False
Trinidad_and_Tobago,4.777777777777778,0.0,30.138132555758325,0.0,False
United_States_of_America.regions.Florida:Palm Beach,12.63888888888889,0.0,29.645618971445515,0.0,False
Brazil.regions.SP:São Caetano do Sul,2.0,0.0,28.3718945978611,0.0,False
Brazil.regions.ES:Vila Velha,13.527777777777779,0.0,27.535880370034576,0.0,False
Myanmar,6.138888888888889,0.0,30.581435150161447,0.0,False
Iraq,11.305555555555555,0.0,30.562277733231408,0.0,False
Brazil.regions.PE:Camaragibe,0.4444444444444444,0.0,29.311010902143135,0.0,False
Afghanistan,0.5833333333333334,0.0,30.59312303552159,0.0,False
Brazil.regions.SP:Guarujá,1.9166666666666667,0.0,29.50362980507243,0.0,False
Brazil.regions.RR,8.305555555555555,0.0,28.963339524478467,0.0,False
