region,cases_distance,deaths_distance,cases_per_100k_distance,deaths_per_100k_distance,is_same_cluster
Brazil.regions.BA:Barreiras,0.0,1.0,21.53452730152379,22.177866489243733,False
Brazil.regions.BA:Campo Formoso,0.0,1.0,20.773490453516406,22.177866489243733,False
Brazil.regions.GO:Padre Bernardo,0.0,1.0,19.222347056703462,22.177866489243733,False
Brazil.regions.MG:Três Marias,0.0,1.0,19.08724960211306,22.177866489243737,False
Brazil.regions.MS:Ponta Porã,0.0,1.0,21.097089194213147,22.177866489243733,False
Brazil.regions.MS:Sidrolândia,0.0,1.0,20.44371232293835,22.177866489243733,False
Brazil.regions.PA:Viseu,10.145259938837919,0.0,10.526391970465886,20.549281566682946,False
Brazil.regions.RS:Alegrete,0.0,1.0,20.818967740789486,22.177866489243733,False
Brazil.regions.RS:Caçapava do Sul,0.0,1.0,19.203800346012706,22.177866489243733,False
Brazil.regions.RS:São Gabriel,0.0,1.0,20.56769017493732,22.177866489243733,False
United_States_of_America.regions.California:Tehama,0.0,0.49902637634979646,20.64139055045694,21.408132570538363,False
Brazil.regions.AL:Canapi,0.0,1.0,16.53516250549472,22.177866489243733,False
Brazil.regions.AL:Olho d'Água do Casado,0.0,1.0,11.508923781466073,22.177866489243733,False
Brazil.regions.BA:Adustina,0.0,0.01752522570366437,16.30932188830477,16.412169456988245,False
Brazil.regions.BA:Araças,0.0,1.0,13.965663155089178,22.177866489243733,False
Brazil.regions.BA:Aurelino Leal,0.0,1.0,13.505591751580045,22.177866489243733,False
Brazil.regions.BA:Conde,0.0,1.0,18.307448097015534,22.177866489243733,False
Brazil.regions.BA:Itamaraju,0.0,1.0,20.627142301047847,22.177866489243733,False
Brazil.regions.CE:Aurora,0.910865322055953,0.0,14.42713507829235,18.1217295540608,False
Brazil.regions.CE:Croatá,0.0,1.0,16.64168755994074,22.177866489243733,False
Brazil.regions.CE:Piquet Carneiro,0.0,1.0,16.281292398790285,22.17786648924373,False
Brazil.regions.ES:Ibitirama,0.0,1.0,10.928007112485943,22.177866489243733,False
Brazil.regions.ES:Pinheiros,4.614556416881999,0.009043927648578812,2.095026135817888,18.51403659183766,False
Brazil.regions.ES:São Domingos do Norte,0.0,1.0,10.601112611031185,22.177866489243733,False
Brazil.regions.GO:Campos Belos,11.452282157676349,0.0,41.43355406013876,17.149455969808923,False
Brazil.regions.GO:Catalão,0.0,1.0,21.258943099886707,22.177866489243733,False
Brazil.regions.GO:Guapó,0.0,1.0,15.140073541112269,22.177866489243733,False
Brazil.regions.MA:Central do Maranhão,0.8928571428571429,1.0,1.9285220415302,22.177866489243733,False
Brazil.regions.MG:Capinópolis,0.0,1.0,15.994721741825193,22.177866489243733,False
Brazil.regions.MG:Cruzília,0.0,1.0,15.69152024808138,22.177866489243733,False
Brazil.regions.MG:Divinésia,0.0,1.0,7.087571029047166,22.177866489243733,False
Brazil.regions.MG:Divisa Nova,0.0,1.0,5.54169946212678,22.177866489243737,False
Brazil.regions.MG:Inhapim,0.0,1.0,18.035364417992696,22.177866489243733,False
Brazil.regions.MG:Itaipé,0.0,1.0,14.340875893632449,22.177866489243733,False
Brazil.regions.MG:Itumirim,0.0,1.0,5.57484473928524,22.177866489243733,False
Brazil.regions.MG:Lagoa Dourada,0.0,1.0,14.49088055642799,22.177866489243733,False
Brazil.regions.MG:Malacacheta,0.0,1.0,16.815936194337567,22.17786648924373,False
Brazil.regions.MG:Poté,0.0,1.0,16.137395332493504,22.177866489243733,False
Brazil.regions.MG:Sobrália,0.0,1.0,4.169582678690877,22.177866489243737,False
Brazil.regions.MG:São Geraldo da Piedade,0.0,0.006852667645619188,3.061911400710834,3.1929066876611327,False
Brazil.regions.MG:Tombos,0.0,1.0,9.71214721724174,22.177866489243737,False
Brazil.regions.PA:Santarém Novo,1.0,0.010477299185098952,7.6328355527893565,7.428683290333298,False
Brazil.regions.PB:Cuité,0.0,1.0,17.260962172201744,22.17786648924373,False
Brazil.regions.PB:Lastro,0.0,1.0,14.35848718265981,22.177866489243733,False
Brazil.regions.PB:Picuí,0.0,1.0,16.83113067146049,22.177866489243733,False
Brazil.regions.PB:Pocinhos,0.0,1.0,16.79109639659129,22.177866489243737,False
Brazil.regions.PB:Santa Helena,0.0,1.0,5.197054806445294,22.177866489243733,False
Brazil.regions.PI:Buriti dos Lopes,1.1994698475811798,0.0,11.058763068884907,17.12251033940298,False
Brazil.regions.PR:Anahy,0.0,1.0,13.52366867676841,22.177866489243733,False
Brazil.regions.PR:Campo do Tenente,0.0,1.0,9.632389133830358,22.17786648924373,False
Brazil.regions.PR:Jaguapitã,0.0,1.0,14.835722583223175,22.17786648924373,False
Brazil.regions.PR:Nova Fátima,0.0,1.0,9.912442718852468,22.177866489243733,False
Brazil.regions.PR:Pinhal de São Bento,0.0,1.0,14.438757458028325,22.17786648924373,False
Brazil.regions.PR:Primeiro de Maio,0.9293680297397771,0.0,4.832114176560312,13.187486196157336,False
Brazil.regions.PR:Santa Mariana,0.0,1.0,13.648354377336533,22.177866489243733,False
Brazil.regions.PR:São João,0.0,1.0,12.413195070436977,22.17786648924373,False
Brazil.regions.PR:Tamboara,7.578610054075705,0.21690366513118367,145.88515429557694,6.883016198837163,False
Brazil.regions.PR:Tupãssi,0.0,1.0,9.86865920219302,22.177866489243733,False
Brazil.regions.RN:Antônio Martins,0.0,1.0,8.182065229621617,22.177866489243733,False
Brazil.regions.RN:Barcelona,0.0,1.0,2.834639763882827,22.177866489243737,False
Brazil.regions.RN:Cerro Corá,0.0,0.0,13.232522540768914,13.232522540768914,False
Brazil.regions.RN:Riacho da Cruz,0.0,1.0,5.762899087733075,22.177866489243737,False
Brazil.regions.RN:Rodolfo Fernandes,0.0,1.0,0.20852258619839859,22.17786648924373,False
Brazil.regions.RS:São Jerônimo,0.0,1.0,18.053815021081412,22.17786648924373,False
Brazil.regions.RS:São José das Missões,0.0,1.0,17.23876733022808,22.177866489243737,False
Brazil.regions.SC:Aurora,0.0,1.0,4.569132557213448,22.177866489243733,False
Brazil.regions.SC:Praia Grande,0.0,1.0,8.514797764008046,22.177866489243737,False
Brazil.regions.SC:Santa Helena,0.0,1.0,22.806389021327565,22.177866489243733,False
Brazil.regions.SC:Tigrinhos,0.0,1.0,39.059120650988966,22.177866489243733,False
Brazil.regions.SE:Itabi,0.0,1.0,1.782190372580466,22.177866489243733,False
Brazil.regions.SE:Nossa Senhora Aparecida,0.0,1.0,10.809062487424725,22.177866489243733,False
Brazil.regions.SP:Brejo Alegre,0.0,1.0,12.726147472361852,22.177866489243737,False
Brazil.regions.SP:Estrela d'Oeste,0.0,1.0,10.299971252279725,22.177866489243733,False
Brazil.regions.SP:Flórida Paulista,0.0,1.0,15.347265396347558,22.177866489243733,False
Brazil.regions.SP:Marapoama,0.0,1.0,10.81454525605485,22.177866489243733,False
Brazil.regions.SP:Sarutaiá,0.0,1.0,5.309764077001458,22.177866489243737,False
Brazil.regions.SP:Trabiju,0.0,1.0,35.82677388198596,22.177866489243733,False
Brazil.regions.TO:Aguiarnópolis,1.7935578330893118,0.01171303074670571,20.449593278231006,7.4996105965763595,False
United_States_of_America.regions.Kentucky:Bell,0.0,1.0,18.336440551935805,22.17786648924373,False
United_States_of_America.regions.Louisiana:St. Martin,146.45778013807754,7.6507346432997,254.83418786975554,7.341985524644104,False
United_States_of_America.regions.North Carolina:Avery,0.0,1.0,16.482132593931322,22.177866489243733,False
Brazil.regions.AL:Inhapi,0.0,1.0,16.738649736456136,22.177866489243737,False
Brazil.regions.AL:Jundiá,0.0,1.0,1.8895221990835829,22.177866489243733,False
Brazil.regions.CE:Jardim,0.0,1.0,18.497878265206047,22.177866489243737,False
Brazil.regions.CE:Pires Ferreira,0.0,1.0,13.046280332728344,22.177866489243737,False
Brazil.regions.GO:Santo Antônio de Goiás,0.0,1.0,6.261902777640994,22.177866489243733,False
Brazil.regions.MG:Alpercata,0.0,1.0,8.708038903036838,22.177866489243733,False
Brazil.regions.MG:Alpinópolis,0.0,1.0,17.14084437671666,22.177866489243737,False
Brazil.regions.MG:Cajuri,0.0,1.0,2.9036484342576436,22.177866489243733,False
Brazil.regions.MG:Campanha,0.0,1.0,16.177266429237733,22.17786648924373,False
Brazil.regions.MG:Cipotânea,0.0,1.0,7.4438160987914,22.177866489243733,False
Brazil.regions.MG:Igaratinga,0.0,1.0,12.969763358488668,22.177866489243733,False
Brazil.regions.MG:Inconfidentes,0.0,1.0,8.531578279636747,22.177866489243733,False
Brazil.regions.MG:Lajinha,0.0,1.0,17.15854209030783,22.177866489243733,False
Brazil.regions.MG:Oliveira,0.0,1.0,19.779037117976912,22.177866489243733,False
Brazil.regions.MG:Pitangui,0.0,1.0,18.60503430517142,22.17786648924373,False
Brazil.regions.MG:Recreio,0.0,1.0,12.669451542015437,22.17786648924373,False
Brazil.regions.MG:Santa Bárbara,0.0,1.0,18.98542618787737,22.177866489243733,False
Brazil.regions.MG:São Gonçalo do Sapucaí,0.0,1.0,18.248439006827923,22.177866489243733,False
Brazil.regions.PE:Palmeirina,0.0,1.0,9.179036383953207,22.177866489243733,False
Brazil.regions.PE:Tuparetama,0.0,1.0,9.985718232720933,22.17786648924373,False
Brazil.regions.PI:Porto,0.0,1.0,14.221151021388867,22.177866489243733,False
Brazil.regions.PR:Capanema,0.0,1.0,16.94883490589297,22.177866489243733,False
Brazil.regions.PR:Laranjeiras do Sul,0.0,1.0,19.059979169691463,22.177866489243733,False
Brazil.regions.PR:Uraí,1.3282732447817838,0.0,5.714880675350282,13.339259453712533,False
Brazil.regions.RN:Encanto,7.56594087449106,0.3680297397769517,130.14590769319983,8.091359036218474,False
Brazil.regions.RN:Ielmo Marinho,0.0,1.0,14.913592190246204,22.177866489243737,False
Brazil.regions.RN:Tenente Ananias,1.5471764914144097,0.9435298282881927,6.087306288880369,4.158861962188358,False
Brazil.regions.RS:Brochier,0.0,1.0,2.4695495795078273,22.17786648924373,False
Brazil.regions.SC:Luzerna,0.0,1.0,4.587716972972846,22.17786648924373,False
Brazil.regions.SC:Massaranduba,0.0,0.0,16.266303471981967,16.266303471981967,False
Brazil.regions.SC:Pouso Redondo,0.0,0.033457249070631974,16.44819250769329,16.639891637187542,False
Brazil.regions.SE:São Francisco,0.0,1.0,4.674979912474846,22.177866489243733,False
Brazil.regions.SP:Bernardino de Campos,0.0,1.0,13.207647615903223,22.177866489243733,False
Brazil.regions.SP:Cedral,0.0,1.0,11.351840723302413,22.177866489243733,False
Brazil.regions.SP:Descalvado,0.0,1.0,19.21209153224747,22.177866489243733,False
Brazil.regions.SP:Divinolândia,0.0,1.0,13.206038030603862,22.177866489243733,False
Brazil.regions.SP:Duartina,0.0,1.0,14.142510924760009,22.177866489243733,False
Brazil.regions.SP:Inúbia Paulista,0.0,1.0,2.8785103586640584,22.17786648924373,False
Brazil.regions.SP:Panorama,1.0,0.0,9.501185244393636,15.839525866818684,False
Brazil.regions.SP:Poloni,0.0,0.2727272727272727,5.673492830224092,10.174685646320357,False
Brazil.regions.SP:Salto Grande,0.0,1.0,11.46090153371914,22.177866489243737,False
Brazil.regions.SP:Santa Adélia,0.0,1.0,15.7179181688303,22.17786648924373,False
Brazil.regions.SP:Tabatinga,0.0,1.0,16.115790834539563,22.177866489243737,False
Brazil.regions.SP:Tarumã,0.0,1.0,15.511199822577066,22.177866489243733,False
Brazil.regions.TO:Buriti do Tocantins,0.0,1.0,13.36574100457683,22.17786648924373,False
United_States_of_America.regions.Kentucky:Anderson,3.247123384669853,0.0,8.22363740413195,17.78168237705312,False
United_States_of_America.regions.Louisiana:St. Bernard,230.91272791644542,5.884050274384847,470.0719181677261,8.424455621098383,False
Brazil.regions.PB:Nova Floresta,0.0,1.0,12.777603281873926,22.177866489243737,False
Brazil.regions.PR:Paiçandu,0.0,1.0,19.75544455179067,22.177866489243733,False
Brazil.regions.RJ:Tanguá,10.476190476190476,4.009382191538325,16.313646144772925,7.772119619917721,False
Brazil.regions.RS:Torres,7.451938396176315,1.0,2.009317606872765,22.177866489243733,False
Brazil.regions.SP:Porto Ferreira,1.7488050982474777,0.0,17.28239881649667,20.39692258897659,False
Brazil.regions.AC:Assis Brasil,0.0,1.0,8.695326378686905,22.177866489243737,False
Brazil.regions.AM:Benjamin Constant,92.9593734703867,6.09300048947626,196.41364074690622,7.991852015601387,False
Brazil.regions.AM:Itapiranga,63.848906560636195,0.8674618952948974,686.7083005487557,8.660746618521884,False
Brazil.regions.AM:Rio Preto da Eva,216.90063631913856,3.7679882525697503,631.6996480994334,8.449854407394854,False
Brazil.regions.BA:Morro do Chapéu,0.0,1.0,19.354044728873248,22.177866489243733,False
Brazil.regions.GO:Jussara,0.0,1.0,16.766025380898675,22.177866489243733,False
Brazil.regions.MA:Mirador,0.0,1.0,17.41936066007409,22.177866489243737,False
Brazil.regions.MA:Tasso Fragoso,0.0,1.0,10.442154718324828,22.177866489243733,False
Brazil.regions.MG:Campina Verde,0.0,1.0,17.113293179545074,22.177866489243733,False
Brazil.regions.MS:Alcinópolis,0.0,1.0,3.4617893790060386,22.177866489243733,False
Brazil.regions.MS:Camapuã,0.0,1.0,14.884452442128278,22.17786648924373,False
Brazil.regions.MS:Miranda,0.0,1.0,18.60809531157622,22.177866489243733,False
Brazil.regions.MS:Paraíso das Águas,0.0,1.0,4.176066309225732,22.17786648924373,False
Brazil.regions.MS:Rio Verde de Mato Grosso,0.0,1.0,17.11354966558325,22.177866489243733,False
Brazil.regions.MT:Campo Novo do Parecis,0.0,1.0,19.3498121906012,22.177866489243733,False
Brazil.regions.MT:Nobres,0.0,1.0,15.657261377089327,22.177866489243733,False
Brazil.regions.MT:Nossa Senhora do Livramento,0.0,1.0,14.61128053282727,22.177866489243733,False
Brazil.regions.MT:Nova Monte Verde,0.0,1.0,11.282246528467967,22.177866489243733,False
Brazil.regions.MT:Nova Xavantina,0.0,1.0,17.499285035140616,22.177866489243733,False
Brazil.regions.MT:Santa Rita do Trivelato,0.0,1.0,6.985154799761813,22.177866489243733,False
Brazil.regions.MT:União do Sul,0.0,1.0,6.190927836997401,22.177866489243733,False
Brazil.regions.PA:Rurópolis,0.0,1.0,20.198060510229677,22.17786648924373,False
Brazil.regions.PI:Baixa Grande do Ribeiro,5.027382256297919,0.0,30.230890216384278,13.54675998138943,False
Brazil.regions.PI:Pimenteiras,0.0,1.0,13.931803984089946,22.177866489243733,False
Brazil.regions.RO:São Miguel do Guaporé,0.0,1.0,17.830985376442168,22.17786648924373,False
Brazil.regions.RR:Uiramutã,0.0,1.0,12.707272683012082,22.177866489243737,False
Brazil.regions.RS:Dom Pedrito,0.0,1.0,19.577830088734125,22.177866489243733,False
Brazil.regions.TO:Araguaçu,0.0,1.0,10.436643053761756,22.177866489243733,False
Brazil.regions.TO:Lizarda,0.0,0.0,4.560101425194769,4.560101425194769,False
United_States_of_America.regions.Alaska:Sitka City and Borough,0.0,1.0,10.403464040168023,22.177866489243737,False
United_States_of_America.regions.California:Plumas,2.853602407505753,1.0,1.6876106934987825,22.177866489243733,False
United_States_of_America.regions.Colorado:Bent,0.0,1.0,4.2470793276873415,22.177866489243737,False
United_States_of_America.regions.Colorado:Rio Blanco,0.0,1.0,6.365089765651072,22.177866489243733,False
United_States_of_America.regions.Idaho:Caribou,0.0,1.0,8.201626097909003,22.177866489243733,False
United_States_of_America.regions.Minnesota:Koochiching,0.0,1.0,14.000582982824566,22.177866489243733,False
United_States_of_America.regions.Minnesota:Lake,0.0,1.0,12.780253482947332,22.177866489243737,False
United_States_of_America.regions.Minnesota:Roseau,0.0,1.0,15.583735266032392,22.177866489243733,False
United_States_of_America.regions.Montana:Hill,0.0,1.0,16.11137777291275,22.177866489243733,False
United_States_of_America.regions.Montana:Liberty,0.0,1.0,20.612035093982623,22.177866489243733,False
United_States_of_America.regions.Montana:Meagher,0.0,1.0,31.527826314193433,22.177866489243733,False
United_States_of_America.regions.Montana:Musselshell,0.06018764383076651,1.0,1.856961033914188,22.177866489243733,False
United_States_of_America.regions.Montana:Stillwater,0.0,1.0,11.806574226227761,22.177866489243733,False
United_States_of_America.regions.Montana:Wheatland,0.0,1.0,24.85882212787762,22.177866489243733,False
United_States_of_America.regions.Nebraska:Custer,23.35262878385555,1.5613382899628254,203.98366199130177,6.794359420312307,False
United_States_of_America.regions.Nebraska:Holt,0.0,1.0,12.244420576856726,22.177866489243733,False
United_States_of_America.regions.New Mexico:Harding,0.0,1.0,137.82213351075626,22.177866489243737,False
United_States_of_America.regions.New Mexico:Hidalgo,0.0,1.0,1.6430005903179605,22.17786648924373,False
United_States_of_America.regions.North Dakota:Bottineau,0.0,1.0,6.259369195388272,22.177866489243733,False
United_States_of_America.regions.North Dakota:Emmons,0.0,0.011683483802442912,8.676807993940468,8.83454739218618,False
United_States_of_America.regions.North Dakota:Grant,0.0,1.0,21.79750730143349,22.177866489243733,False
United_States_of_America.regions.North Dakota:McHenry,0.0,0.024606124977872193,4.771426106302045,5.199731153784589,False
United_States_of_America.regions.Oklahoma:Cimarron,0.0,1.0,24.616705340424023,22.17786648924373,False
United_States_of_America.regions.Oklahoma:Osage,52.437245530182345,5.611435652327846,92.31022327061646,8.40069784199505,False
United_States_of_America.regions.Oregon:Crook,0.0,1.0,18.080177585785286,22.177866489243733,False
United_States_of_America.regions.South Dakota:Corson,0.0,1.0,2.295946530824797,22.177866489243733,False
United_States_of_America.regions.South Dakota:Fall River,0.0,1.0,7.281396952523937,22.177866489243733,False
United_States_of_America.regions.South Dakota:Hand,0.0,1.0,9.1602720253285,22.177866489243737,False
United_States_of_America.regions.South Dakota:Meade,0.0,1.0,18.648288626756088,22.177866489243733,False
United_States_of_America.regions.South Dakota:Ziebach,0.0,1.0,14.106603757490666,22.177866489243737,False
United_States_of_America.regions.Washington:Ferry,0.0,1.0,9.066551424342723,22.177866489243733,False
United_States_of_America.regions.Arizona:Maricopa,0.0,1.0,22.155572003160625,22.177866489243733,False
Brazil.regions.AL:Lagoa da Canoa,0.0,0.0,16.57625322462352,16.57625322462352,False
Brazil.regions.PE:Camutanga,5.052950075642964,0.3177004538577912,48.957507720899784,7.537572051049595,False
Brazil.regions.RN:Brejinho,0.0,1.0,14.303230691149393,22.177866489243733,False
Brazil.regions.SP:Iracemápolis,0.0,1.0,18.05160282099533,22.177866489243733,False
Brazil.regions.RS:Imbé,0.0,1.0,17.79190157696303,22.177866489243733,False
United_States_of_America.regions.Massachusetts:Suffolk,0.0,1.0,22.05347399110651,22.177866489243733,False
Brazil.regions.SE:General Maynard,0.0,1.0,7.708565070827991,22.177866489243733,False
Brazil.regions.SE:Santana do São Francisco,0.0,1.0,9.32439605222574,22.177866489243737,False
Brazil.regions.SP:Capivari,0.0,1.0,20.38472346815637,22.177866489243733,False
United_States_of_America.regions.Washington:Snohomish,0.0,1.0,22.05622427063564,22.177866489243733,False
United_States_of_America.regions.Wisconsin:Dane,0.0,1.0,21.99494914044779,22.177866489243733,False
Lesotho,0.0,1.0,22.13043112940858,22.177866489243733,False
Brazil.regions.RN:Passa e Fica,0.0,1.0,14.646044541514579,22.177866489243733,False
Brazil.regions.SE:Pedrinhas,0.0,1.0,11.763369509447855,22.177866489243733,False
Brazil.regions.BA:Boa Vista do Tupim,0.0,1.0,16.794576222232536,22.177866489243737,False
Brazil.regions.BA:Potiraguá,0.0,1.0,8.335120088357796,22.17786648924373,False
Brazil.regions.BA:Vereda,0.8095238095238095,0.0,9.293752347531978,6.061831033965731,False
Brazil.regions.GO:Aparecida do Rio Doce,0.0,0.0,18.242505378177448,18.242505378177448,False
Brazil.regions.GO:Bom Jardim de Goiás,0.0,1.0,10.866928812510332,22.177866489243733,False
Brazil.regions.GO:Córrego do Ouro,0.0,1.0,20.795919501302038,22.177866489243733,False
Brazil.regions.GO:Portelândia,0.0,1.0,2.753572054760255,22.177866489243733,False
Brazil.regions.GO:Santa Rita do Araguaia,0.0,1.0,10.75712642528759,22.17786648924373,False
Brazil.regions.GO:Urutaí,0.0,1.0,10.374216844089595,22.177866489243733,False
Brazil.regions.MA:Lajeado Novo,0.0,1.0,8.932833376660952,22.17786648924373,False
Brazil.regions.MA:Nova Colinas,0.0,1.0,3.6043152262422495,22.177866489243733,False
Brazil.regions.MA:São Francisco do Maranhão,0.0,1.0,13.987858299235542,22.17786648924373,False
Brazil.regions.MG:Carlos Chagas,0.0,1.0,16.86916552836886,22.177866489243737,False
Brazil.regions.MG:Delfinópolis,0.0,1.0,8.121077059949384,22.17786648924373,False
Brazil.regions.MG:Morro da Garça,0.0,0.0,18.439517751211177,18.439517751211177,False
Brazil.regions.MG:Perdizes,0.0,0.23329682365826948,15.99280958672023,17.435763716224617,False
Brazil.regions.MG:Presidente Juscelino,0.0,0.024464831804281346,5.28711565851787,5.700345036639604,False
Brazil.regions.MG:Riachinho,0.0,1.0,9.88681437518277,22.17786648924373,False
Brazil.regions.MG:Riacho dos Machados,0.0,1.0,11.63045587854866,22.17786648924373,False
Brazil.regions.MG:Salto da Divisa,0.0,1.0,7.910495965631235,22.177866489243733,False
Brazil.regions.MS:Batayporã,4.732342007434944,0.9008674101610905,28.785796678153257,5.833483399780003,False
Brazil.regions.MS:São Gabriel do Oeste,0.0,1.0,18.44248118424952,22.17786648924373,False
Brazil.regions.MS:Tacuru,0.0,1.0,13.521356793952874,22.177866489243733,False
Brazil.regions.MT:Acorizal,0.0,1.0,3.6559179802605897,22.177866489243733,False
Brazil.regions.MT:Alto Paraguai,0.0,1.0,13.37194891263225,22.17786648924373,False
Brazil.regions.MT:Ponte Branca,0.0,0.046898638426626324,41.273910160502446,40.37833171298502,False
Brazil.regions.PA:Brejo Grande do Araguaia,0.0,1.0,8.62773098788872,22.177866489243733,False
Brazil.regions.PI:Alto Longá,0.0,1.0,15.18681503510503,22.17786648924373,False
Brazil.regions.PI:Aroazes,0.0,1.0,5.039905906553073,22.177866489243733,False
Brazil.regions.PI:Bertolínia,0.0,1.0,3.9993534916069424,22.177866489243733,False
Brazil.regions.PI:Caracol,0.0,1.0,13.017001703607969,22.177866489243733,False
Brazil.regions.PI:Colônia do Piauí,0.0,1.0,9.116215496558256,22.177866489243733,False
Brazil.regions.PI:Dirceu Arcoverde,0.0,1.0,7.914565961501614,22.177866489243733,False
Brazil.regions.PI:Francisco Ayres,0.0,1.0,0.8212135475547948,22.177866489243737,False
Brazil.regions.PI:Juazeiro do Piauí,0.0,1.0,3.923028957297767,22.177866489243733,False
Brazil.regions.PI:Lagoa do Sítio,0.0,1.0,2.861660192160482,22.177866489243733,False
Brazil.regions.PI:Nazaré do Piauí,0.0,1.0,8.552031906875564,22.177866489243737,False
Brazil.regions.PI:Nova Santa Rita,0.0,1.0,0.6845020521371517,22.17786648924373,False
Brazil.regions.PI:Passagem Franca do Piauí,0.0,1.0,1.007851108715922,22.17786648924373,False
Brazil.regions.PI:Pavussu,0.0,0.4000000000000001,5.018217274694258,11.882076960514048,False
Brazil.regions.PI:Ribeira do Piauí,0.0,1.0,0.15851948350587364,22.17786648924373,False
Brazil.regions.PI:Santa Luz,0.0,0.0,5.113020072861481,5.113020072861481,False
Brazil.regions.PI:Socorro do Piauí,0.0,0.0,0.29123921850615275,0.29123921850615275,False
Brazil.regions.PI:São Francisco do Piauí,0.0,0.0,6.608817758121206,6.608817758121206,False
Brazil.regions.PI:São João da Fronteira,0.0,1.0,5.627055499505236,22.177866489243733,False
Brazil.regions.PI:São Lourenço do Piauí,0.0,1.0,0.3103834365430984,22.177866489243733,False
Brazil.regions.PI:São Miguel da Baixa Grande,0.0,1.0,18.60516776850505,22.177866489243733,False
Brazil.regions.PR:Guaraqueçaba,0.0,0.19437340153452684,9.082004781543366,11.627491967694844,False
Brazil.regions.RO:Cabixi,0.0,1.0,3.352565284424454,22.177866489243733,False
Brazil.regions.RO:Cujubim,2.3385012919896644,0.0,11.390786121133035,18.211973171773973,False
Brazil.regions.RS:Campestre da Serra,0.0,1.0,7.338072117603965,22.177866489243733,False
Brazil.regions.RS:Derrubadas,0.0,1.0,13.47275739667427,22.17786648924373,False
Brazil.regions.RS:Encruzilhada do Sul,1.3181093998937865,0.0,13.219682001498684,18.313430890062996,False
Brazil.regions.RS:Eugênio de Castro,0.0,1.0,19.558360555831396,22.177866489243737,False
Brazil.regions.RS:Hulha Negra,0.0,1.0,7.4198971858198846,22.17786648924373,False
Brazil.regions.RS:Piratini,0.0,1.0,17.33829817873703,22.177866489243733,False
Brazil.regions.RS:Rosário do Sul,0.0,1.0,19.641211829409126,22.17786648924373,False
Brazil.regions.RS:Santa Bárbara do Sul,0.0,1.0,9.668484452716338,22.177866489243737,False
Brazil.regions.SC:Vargem,0.0,1.0,18.193550547494254,22.17786648924373,False
Brazil.regions.TO:Ananás,0.0,1.0,11.705565724765776,22.177866489243737,False
Brazil.regions.TO:Arapoema,0.0,1.0,7.124426778269775,22.177866489243733,False
Brazil.regions.TO:Cristalândia,0.0,1.0,8.45856342983915,22.17786648924373,False
Brazil.regions.TO:Dianópolis,0.0,1.0,17.66095063938602,22.177866489243733,False
Brazil.regions.TO:Filadélfia,0.0,1.0,10.886086904781223,22.17786648924373,False
Brazil.regions.TO:Silvanópolis,0.0,1.0,3.6696303241502655,22.177866489243733,False
United_States_of_America.regions.Arkansas:Dallas,0.0,1.0,7.9104959656312355,22.177866489243733,False
United_States_of_America.regions.Arkansas:Madison,0.0,1.0,16.145047956425202,22.177866489243733,False
United_States_of_America.regions.Arkansas:Montgomery,0.0,1.0,11.049444499481881,22.177866489243733,False
United_States_of_America.regions.Arkansas:Nevada,0.0,1.0,10.059592131512273,22.177866489243733,False
United_States_of_America.regions.Arkansas:Woodruff,0.0,1.0,6.35508167911715,22.177866489243733,False
United_States_of_America.regions.Colorado:Chaffee,27.55089396353337,2.3418304124623828,118.63526589519142,8.66412928751583,False
United_States_of_America.regions.Colorado:Ouray,3.781023189945123,0.033457249070631974,74.36945156295987,2.6596364623986597,False
United_States_of_America.regions.Georgia:Talbot,16.264825632855374,0.07063197026022305,256.80884892208326,7.175961247278003,False
United_States_of_America.regions.Georgia:Taliaferro,0.0,1.0,42.88394222903865,22.177866489243733,False
United_States_of_America.regions.Georgia:Taylor,8.479376880863871,0.9929191007257921,96.66852816613702,6.4148668829562805,False
United_States_of_America.regions.Georgia:Wilkinson,22.602230483271374,0.7256151531244469,241.95820926118355,5.43178627699009,False
United_States_of_America.regions.Illinois:Calhoun,0.0,1.0,1.0763682828710799,22.177866489243733,False
United_States_of_America.regions.Illinois:Pike,0.0,1.0,15.751544273447836,22.177866489243733,False
United_States_of_America.regions.Illinois:Pope,0.0,1.0,1.762760755190069,22.177866489243733,False
United_States_of_America.regions.Illinois:Stark,0.0,1.0,3.4582858078509955,22.177866489243733,False
United_States_of_America.regions.Iowa:Adair,0.0,1.0,8.195763580966327,22.177866489243733,False
United_States_of_America.regions.Iowa:Adams,0.0,1.0,5.58448775839647,22.177866489243733,False
United_States_of_America.regions.Iowa:Kossuth,0.0,1.0,15.427039512939137,22.177866489243733,False
United_States_of_America.regions.Iowa:Ringgold,0.0,1.0,1.7446829992559927,22.177866489243733,False
United_States_of_America.regions.Iowa:Taylor,0.0,1.0,5.840666685290132,22.177866489243733,False
United_States_of_America.regions.Iowa:Wayne,0.0,1.0,6.652326976745674,22.17786648924373,False
United_States_of_America.regions.Kansas:Anderson,0.0,1.0,9.451982040274528,22.17786648924373,False
United_States_of_America.regions.Kansas:Jackson,0.0,1.0,14.585428557423826,22.177866489243733,False
United_States_of_America.regions.Kansas:Pratt,0.0,1.0,11.265601102949539,22.177866489243733,False
United_States_of_America.regions.Kansas:Wilson,0.0,1.0,10.447661210651358,22.177866489243733,False
United_States_of_America.regions.Minnesota:Big Stone,0.0,1.0,2.141801572393401,22.177866489243733,False
United_States_of_America.regions.Minnesota:Mahnomen,0.0,1.0,4.084868479473514,22.177866489243733,False
United_States_of_America.regions.Missouri:Carter,1.9920339883165163,0.08656399362719067,27.967026668091687,6.908123821694263,False
United_States_of_America.regions.Missouri:Clark,0.0,1.0,7.465493383461772,22.177866489243733,False
United_States_of_America.regions.Missouri:Dent,0.0,1.0,15.756496168817355,22.17786648924373,False
United_States_of_America.regions.Missouri:Gentry,0.0,1.0,6.959482681604107,22.177866489243733,False
United_States_of_America.regions.Missouri:Holt,0.0,1.0,0.5339209284260384,22.177866489243733,False
United_States_of_America.regions.Missouri:Maries,0.9121968489998231,1.0,1.6844029287577018,22.177866489243733,False
United_States_of_America.regions.Missouri:Ralls,0.0,1.0,12.477604582172242,22.177866489243733,False
United_States_of_America.regions.Missouri:Schuyler,0.0,1.0,0.7186390214325762,22.177866489243733,False
United_States_of_America.regions.Missouri:Shelby,0.0,1.0,5.314460081149299,22.177866489243733,False
United_States_of_America.regions.Missouri:St. Clair,1.0,1.0,0.8944781738239165,22.177866489243733,False
United_States_of_America.regions.Missouri:Worth,0.0,1.0,27.499232368182998,22.177866489243733,False
United_States_of_America.regions.Nebraska:Nemaha,0.0,1.0,7.834779857000476,22.177866489243733,False
United_States_of_America.regions.Nebraska:Richardson,0.0,1.0,9.46330832014011,22.177866489243733,False
United_States_of_America.regions.Nevada:Storey,0.0,1.0,2.0763173574698257,22.17786648924373,False
United_States_of_America.regions.North Carolina:Jones,13.355815188528943,0.8436891485218623,130.23550211176428,2.851800230437316,False
United_States_of_America.regions.Oklahoma:Atoka,0.0,1.0,14.909368160998351,22.177866489243733,False
United_States_of_America.regions.Oklahoma:Coal,0.0,1.0,3.979504341837,22.177866489243733,False
United_States_of_America.regions.Oklahoma:Okfuskee,0.0,1.0,13.83966920749605,22.177866489243733,False
United_States_of_America.regions.Pennsylvania:Cameron,0.0,1.0,0.3092034455437656,22.177866489243733,False
United_States_of_America.regions.Pennsylvania:Sullivan,0.0,1.0,5.69253843121538,22.177866489243733,False
United_States_of_America.regions.Texas:Comanche,1.9118428040361126,0.7769516728624536,0.8222170280327881,20.54201517176998,False
United_States_of_America.regions.Texas:Delta,0.0,1.0,3.41965977380573,22.177866489243733,False
United_States_of_America.regions.Texas:Young,2.589838909541512,0.3432465923172243,2.2874450175185803,18.531262337756917,False
United_States_of_America.regions.West Virginia:Ritchie,0.0,1.0,11.711046309214424,22.177866489243733,False
United_States_of_America.regions.Wisconsin:Burnett,0.2380952380952381,0.0,14.145589091454463,15.690257821798554,False
United_States_of_America.regions.Wisconsin:Menominee,0.0,1.0,0.2287883505255586,22.177866489243733,False
United_States_of_America.regions.Wisconsin:Washburn,0.0,1.0,15.816543334027449,22.177866489243733,False
Brazil.regions.AL:Messias,4.0556368960468525,0.0,14.054766587879882,16.57750806630467,False
Brazil.regions.MG:Matozinhos,0.0,1.0,19.533762840380696,22.177866489243733,False
Brazil.regions.PE:Belém de Maria,0.0,0.0,13.894921073854022,13.894921073854022,False
Brazil.regions.RS:Gramado,0.0,1.0,19.417875321215472,22.17786648924373,False
Brazil.regions.SC:Pomerode,0.0,1.0,19.188061723494936,22.177866489243733,False
Brazil.regions.SP:Estiva Gerbi,0.0,1.0,13.331440445365462,22.177866489243733,False
Brazil.regions.SP:Palmares Paulista,0.0,1.0,14.644909803744675,22.17786648924373,False
Brazil.regions.AL:Paulo Jacinto,3.4065460809646853,0.590869939707149,37.79173096837089,7.047801928813336,False
Brazil.regions.BA:Guanambi,0.0,1.0,20.994168379609615,22.177866489243733,False
Brazil.regions.BA:Presidente Dutra,0.0,1.0,15.573719084673666,22.177866489243737,False
Brazil.regions.BA:Presidente Tancredo Neves,0.0,1.0,18.57023273622234,22.177866489243737,False
Brazil.regions.CE:Abaiara,0.0,1.0,13.657801736751617,22.17786648924373,False
Brazil.regions.CE:Umirim,14.804643261608154,2.995469988674972,61.27485817397716,8.261893235758512,False
Brazil.regions.ES:Iúna,1.3410162388685174,0.0,14.149965392338563,18.748628808780097,False
Brazil.regions.MG:Guaranésia,0.0,1.0,16.920519346611908,22.177866489243733,False
Brazil.regions.MG:Maria da Fé,0.0,1.0,15.083152051499852,22.177866489243733,False
Brazil.regions.MG:Orizânia,0.0,1.0,9.705928350056903,22.17786648924373,False
Brazil.regions.MG:Ouro Fino,1.5755000885112411,0.0,14.52157442196694,19.2051265148093,False
Brazil.regions.MG:Piranguinho,0.0,1.0,10.544548667000829,22.177866489243733,False
Brazil.regions.MG:Rio Pomba,2.861111111111111,0.2777777777777778,0.9055033428397267,18.145358269130824,False
Brazil.regions.MG:Santa Margarida,0.0,1.0,16.008073794278282,22.177866489243733,False
Brazil.regions.PB:Nova Olinda,0.0,1.0,5.3683186660801745,22.177866489243733,False
Brazil.regions.PE:Lagoa do Ouro,0.0,1.0,14.570411183043658,22.177866489243737,False
Brazil.regions.PE:Saloá,0.0,0.06666666666666667,15.86593061851218,16.286726343227617,False
Brazil.regions.PE:Água Preta,28.04771371769384,4.62491716368456,59.23894892446307,6.9239637095533615,False
Brazil.regions.PI:Ilha Grande,0.0,0.34597961494903734,11.56891253210391,15.239394337207212,False
Brazil.regions.PR:Cambará,0.0,1.0,18.23464882362859,22.17786648924373,False
Brazil.regions.PR:Jacarezinho,0.0,1.0,19.638377434441555,22.17786648924373,False
Brazil.regions.RJ:Porciúncula,0.0,1.0,16.87198226363753,22.177866489243733,False
Brazil.regions.RN:Lagoa de Pedras,0.0,0.0,8.922299150961656,8.922299150961656,False
Brazil.regions.RS:Pareci Novo,0.0,1.0,3.884161136505551,22.177866489243733,False
Brazil.regions.RS:Rolante,0.0,1.0,17.493806345911494,22.177866489243733,False
Brazil.regions.RS:Sarandi,0.0,1.0,18.09440044326391,22.177866489243733,False
Brazil.regions.RS:São Vendelino,0.0,1.0,22.40528108097472,22.17786648924373,False
Brazil.regions.SC:Trombudo Central,0.0,1.0,8.590909967504603,22.177866489243733,False
United_States_of_America.regions.Alaska:Valdez-Cordova Census Area,0.0,1.0,11.310663707239822,22.177866489243737,False
United_States_of_America.regions.Virginia:Falls Church city,30.49725615153125,2.1718888298813948,194.26530619874814,7.505145821750666,False
United_States_of_America.regions.Alaska:Nome Census Area,0.0,1.0,12.181864889883478,22.177866489243733,False
United_States_of_America.regions.Alaska:Southeast Fairbanks Census Area,0.0,1.0,7.670395141499647,22.177866489243733,False
United_States_of_America.regions.Virginia:Bristol city,0.0,1.0,16.21199129535279,22.177866489243733,False
Brazil.regions.AL:Barra de São Miguel,5.803186907838072,1.0,59.571555618880154,22.177866489243733,True
Brazil.regions.AL:Campestre,8.86089813800657,0.16757940854326397,121.06292238631887,10.176416208725627,True
Brazil.regions.AL:Olho d'Água das Flores,1.525993883792049,1.0,11.034739261695442,22.177866489243733,True
Brazil.regions.AL:Santana do Ipanema,18.004190675746464,1.141435306443164,23.17342091899399,18.91310724369288,True
Brazil.regions.AL:São Sebastião,19.003058103975537,1.0,41.629326136864655,22.177866489243733,True
Brazil.regions.BA:Irará,0.2,1.0,18.044781141031294,22.177866489243733,True
Brazil.regions.BA:Ubaitaba,2.3591782637508287,0.0390987408880053,11.335296447663818,17.13535358458381,True
Brazil.regions.CE:Barbalha,9.917313841936956,0.8698035632709,10.96708255404497,21.9636606737272,True
Brazil.regions.CE:Crato,10.161090458488228,1.0,13.73036646389748,22.177866489243733,True
Brazil.regions.CE:Pacoti,10.573080967402735,0.9500525762355416,73.92752831336546,7.919976987930249,True
Brazil.regions.CE:Palmácia,9.222222222222221,0.06666666666666667,55.84298660958732,15.171911427441199,True
Brazil.regions.CE:Paraipaba,34.23241590214067,1.162079510703364,85.92874364842801,19.53480692084509,True
Brazil.regions.CE:São Luís do Curu,7.360594795539034,0.16799433528058066,43.96281446122285,15.777822914478971,True
Brazil.regions.ES:Bom Jesus do Norte,9.915029208709507,1.0,88.27161739899383,22.177866489243733,True
Brazil.regions.ES:Ibatiba,1.5333333333333332,1.0,12.46490991638378,22.17786648924373,True
Brazil.regions.MA:Santa Inês,19.1414409630023,0.6760488582049922,19.87774308142125,21.814056303498475,True
Brazil.regions.MG:Itanhandu,3.5245176137369447,1.0,9.846129795107839,22.177866489243733,True
Brazil.regions.MG:Itaú de Minas,1.5991237677984664,1.0,6.042258295809002,22.177866489243737,True
Brazil.regions.MG:Rodeiro,3.5,1.0,33.316029182232406,22.177866489243733,True
Brazil.regions.PA:Capanema,56.06833067799611,3.5455832890777126,64.6669218674384,16.15119819481243,True
Brazil.regions.PB:Alhandra,37.502583979328165,1.813522825150732,174.95491389929126,7.906705728300426,True
Brazil.regions.PB:Cajazeiras,19.01050708085884,0.0,14.93299612170328,20.56478114089795,True
Brazil.regions.PB:Caldas Brandão,2.0,1.0,31.405737220579102,22.17786648924373,True
Brazil.regions.PB:Itabaiana,11.978072179077206,1.0,40.04399054974507,22.17786648924373,True
Brazil.regions.PB:Juarez Távora,2.2,1.0,24.52942084767144,22.177866489243733,True
Brazil.regions.PB:Logradouro,2.0,1.0,47.07421107308314,22.177866489243733,True
Brazil.regions.PB:Pilõezinhos,6.432687270822419,1.0,127.27790265521512,22.17786648924373,True
Brazil.regions.PB:Queimadas,6.708051166290444,1.0,17.202510854085283,22.17786648924373,True
Brazil.regions.PB:Remígio,11.560165975103734,1.0,42.917506149653775,22.177866489243733,True
Brazil.regions.PB:Serra da Raiz,2.665890570430734,1.0,94.27354934400701,22.177866489243733,True
Brazil.regions.PB:Solânea,8.821428571428571,1.0,15.787312982599387,22.177866489243733,True
Brazil.regions.PE:Cachoeirinha,6.721543636041778,1.0,16.865669223011157,22.177866489243733,True
Brazil.regions.PE:Pombos,26.471941936625953,1.1486988847583643,82.0025037232554,14.428109614995385,True
Brazil.regions.PE:Quipapá,0.0,1.0,18.337178237909093,22.177866489243733,True
Brazil.regions.PE:Tamandaré,9.857255520504733,0.2823343848580442,29.189606623271313,19.109345815642076,True
Brazil.regions.PE:Vertentes,3.8254558328907775,1.0,16.14921961422358,22.177866489243733,True
Brazil.regions.PR:Campo Largo,7.765976278987432,0.9026376349796424,15.537075986836625,21.688379921789103,True
Brazil.regions.PR:Campo Magro,0.0,1.0,18.766992623359293,22.177866489243733,True
Brazil.regions.RJ:Areal,3.506815365551425,1.0,17.74513325077402,22.177866489243733,True
Brazil.regions.RN:Monte Alegre,1.7241989732696053,1.0,10.043890393436843,22.177866489243733,True
Brazil.regions.RS:Flores da Cunha,1.2639405204460967,1.0,14.81426095843841,22.177866489243733,True
Brazil.regions.RS:Nova Prata,6.424122310305776,1.0,12.210671348347944,22.177866489243733,True
Brazil.regions.RS:Santo Ângelo,6.84748427672956,0.33962264150943394,12.064216705462258,20.495973217246412,True
Brazil.regions.RS:Serafina Corrêa,4.047265002655338,0.5822269428217383,10.451972105790228,19.79086467700364,True
Brazil.regions.SC:Governador Celso Ramos,5.773234200743495,1.0,26.936255803642755,22.177866489243733,True
Brazil.regions.SC:São Francisco do Sul,1.4586652504868118,1.0,17.514325868832866,22.177866489243733,True
Brazil.regions.SE:Estância,52.92521367521366,0.6474358974358974,56.5851551921445,21.668262964492197,True
Brazil.regions.SE:Lagarto,17.8739599929191,0.8052752699592849,9.263245491897278,21.106318250291896,True
Brazil.regions.SE:Rosário do Catete,3.5691823899371067,0.0,21.84417918986518,12.965521947557875,True
Brazil.regions.SE:São Domingos,2.4444444444444446,0.08333333333333333,13.149667329679398,13.947044304933177,True
Brazil.regions.SP:Bebedouro,3.799964595503629,1.0,15.98404410421273,22.177866489243733,True
Brazil.regions.SP:Cravinhos,5.810939989378651,0.0,3.7827751056090246,19.344363145709792,True
Brazil.regions.SP:Espírito Santo do Pinhal,0.38380651945320715,1.0,19.0562636932744,22.177866489243737,True
Brazil.regions.SP:Guararema,6.296512657107453,0.37865108868826347,18.13546025110346,20.09266308192869,True
Brazil.regions.SP:Jaboticabal,11.523809523809526,2.196848999822978,5.968543108311693,18.040246930304814,True
Brazil.regions.SP:Pirassununga,38.34305993690852,0.6713985278654048,33.27113771967357,21.747810511368623,True
Brazil.regions.SP:Tietê,3.6668412781561024,1.0,11.08640989128741,22.17786648924373,True
Brazil.regions.SP:Tupã,1.7295096477252612,0.30961232076473716,18.012202537523354,21.124225564948418,True
United_States_of_America.regions.Alabama:Lee,150.86316162152593,4.443087272083555,73.01251525912683,19.136439034827,True
United_States_of_America.regions.Alabama:Shelby,144.70313329792884,3.3402372101256863,48.07760140228577,20.4117236398924,True
United_States_of_America.regions.Florida:Charlotte,24.494600814303418,0.6760488582049922,13.626219741098838,22.006382109488822,True
United_States_of_America.regions.Florida:Martin,98.11117011860507,1.8408567888121792,43.46134108645614,20.88373319021538,True
United_States_of_America.regions.Georgia:Walton,65.4211364843335,1.6673747565940875,49.363973086782465,19.5073614665955,True
United_States_of_America.regions.Illinois:Peoria,16.91379005133652,0.4158258098778545,12.18016025618265,21.810343714531673,True
United_States_of_America.regions.Indiana:Delaware,65.63975924942467,2.4588422729686674,39.640881214062595,19.147383050361125,True
United_States_of_America.regions.Indiana:Howard,23.151000177022485,1.3859090104443264,17.99337971705549,19.754487388444513,True
United_States_of_America.regions.Indiana:Madison,171.68525402726146,12.715347849176846,116.02970517772613,12.13103124440975,True
United_States_of_America.regions.Kentucky:Boyd,26.501504691095768,1.4000708089927423,38.09054484928299,17.145847654882253,True
United_States_of_America.regions.Kentucky:Bullitt,31.787750044255628,0.9539741547176491,21.737987903030138,19.84577149835056,True
United_States_of_America.regions.Louisiana:Caddo,467.2933262524341,14.20233669676049,178.8371504473935,16.03155960562676,True
United_States_of_America.regions.Maryland:Cecil,81.48451053283769,1.16286068330678,61.093435143867026,20.27778559897942,True
United_States_of_America.regions.Maryland:Wicomico,52.815188528943175,0.31669322003894496,41.15861227734854,21.074134928486888,True
United_States_of_America.regions.Michigan:Berrien,101.72083554611436,3.878385554965481,46.95355712650948,19.110573859005928,True
United_States_of_America.regions.Michigan:Monroe,109.81766684368917,2.5967427863338646,57.1385099471734,20.622891598794773,True
United_States_of_America.regions.Minnesota:Carver,7.02248185519561,1.0,14.543878293337778,22.177866489243733,True
United_States_of_America.regions.New Jersey:Hunterdon,219.17755354930077,5.312267657992566,156.80876753584928,17.654485256192526,True
United_States_of_America.regions.New Jersey:Sussex,396.817843866171,27.70561161267481,262.34554206075603,13.460711550702872,True
United_States_of_America.regions.New Jersey:Warren,281.8307665073464,13.979288369622944,248.64235923100225,13.03198787058153,True
United_States_of_America.regions.New York:Broome,73.24128164276864,3.3561692334926536,25.07028814053378,19.95030943049513,True
United_States_of_America.regions.North Carolina:Lincoln,10.59656576385201,1.0,8.82588834338202,22.177866489243733,True
United_States_of_America.regions.North Carolina:Pitt,57.32094175960347,0.4158258098778545,15.919777517648226,21.854657611328175,True
United_States_of_America.regions.North Carolina:Rowan,131.68932554434414,4.271375464684016,75.44205938363869,18.56734939831166,True
United_States_of_America.regions.Ohio:Erie,16.431226765799256,0.33811294034342365,14.219987701645326,20.376082442245885,True
United_States_of_America.regions.Pennsylvania:Monroe,313.16746326783505,6.976278987431404,167.76796773141209,17.71984132820587,True
United_States_of_America.regions.South Carolina:Dorchester,55.74260931138255,0.4954859267126925,18.79491438281336,21.867985540839587,True
United_States_of_America.regions.Texas:Comal,35.31757833244823,3.7433174013099664,6.934457225955586,19.156305354030604,True
United_States_of_America.regions.West Virginia:Jefferson,32.60223048327137,1.0,43.6468356479979,22.177866489243733,True
United_States_of_America.regions.West Virginia:Monongalia,63.28022658877676,1.88688263409453,40.36642231509355,19.97036536623411,True
United_States_of_America.regions.Wisconsin:Outagamie,19.679589307842097,0.8141263940520447,11.171352234331371,21.541891423366962,True
United_States_of_America.regions.Alaska:Bethel Census Area,0.0,1.0,16.738945571153888,22.177866489243733,False
Brazil.regions.BA:Araci,0.0,0.0,20.33892130819958,20.33892130819958,False
Brazil.regions.BA:Entre Rios,0.0,1.0,19.784376781249478,22.17786648924373,False
Brazil.regions.BA:Gongogi,2.8518321826872017,0.9132589838909542,33.270948781934244,6.362855200495908,False
Brazil.regions.BA:Inhambupe,0.0,1.0,19.673232917135334,22.177866489243733,False
Brazil.regions.MA:Duque Bacelar,0.0,1.0,13.366517471709146,22.17786648924373,False
Brazil.regions.MA:Esperantinópolis,11.488151658767773,0.0,62.518905915751986,16.377738886436475,False
Brazil.regions.MG:Cachoeira de Minas,0.0,1.0,13.517608413553077,22.17786648924373,False
Brazil.regions.MG:Campestre,0.0,1.0,17.428400804133307,22.17786648924373,False
Brazil.regions.MG:Careaçu,0.0,1.0,7.378399270063625,22.17786648924373,False
Brazil.regions.MG:Eugenópolis,0.0,1.0,13.308686888356814,22.177866489243733,False
Brazil.regions.MG:Imbé de Minas,0.0,1.0,7.691411324822469,22.177866489243737,False
Brazil.regions.MG:Moema,0.0,1.0,8.874687029352819,22.177866489243733,False
Brazil.regions.MG:Pedra Dourada,0.0,1.0,17.75823574717799,22.177866489243733,False
Brazil.regions.MG:Planura,2.3363017286537455,0.0,8.991254610787303,13.935881819335217,False
Brazil.regions.MG:Poço Fundo,0.0,1.0,16.222295052164345,22.177866489243737,False
Brazil.regions.PB:Casserengue,0.0,1.0,8.787400501027342,22.17786648924373,False
Brazil.regions.PB:Joca Claudino,0.0,1.0,15.75840058207645,22.177866489243733,False
Brazil.regions.PR:Ibaiti,0.0,1.0,18.98949765873742,22.177866489243733,False
Brazil.regions.PR:Saudade do Iguaçu,0.0,1.0,3.9960483074255535,22.17786648924373,False
Brazil.regions.RN:Almino Afonso,0.0,1.0,1.0585423076175466,22.17786648924373,False
Brazil.regions.RN:Baía Formosa,0.0,1.0,11.391543546734834,22.177866489243733,False
Brazil.regions.RS:Antônio Prado,0.0,1.0,14.515031240201587,22.177866489243737,False
Brazil.regions.RS:Capitão,0.0,1.0,14.093442905025398,22.177866489243733,False
Brazil.regions.RS:Cerro Grande do Sul,0.0,1.0,14.007264315863555,22.177866489243733,False
Brazil.regions.RS:Crissiumal,0.0,1.0,14.741816518987932,22.17786648924373,False
Brazil.regions.RS:Monte Belo do Sul,0.0,0.0,17.068601328652665,17.068601328652665,False
Brazil.regions.SC:Nova Trento,0.0,1.0,15.304541862121598,22.177866489243733,False
Brazil.regions.SC:Quilombo,1.0,1.0,1.9492835014820251,22.17786648924373,False
Brazil.regions.SC:Serra Alta,0.0,1.0,8.468777703217192,22.177866489243733,False
Brazil.regions.SE:Monte Alegre de Sergipe,0.0,1.0,15.524949185005827,22.177866489243733,False
Brazil.regions.SE:Riachão do Dantas,0.8538899430740038,0.0,12.817149786017257,17.128636496817574,False
Brazil.regions.SP:Alfredo Marcondes,0.0,1.0,1.8259741252545858,22.177866489243733,False
Brazil.regions.SP:Barbosa,0.0,1.0,8.668004289838168,22.177866489243733,False
Brazil.regions.SP:Nipoã,0.0,1.0,2.995054288975173,22.177866489243733,False
Brazil.regions.SP:Ouroeste,0.0,1.0,12.526288456235337,22.17786648924373,False
Brazil.regions.SP:Porangaba,0.0,1.0,12.10229973861401,22.177866489243737,False
Brazil.regions.SP:Santa Rita do Passa Quatro,1.6009463722397477,0.0,12.739442958961966,18.549024452737584,False
Brazil.regions.SP:Tabapuã,0.0,1.0,14.117900341101555,22.17786648924373,False
United_States_of_America.regions.Tennessee:Unicoi,0.0,1.0,16.585963564678508,22.177866489243733,False
Brazil.regions.AL:Porto de Pedras,0.0,1.0,9.33430111549598,22.17786648924373,False
Brazil.regions.BA:Banzaê,0.0,1.0,14.618716137743242,22.17786648924373,False
Brazil.regions.BA:Cardeal da Silva,0.0,1.0,11.4193941923099,22.17786648924373,False
Brazil.regions.BA:Euclides da Cunha,0.0,1.0,20.527292914926658,22.177866489243733,False
Brazil.regions.BA:Nova Ibiá,0.0,1.0,7.0056619679267875,22.17786648924373,False
Brazil.regions.BA:Nova Soure,0.0,1.0,18.466878253076445,22.177866489243733,False
Brazil.regions.BA:Riachão do Jacuípe,0.0,1.0,19.187078117428925,22.177866489243733,False
Brazil.regions.BA:São Domingos,0.0,1.0,11.137901817130686,22.177866489243733,False
Brazil.regions.BA:Utinga,0.0,0.0,16.963558427923473,16.963558427923473,False
Brazil.regions.BA:Várzea da Roça,0.0,0.14285714285714285,15.087679308302157,16.100563191293812,False
Brazil.regions.CE:Potengi,0.0,1.0,13.123995959592305,22.177866489243737,False
Brazil.regions.ES:Alto Rio Novo,0.0,1.0,9.416253421351952,22.177866489243733,False
Brazil.regions.ES:Boa Esperança,0.0,1.0,15.527603803867663,22.177866489243733,False
Brazil.regions.GO:Alexânia,0.0,1.0,18.56162232043746,22.177866489243737,False
Brazil.regions.GO:Aragarças,0.0,1.0,17.20719346011559,22.177866489243733,False
Brazil.regions.GO:Pires do Rio,3.078420959461852,0.0,9.213212158193281,18.999024859133744,False
Brazil.regions.GO:Santa Helena de Goiás,0.0,1.0,19.590410475995963,22.177866489243733,False
Brazil.regions.MA:Satubinha,0.0,1.0,14.990860595898901,22.17786648924373,False
Brazil.regions.MG:Carmo da Mata,0.0,1.0,13.464028915176112,22.177866489243733,False
Brazil.regions.MG:Guanhães,0.0,1.0,19.26402867345656,22.177866489243733,False
Brazil.regions.MG:Ipuiúna,0.0,1.0,12.256247280988948,22.177866489243733,False
Brazil.regions.MG:São Gonçalo do Rio Abaixo,0.0,1.0,13.020357331734576,22.177866489243733,False
Brazil.regions.PA:São Francisco do Pará,1.9333333333333331,0.0,7.430046090918526,15.881430272142612,False
Brazil.regions.PB:Igaracy,0.0,1.0,5.8299835400856495,22.177866489243733,False
Brazil.regions.PE:Quixaba,1.894273127753304,0.5888399412628489,24.804519778553498,7.515861929896928,False
Brazil.regions.PE:Terra Nova,0.0,0.0,12.272953652476696,12.272953652476696,False
Brazil.regions.PR:Abatiá,0.0,1.0,8.767647902680771,22.177866489243733,False
Brazil.regions.PR:Assaí,0.0,1.0,15.563672428789998,22.177866489243733,False
Brazil.regions.PR:Carlópolis,0.0,1.0,15.194626265780045,22.177866489243733,False
Brazil.regions.PR:Coronel Vivida,0.0,1.0,17.35487044410049,22.17786648924373,False
Brazil.regions.PR:Itaipulândia,0.0,1.0,13.230121321026123,22.177866489243733,False
Brazil.regions.PR:Jussara,0.0,0.0,7.918633635971242,7.918633635971242,False
Brazil.regions.PR:Missal,0.0,1.0,12.833818647718783,22.177866489243733,False
Brazil.regions.PR:Palmas,0.0,1.0,20.216543773204037,22.177866489243733,False
Brazil.regions.PR:Rebouças,0.0,1.0,15.466006632877534,22.177866489243733,False
Brazil.regions.PR:Sertanópolis,0.0,0.0,16.068757808200296,16.068757808200296,False
Brazil.regions.RN:Carnaúba dos Dantas,0.0,0.015290519877675842,9.952927613938112,10.139853284814345,False
Brazil.regions.RN:Jardim do Seridó,0.0,1.0,14.11074806394525,22.17786648924373,False
Brazil.regions.RN:São Miguel do Gostoso,0.0,1.0,12.452132196304618,22.177866489243733,False
Brazil.regions.RN:São Pedro,0.0,1.0,5.430253024162507,22.177866489243733,False
Brazil.regions.RN:São Vicente,0.0,1.0,6.611241333577482,22.177866489243733,False
Brazil.regions.RN:Taipu,0.24783147459727387,0.0,12.015544845809629,14.033880822658507,False
Brazil.regions.RS:Arroio dos Ratos,2.158258098778545,1.0,1.9290407779856649,22.177866489243733,False
Brazil.regions.RS:Capão do Leão,0.0,1.0,18.23371566491621,22.177866489243733,False
Brazil.regions.RS:Casca,0.0,1.0,11.104895611157142,22.17786648924373,False
Brazil.regions.RS:Marques de Souza,0.0,1.0,2.766009789129928,22.17786648924373,False
Brazil.regions.RS:Tucunduva,0.0,1.0,4.566031336020767,22.177866489243737,False
Brazil.regions.RS:Vanini,0.0,1.0,25.14821017900047,22.177866489243733,False
Brazil.regions.RS:Vila Flores,0.0,1.0,7.364230999677978,22.177866489243737,False
Brazil.regions.SC:Atalanta,0.0,1.0,8.97478148583415,22.177866489243733,False
Brazil.regions.SC:Nova Itaberaba,0.0,1.0,0.9114893177292522,22.177866489243733,False
Brazil.regions.SC:Rio do Oeste,0.0,1.0,8.824948876745403,22.177866489243737,False
Brazil.regions.SE:Japoatã,0.0,1.0,14.734067174073271,22.177866489243733,False
Brazil.regions.SP:Auriflama,0.0,1.0,15.594154592476336,22.177866489243737,False
Brazil.regions.SP:Campina do Monte Alegre,0.0,1.0,5.577600884994066,22.17786648924373,False
Brazil.regions.SP:Fernando Prestes,0.0,1.0,4.8858035461346185,22.17786648924373,False
Brazil.regions.SP:Pirajuí,0.0,1.0,18.255067179656415,22.177866489243733,False
Brazil.regions.SP:Álvaro de Carvalho,0.0,1.0,3.046433544916201,22.177866489243733,False
United_States_of_America.regions.Kentucky:Gallatin,0.0,1.0,10.902638165870187,22.177866489243733,False
United_States_of_America.regions.Michigan:Hillsdale,73.65108868826341,7.126748097008321,142.33906857063232,7.618160536911581,False
United_States_of_America.regions.Michigan:Mecosta,9.975216852540273,0.0,7.496857847734449,19.87652941240209,False
United_States_of_America.regions.Virginia:Lancaster,0.0,1.0,12.746573458969284,22.177866489243733,False
United_States_of_America.regions.West Virginia:Wayne,83.01610904584884,5.039653035935564,191.13136790095365,7.0733138270142115,False
Brazil.regions.AL:Dois Riachos,0.0,1.0,13.148521116783238,22.177866489243733,False
Brazil.regions.AL:Igaci,0.0,1.0,18.276340992774614,22.177866489243733,False
Brazil.regions.GO:Nova Veneza,0.0,1.0,12.028673350098297,22.177866489243733,False
Brazil.regions.MG:Esmeraldas,0.0,1.0,20.76047222685571,22.177866489243733,False
Brazil.regions.MG:Jacutinga,0.6428571428571428,0.0,15.854077494836162,18.328603623082603,False
Brazil.regions.MG:Piraúba,0.0,1.0,12.907448393387611,22.177866489243733,False
Brazil.regions.MG:São João do Manhuaçu,0.0,0.546142208774584,13.526599078568069,18.25142137093405,False
Brazil.regions.PE:Cedro,0.0,1.0,13.708314528542456,22.177866489243737,False
Brazil.regions.PR:Cornélio Procópio,0.0,1.0,20.08778393098268,22.177866489243733,False
Brazil.regions.PR:Marialva,0.0,1.0,19.360647647684118,22.177866489243737,False
Brazil.regions.RJ:Comendador Levy Gasparian,1.0,1.0,1.1838903148679378,22.17786648924373,False
Brazil.regions.RN:Várzea,0.0,1.0,3.9960483074255535,22.177866489243733,False
Brazil.regions.RS:Ametista do Sul,0.0,1.0,8.680768365340374,22.177866489243733,False
Brazil.regions.RS:Eldorado do Sul,0.0,1.0,19.755679254170467,22.177866489243733,False
Brazil.regions.SC:Balneário Gaivota,3.506815365551425,0.0,23.74312710195719,13.069568830076232,False
Brazil.regions.SC:Canelinha,0.0,1.0,14.007931848720858,22.177866489243733,False
Brazil.regions.SC:Ibirama,0.0,1.0,16.900821634362465,22.177866489243733,False
Brazil.regions.SE:Capela,0.0,1.0,19.255000911831637,22.177866489243733,False
Brazil.regions.SE:Nossa Senhora de Lourdes,1.489563567362429,0.0,19.86268469973186,6.752908907877081,False
Brazil.regions.SP:Piquete,0.0,1.0,14.85561416442862,22.177866489243733,False
Brazil.regions.SP:Vargem,0.0,1.0,12.687499212030106,22.177866489243733,False
United_States_of_America.regions.Illinois:Boone,83.70862099486635,6.450522216321472,137.27500299835094,8.328561684010387,False
Brazil.regions.AL:Jaramataia,0.0,1.0,4.8468439589144445,22.177866489243733,False
Brazil.regions.AL:Poço das Trincheiras,0.0,1.0,15.22666393120119,22.17786648924373,False
Brazil.regions.BA:Itamari,0.0,1.0,9.732315773624569,22.177866489243733,False
Brazil.regions.BA:Ouriçangas,0.0,1.0,10.501079940901837,22.177866489243733,False
Brazil.regions.ES:Atilio Vivacqua,0.0,1.0,13.799850403452849,22.177866489243733,False
Brazil.regions.GO:Caldas Novas,0.0,1.0,21.080918199386122,22.177866489243733,False
Brazil.regions.GO:São Simão,0.0,1.0,17.334078647151216,22.177866489243733,False
Brazil.regions.MG:Alfredo Vasconcelos,0.0,0.18181818181818182,7.699800758825319,10.332176346174123,False
Brazil.regions.MG:Carandaí,0.0,1.0,18.256451642767125,22.177866489243737,False
Brazil.regions.MG:Ervália,0.0,1.0,16.885461090990226,22.177866489243733,False
Brazil.regions.MG:Naque,0.0,1.0,7.8839842708332135,22.17786648924373,False
Brazil.regions.PB:Bom Jesus,0.0,1.0,16.869380679830844,22.17786648924373,False
Brazil.regions.PB:Cachoeira dos Índios,0.0,1.0,12.416054696975088,22.177866489243733,False
Brazil.regions.PB:Natuba,0.0,1.0,12.612150017079966,22.177866489243733,False
Brazil.regions.PE:Venturosa,2.7673956262425445,0.007952286282306164,1.79373259549552,16.810223843871515,False
Brazil.regions.PR:Japurá,0.0,1.0,11.567786913646918,22.177866489243737,False
Brazil.regions.PR:Piên,0.0,1.0,14.332267870069089,22.17786648924373,False
Brazil.regions.RJ:Varre-Sai,0.0,1.0,13.086957398334642,22.17786648924373,False
Brazil.regions.RN:Martins,1.0,1.0,0.7447696139081295,22.177866489243733,False
Brazil.regions.RN:Paraná,0.0,1.0,1.3294207698065712,22.177866489243733,False
Brazil.regions.RS:Fazenda Vilanova,0.0,1.0,0.11742086824218845,22.177866489243733,False
Brazil.regions.SC:Cordilheira Alta,0.0,1.0,0.2789042271272528,22.177866489243733,False
Brazil.regions.SC:Imbuia,0.0,1.0,6.041026082595355,22.177866489243733,False
Brazil.regions.SC:Lauro Muller,0.0,1.0,15.617908472975039,22.177866489243733,False
Brazil.regions.SE:Arauá,0.0,1.0,12.233554635624003,22.177866489243733,False
Brazil.regions.SP:Bilac,0.0,1.0,9.73076666350313,22.177866489243733,False
Brazil.regions.SP:Catiguá,0.0,1.0,9.363924920817286,22.177866489243733,False
Brazil.regions.SP:Itobi,0.0,1.0,9.42439116721848,22.177866489243737,False
Brazil.regions.SP:Águas da Prata,0.0,1.0,9.95292761393811,22.177866489243733,False
United_States_of_America.regions.Oregon:Harney,0.0,1.0,8.651557818879876,22.177866489243733,False
Brazil.regions.AL:Anadia,1.7113564668769716,0.0,13.361530886788117,16.4782369651628,False
Brazil.regions.AL:Japaratinga,4.8,0.0,47.1918261312562,10.217574658123054,False
Brazil.regions.AL:Matriz de Camaragibe,3.190854870775348,0.0,11.306313419190452,18.119754323023457,False
Brazil.regions.AL:São Miguel dos Milagres,7.2874341610233255,0.0,84.56746515756323,9.600832153939995,False
Brazil.regions.BA:Nazaré,0.0,1.0,18.672169732013234,22.177866489243733,False
Brazil.regions.BA:Senhor do Bonfim,0.0,1.0,20.912284004905317,22.17786648924373,False
Brazil.regions.MG:Bicas,0.0,1.0,15.278459838215722,22.177866489243733,False
Brazil.regions.MG:Itabirito,0.0,0.42511346444780634,20.250155645870237,21.069651480950345,False
Brazil.regions.MG:Mateus Leme,0.0,1.0,18.960984291469817,22.177866489243733,False
Brazil.regions.MG:Matias Barbosa,0.0,1.0,15.266061125682773,22.177866489243733,False
Brazil.regions.PB:Marizópolis,2.363914373088685,0.0,29.005289805403322,7.065277702784613,False
Brazil.regions.PB:Serraria,0.0,1.0,5.781735976044846,22.177866489243733,False
Brazil.regions.PE:Amaraji,9.808815719596389,2.317224287484511,30.122492685933228,8.638449650300252,False
Brazil.regions.PE:Itaquitinga,9.762996941896024,1.6391437308868502,42.82808893684053,7.779806846244783,False
Brazil.regions.PE:São Benedito do Sul,0.0,1.0,15.886579921140555,22.177866489243737,False
Brazil.regions.PR:Dois Vizinhos,0.0,1.0,19.717297113490183,22.17786648924373,False
Brazil.regions.RN:Maxaranguape,0.0,1.0,14.094445585517276,22.177866489243733,False
Brazil.regions.SC:Pescaria Brava,0.0,1.0,12.26804585699718,22.177866489243733,False
Brazil.regions.SP:Canas,0.0,1.0,2.715040486908194,22.177866489243737,False
Brazil.regions.SP:Cesário Lange,0.0,1.0,16.667617425986073,22.17786648924373,False
Brazil.regions.SP:Pinhalzinho,0.0,1.0,15.601947504565628,22.177866489243733,False
Brazil.regions.SP:Pitangueiras,0.0,0.0,19.6601797398291,19.6601797398291,False
Brazil.regions.SP:Vista Alegre do Alto,0.0,1.0,10.827128691286866,22.17786648924373,False
Dominica,13.879093644892901,1.0,1.6261567742851661,22.177866489243733,False
Brazil.regions.AL:Paripueira,5.786014721345952,1.4405888538380653,34.573874933570295,4.353779249558359,False
Brazil.regions.BA:Santo Estêvão,0.0,1.0,20.285718901731908,22.17786648924373,False
Brazil.regions.RN:Tibau do Sul,0.0,1.0,15.12568031152864,22.177866489243733,False
Brazil.regions.BA:Muritiba,0.14285714285714285,0.0,18.290465071314063,18.77639024855527,False
Brazil.regions.AL:Palestina,0.0,1.0,2.2217699017362484,22.177866489243733,False
Brazil.regions.BA:Pojuca,0.0,1.0,19.647438087715354,22.177866489243733,False
Brazil.regions.MG:Manhumirim,0.0,1.0,17.773938185196524,22.177866489243733,False
Brazil.regions.PE:Jaqueira,8.332132564841498,1.1621037463976944,64.26202152724983,8.281216230989015,False
Brazil.regions.PE:Salgadinho,0.0,1.0,13.019518655192996,22.177866489243733,False
Brazil.regions.PR:Quatro Barras,0.0,1.0,17.93320415213265,22.177866489243733,False
Brazil.regions.SC:Schroeder,0.0,1.0,17.497314184071726,22.177866489243733,False
Brazil.regions.SP:Pradópolis,0.0,0.3335734870317003,17.525838204911764,19.077631501486472,False
Brazil.regions.BA:Rodelas,0.0,1.0,11.460901533719136,22.17786648924373,False
Brazil.regions.GO:Alto Paraíso de Goiás,0.0,1.0,9.061392197533344,22.177866489243733,False
Brazil.regions.GO:Aporé,0.0,1.0,1.6430005903179605,22.177866489243733,False
Brazil.regions.GO:Campo Alegre de Goiás,0.0,1.0,9.00089982696939,22.177866489243733,False
Brazil.regions.GO:Colinas do Sul,0.0,0.0,7.39043629017673,7.39043629017673,False
Brazil.regions.GO:Doverlândia,0.0,1.0,8.520395852805603,22.177866489243733,False
Brazil.regions.GO:Faina,0.0,1.0,7.088082273158024,22.177866489243733,False
Brazil.regions.GO:Itajá,0.0,1.0,0.14658206536182306,22.177866489243733,False
Brazil.regions.GO:Ivolândia,0.0,1.0,20.016226337760486,22.177866489243733,False
Brazil.regions.GO:Paraúna,1.8357231368383784,0.0,6.3565737218951845,13.07702921221425,False
Brazil.regions.MA:Sambaíba,0.0,1.0,4.5442921637279525,22.17786648924373,False
Brazil.regions.MS:Bodoquena,0.0,1.0,9.479453790831036,22.177866489243733,False
Brazil.regions.MS:Jateí,0.0,1.0,2.6545149361349623,22.177866489243733,False
Brazil.regions.MS:Selvíria,0.0,1.0,6.861585282320776,22.17786648924373,False
Brazil.regions.MT:Alto Garças,0.0,1.0,13.865314535794022,22.17786648924373,False
Brazil.regions.MT:Conquista D'Oeste,0.0,1.0,2.586868528091579,22.177866489243733,False
Brazil.regions.MT:Lambari D'Oeste,0.0,1.0,5.840666685290132,22.177866489243733,False
Brazil.regions.MT:Porto Alegre do Norte,0.0,1.0,14.18873171254005,22.177866489243733,False
Brazil.regions.MT:Vale de São Domingos,1.0,0.0,41.78119970838978,9.801666609573024,False
Brazil.regions.PA:Bannach,5.709271870089052,0.020429544264012573,181.99960977639995,8.538722580649603,False
Brazil.regions.PA:Piçarra,0.0,1.0,14.474299737837832,22.177866489243733,False
Brazil.regions.PA:Vitória do Xingu,18.98789712556732,2.2708018154311644,110.33574010273921,6.9757149078795955,False
Brazil.regions.PI:Currais,0.0,1.0,1.9921579708747394,22.177866489243733,False
Brazil.regions.PI:Dom Inocêncio,0.0,1.0,11.713236937129878,22.17786648924373,False
Brazil.regions.PI:Itaueira,0.0,0.03846153846153846,13.102632801976286,13.451680251486572,False
Brazil.regions.PI:Manoel Emídio,0.0,0.5441676104190261,3.4827832961235257,13.656042043908643,False
Brazil.regions.PI:Morro Cabeça no Tempo,0.0,1.0,0.11255316179448371,22.177866489243733,False
Brazil.regions.PI:Redenção do Gurguéia,0.0,1.0,10.785749833969186,22.177866489243733,False
Brazil.regions.PI:São José do Peixe,0.0,1.0,4.524403203680166,22.177866489243737,False
Brazil.regions.RO:Campo Novo de Rondônia,0.0,0.0,15.10523051781718,15.10523051781718,False
Brazil.regions.RS:Bom Jesus,0.0,1.0,13.366517471709146,22.17786648924373,False
Brazil.regions.TO:Caseara,0.0,1.0,3.5524241349878203,22.17786648924373,False
Brazil.regions.TO:Novo Acordo,0.0,1.0,0.8529948649709134,22.177866489243737,False
United_States_of_America.regions.Arkansas:Scott,0.0,1.0,12.451186205224671,22.177866489243733,False
United_States_of_America.regions.Colorado:Conejos,0.0,1.0,9.990176056580724,22.177866489243737,False
United_States_of_America.regions.Colorado:Crowley,0.5045140732873076,0.0,8.272670860111772,5.678938919535764,False
United_States_of_America.regions.Colorado:San Juan,0.0,1.0,115.18477087339362,22.177866489243737,False
United_States_of_America.regions.Idaho:Camas,0.0,1.0,68.2380467114796,22.177866489243733,False
United_States_of_America.regions.Kansas:Barber,0.0,1.0,0.4107940031890642,22.177866489243733,False
United_States_of_America.regions.Kansas:Gove,0.0,1.0,15.75840058207645,22.177866489243733,False
United_States_of_America.regions.Kansas:Harper,0.0,1.0,3.7819871662120947,22.177866489243737,False
United_States_of_America.regions.Kansas:Ness,0.0,1.0,14.185769874392626,22.17786648924373,False
United_States_of_America.regions.Kansas:Phillips,0.0,1.0,3.0720201002487,22.177866489243733,False
United_States_of_America.regions.Kansas:Stafford,0.0,1.0,1.8837312008428884,22.177866489243733,False
United_States_of_America.regions.Kansas:Wichita,0.0,1.0,25.0142052427053,22.177866489243733,False
United_States_of_America.regions.Michigan:Baraga,0.0,1.0,9.996114753344111,22.177866489243733,False
United_States_of_America.regions.Michigan:Gogebic,2.6907417241989737,0.0,5.830581510206958,15.022231426631928,False
United_States_of_America.regions.Michigan:Luce,0.0,1.0,6.123925246668679,22.177866489243733,False
United_States_of_America.regions.Minnesota:Kittson,0.0,1.0,1.088769155242076,22.17786648924373,False
United_States_of_America.regions.Minnesota:Lac qui Parle,0.0,1.0,7.078968708781707,22.177866489243733,False
United_States_of_America.regions.Nebraska:Box Butte,0.0,1.0,12.904009492118629,22.177866489243733,False
United_States_of_America.regions.Nebraska:Frontier,0.0,1.0,15.888368760090112,22.177866489243733,False
United_States_of_America.regions.Nebraska:Hitchcock,0.0,1.0,14.027781591856918,22.177866489243737,False
United_States_of_America.regions.Nebraska:Knox,0.9941582580987784,1.0,1.8747525068924717,22.177866489243733,False
United_States_of_America.regions.Nebraska:Nuckolls,0.0,1.0,1.9301373680368847,22.177866489243733,False
United_States_of_America.regions.Nebraska:Thomas,0.0,1.0,116.32628863541001,22.177866489243737,False
United_States_of_America.regions.North Carolina:Hyde,0.0,1.0,1.9226507711963343,22.177866489243733,False
United_States_of_America.regions.North Dakota:Bowman,0.0,1.0,10.890916579539338,22.177866489243733,False
United_States_of_America.regions.North Dakota:Divide,0.0,1.0,21.991744818176763,22.177866489243733,False
United_States_of_America.regions.North Dakota:Eddy,0.0,1.0,21.54753797074752,22.177866489243733,False
United_States_of_America.regions.North Dakota:Foster,0.0,1.0,8.974781485834152,22.177866489243733,False
United_States_of_America.regions.North Dakota:McIntosh,0.0,1.0,17.870191179959313,22.177866489243733,False
United_States_of_America.regions.North Dakota:Nelson,0.0,1.0,12.556416247817744,22.177866489243737,False
United_States_of_America.regions.North Dakota:Oliver,0.0,1.0,28.868585782323393,22.177866489243733,False
United_States_of_America.regions.North Dakota:Renville,0.0,1.0,20.795919501302038,22.17786648924373,False
United_States_of_America.regions.North Dakota:Steele,0.0,1.0,30.732186420809178,22.177866489243733,False
United_States_of_America.regions.Oklahoma:Alfalfa,0.0,1.0,4.640160421197436,22.177866489243733,False
United_States_of_America.regions.Oklahoma:Harper,0.0,1.0,4.937100972795314,22.17786648924373,False
United_States_of_America.regions.Oklahoma:Pushmataha,0.0,1.0,13.165609820173799,22.17786648924373,False
United_States_of_America.regions.Oklahoma:Washita,0.0,1.0,13.017001703607969,22.177866489243733,False
United_States_of_America.regions.Oregon:Sherman,0.0,1.0,34.001908791655154,22.177866489243733,False
United_States_of_America.regions.South Dakota:Aurora,0.0,1.0,14.172551540563612,22.177866489243733,False
United_States_of_America.regions.South Dakota:Clark,0.0,1.0,4.588728799835497,22.177866489243733,False
United_States_of_America.regions.South Dakota:Deuel,0.0,1.0,0.8053557585154004,22.177866489243733,False
United_States_of_America.regions.South Dakota:Douglas,0.0,1.0,12.056984589154077,22.17786648924373,False
United_States_of_America.regions.South Dakota:Faulk,0.0,1.0,21.31930619453182,22.177866489243733,False
United_States_of_America.regions.South Dakota:Hyde,0.0,1.0,54.68608431782776,22.177866489243733,False
United_States_of_America.regions.South Dakota:Marshall,0.0,1.0,1.9144419705000681,22.177866489243733,False
United_States_of_America.regions.South Dakota:McPherson,0.0,1.0,19.85660177473273,22.177866489243733,False
United_States_of_America.regions.South Dakota:Miner,0.0,1.0,22.948487301369987,22.177866489243733,False
United_States_of_America.regions.South Dakota:Sully,0.0,1.0,49.71285960708985,22.177866489243733,False
United_States_of_America.regions.South Dakota:Todd,0.0,1.0,12.351788077138005,22.177866489243733,False
United_States_of_America.regions.Texas:Archer,0.0,1.0,10.486062443879534,22.17786648924373,False
United_States_of_America.regions.Texas:Briscoe,0.0,1.0,42.505186550859776,22.177866489243733,False
United_States_of_America.regions.Texas:Brooks,0.0,1.0,8.079459609221175,22.177866489243737,False
United_States_of_America.regions.Texas:Cochran,0.0,1.0,12.872957205113089,22.177866489243737,False
United_States_of_America.regions.Texas:Coke,0.0,1.0,7.3467865960825165,22.177866489243733,False
United_States_of_America.regions.Texas:Concho,0.0,1.0,14.50591927744739,22.177866489243733,False
United_States_of_America.regions.Texas:Crosby,0.7222517259691981,0.07063197026022305,10.479236338450725,5.97831916939404,False
United_States_of_America.regions.Texas:Dimmit,0.0,1.0,12.300347721958076,22.177866489243733,False
United_States_of_America.regions.Texas:Glasscock,0.0,1.0,48.79445430564627,22.177866489243737,False
United_States_of_America.regions.Texas:Hemphill,0.0,1.0,4.0069986587007556,22.177866489243733,False
United_States_of_America.regions.Texas:Kimble,0.0,1.0,0.8795464690223511,22.177866489243733,False
United_States_of_America.regions.Texas:Knox,0.0,1.0,5.11470992997024,22.177866489243733,False
United_States_of_America.regions.Texas:Mills,0.0,1.0,1.6566270063789688,22.177866489243733,False
United_States_of_America.regions.Texas:Mitchell,0.0,1.0,10.475116342959359,22.177866489243733,False
United_States_of_America.regions.Texas:Motley,0.0,1.0,61.15546684408961,22.177866489243733,False
United_States_of_America.regions.Texas:Ochiltree,30.58154020385051,0.40656851642129105,299.08010045772926,8.027338026301997,False
United_States_of_America.regions.Texas:San Saba,0.0,1.0,5.6625898583601675,22.177866489243733,False
United_States_of_America.regions.Texas:Shackelford,0.0,1.0,8.450004873696544,22.177866489243737,False
United_States_of_America.regions.Texas:Stephens,0.0,1.0,11.500949982730816,22.177866489243733,False
United_States_of_America.regions.Utah:Piute,0.0,1.0,45.43538570818697,22.177866489243737,False
United_States_of_America.regions.Washington:Columbia,0.0,1.0,2.9162363965780966,22.177866489243733,False
United_States_of_America.regions.Wisconsin:Iron,0.7806691449814127,0.0,11.148524002519476,4.593903063887659,False
United_States_of_America.regions.Wisconsin:Price,0.0,1.0,14.687790839479671,22.177866489243733,False
Brazil.regions.AL:Porto Real do Colégio,0.0,1.0,17.194312218337725,22.177866489243733,False
Brazil.regions.BA:Acajutiba,0.0,1.0,15.581125279401396,22.177866489243737,False
Brazil.regions.BA:Cabaceiras do Paraguaçu,0.0,1.0,16.860697350093417,22.177866489243733,False
Brazil.regions.BA:Cachoeira,0.0,1.0,19.19011626516247,22.177866489243733,False
Brazil.regions.MG:Andradas,0.0,1.0,19.743414119304354,22.177866489243733,False
Brazil.regions.MG:Fronteira,0.0,1.0,16.653920182001837,22.177866489243733,False
Brazil.regions.MG:Três Pontas,8.86267870579383,0.0,4.8855064945007465,20.415627741138138,False
Brazil.regions.PE:Calçado,0.0,1.0,13.1305490188737,22.177866489243733,False
Brazil.regions.RJ:Miguel Pereira,1.2657107452646488,0.0,13.30594721105183,18.26213307237476,False
Brazil.regions.RN:Lagoa Nova,0.0,1.0,15.773357715066714,22.17786648924373,False
Brazil.regions.RN:Tenente Laurentino Cruz,0.0,1.0,5.376791220426529,22.177866489243733,False
Brazil.regions.RS:Guaporé,0.0,1.0,18.290899489593556,22.177866489243733,False
Brazil.regions.RS:Tupandi,0.0,1.0,1.580544141148984,22.177866489243733,False
Brazil.regions.RS:Vera Cruz,0.0,1.0,18.455274075887072,22.177866489243733,False
Brazil.regions.SP:Roseira,0.0,1.0,12.842541619938283,22.177866489243733,False
Brazil.regions.SP:Viradouro,0.0,0.0,16.88630124424426,16.88630124424426,False
United_States_of_America.regions.Oregon:Lane,28.403080191184277,0.0,14.48207486338118,21.91613229079163,False
Brazil.regions.BA:Governador Mangabeira,0.0,1.0,17.35207747273953,22.177866489243733,False
Brazil.regions.PB:Borborema,0.0,1.0,3.1772964721432184,22.177866489243737,False
Brazil.regions.RJ:Arraial do Cabo,3.165161975570898,0.0,9.875092410302651,18.88286500649307,False
Brazil.regions.BA:Caetité,0.0,1.0,20.216120535344764,22.177866489243733,False
Brazil.regions.BA:Capela do Alto Alegre,0.0,1.0,13.58458643424674,22.177866489243737,False
Brazil.regions.BA:Caém,1.0,1.0,0.4694110458485312,22.17786648924373,False
Brazil.regions.BA:Jussari,0.0,1.0,5.034029698569981,22.17786648924373,False
Brazil.regions.BA:Medeiros Neto,0.0,1.0,17.770250128171806,22.177866489243733,False
Brazil.regions.BA:Miguel Calmon,0.0,0.6666666666666666,18.33511200282787,20.89694832710511,False
Brazil.regions.BA:Mundo Novo,0.0,0.0,18.44317870914215,18.44317870914215,False
Brazil.regions.BA:Santa Maria da Vitória,0.0,1.0,19.668141304151504,22.177866489243733,False
Brazil.regions.BA:Urandi,0.0,1.0,16.174744865999646,22.17786648924373,False
Brazil.regions.CE:Cariús,0.30961232076473716,0.0,15.174217519968705,16.829986923491557,False
Brazil.regions.CE:Salitre,0.0,0.0,16.13703043753418,16.13703043753418,False
Brazil.regions.CE:Tarrafas,1.0,1.0,1.0996009223018888,22.177866489243733,False
Brazil.regions.ES:Presidente Kennedy,29.99468932554435,0.638874137015401,246.09246957014724,8.320741159987884,False
Brazil.regions.GO:Aloândia,0.0,1.0,27.947446793964293,22.177866489243733,False
Brazil.regions.GO:Joviânia,0.047619047619047616,0.0,8.462292801155346,8.640571240834364,False
Brazil.regions.GO:Nova Glória,0.0,1.0,9.928968890027665,22.177866489243733,False
Brazil.regions.MA:Afonso Cunha,0.0,1.0,6.84984686937862,22.177866489243733,False
Brazil.regions.MA:Carutapera,12.733528550512446,2.5885797950219622,35.902632330263344,7.202633433719935,False
Brazil.regions.MA:Governador Eugênio Barros,0.0,1.0,16.235389664903348,22.177866489243733,False
Brazil.regions.MA:Matões do Norte,0.0,1.0,16.205934569267622,22.177866489243733,False
Brazil.regions.MG:Caldas,1.8910741301059,1.0,2.211884927738897,22.17786648924373,False
Brazil.regions.MG:Capitólio,0.0,0.6760488582049922,10.593065747816487,18.42495706159072,False
Brazil.regions.MG:Espinosa,0.0,0.07063197026022305,19.01501106336525,19.238409773743285,False
Brazil.regions.MG:Icaraí de Minas,0.0,1.0,13.837582919602369,22.177866489243737,False
Brazil.regions.MG:Ladainha,0.0,1.0,16.656360222334122,22.177866489243733,False
Brazil.regions.MG:Piedade dos Gerais,0.0,1.0,2.105606352752364,22.177866489243737,False
Brazil.regions.MG:Santo Antônio do Aventureiro,0.0,1.0,5.58448775839647,22.177866489243733,False
Brazil.regions.MS:Glória de Dourados,0.0,1.0,12.142743558987837,22.177866489243733,False
Brazil.regions.MS:Itaporã,0.0,1.0,18.151939519558965,22.17786648924373,False
Brazil.regions.MS:Vicentina,0.5833333333333334,0.0,8.594741032520341,5.789797003829116,False
Brazil.regions.PB:Aguiar,0.0,1.0,4.447370035343024,22.177866489243733,False
Brazil.regions.PB:Serra Branca,0.0,1.0,14.878063583922177,22.177866489243733,False
Brazil.regions.PE:Inajá,0.0,1.0,17.876236171353252,22.17786648924373,False
Brazil.regions.PI:Boa Hora,0.0,1.0,7.430779039015153,22.177866489243733,False
Brazil.regions.PI:Bonfim do Piauí,0.0,1.0,4.541182185892763,22.177866489243733,False
Brazil.regions.PI:Cabeceiras do Piauí,0.0,1.0,12.731427796630848,22.177866489243733,False
Brazil.regions.PI:Capitão de Campos,0.0,1.0,13.418998135035096,22.177866489243733,False
Brazil.regions.PI:Ipiranga do Piauí,0.0,1.0,11.985225575983106,22.177866489243733,False
Brazil.regions.PI:São José do Divino,1.7525225703664367,0.0,30.168962811731802,3.4722922281139184,False
Brazil.regions.PI:Várzea Grande,0.012232415902140673,1.0,0.8745683980744324,22.177866489243733,False
Brazil.regions.PR:Campina da Lagoa,0.0,0.0,15.136604695130229,15.136604695130229,False
Brazil.regions.PR:Chopinzinho,0.0,1.0,16.98414051022639,22.177866489243733,False
Brazil.regions.PR:Iretama,0.0,0.192777482740308,12.344057855159754,14.23979472938837,False
Brazil.regions.PR:Santana do Itararé,0.0,1.0,2.145815207192452,22.177866489243733,False
Brazil.regions.PR:São João do Caiuá,23.607541157727034,0.10426624181271023,398.10464687927947,6.879254052227682,False
Brazil.regions.RJ:Trajano de Moraes,0.0,1.0,12.766987513147367,22.177866489243733,False
Brazil.regions.RN:Jucurutu,0.0,1.0,16.71189217932299,22.177866489243733,False
Brazil.regions.RN:Lajes,0.0,1.0,13.310259856273973,22.177866489243733,False
Brazil.regions.RN:Ouro Branco,0.0,1.0,1.3964866056194614,22.177866489243733,False
Brazil.regions.RN:Serra do Mel,0.0,1.0,13.801253991337886,22.17786648924373,False
Brazil.regions.RN:São Rafael,6.203746002740978,0.0,66.23517955502136,9.985718232720933,False
Brazil.regions.RS:Alecrim,0.0,1.0,5.3711438001681024,22.17786648924373,False
Brazil.regions.RS:Barra do Ribeiro,0.0,1.0,14.765517515854066,22.177866489243733,False
Brazil.regions.RS:Caibaté,0.0,1.0,1.5422907566807922,22.17786648924373,False
Brazil.regions.RS:Camargo,0.0,1.0,14.411961538564533,22.17786648924373,False
Brazil.regions.RS:Ciríaco,0.0,1.0,1.1119301083716024,22.177866489243737,False
Brazil.regions.RS:Doutor Maurício Cardoso,0.0,0.14118412491867274,0.19501311487573858,3.298643031751376,False
Brazil.regions.RS:General Câmara,1.0,1.0,1.674250386128957,22.177866489243733,False
Brazil.regions.RS:Montauri,0.0,1.0,46.64525808061173,22.17786648924373,False
Brazil.regions.RS:Muliterno,0.0,1.0,30.648335306847127,22.177866489243733,False
Brazil.regions.RS:Santiago,0.0,1.0,20.154598912106657,22.177866489243733,False
Brazil.regions.SC:Campo Erê,0.0,1.0,10.449037026424124,22.177866489243733,False
Brazil.regions.SC:Petrolândia,0.0,1.0,5.334342824092982,22.17786648924373,False
Brazil.regions.SC:Timbé do Sul,0.0,1.0,3.4792875812407438,22.177866489243733,False
Brazil.regions.SC:Vidal Ramos,0.0,1.0,6.400018587697504,22.177866489243733,False
Brazil.regions.SE:Gararu,0.890909090909091,0.0,5.88254512670417,13.56014846097762,False
Brazil.regions.SP:Arealva,0.0,1.0,10.495623498589527,22.177866489243737,False
Brazil.regions.SP:Caiabu,0.0,0.0,1.6827872926698895,1.6827872926698895,False
Brazil.regions.SP:Getulina,0.0,1.0,13.412856409482142,22.177866489243733,False
Brazil.regions.SP:Guaraci,0.0,1.0,13.239718473512593,22.177866489243733,False
Brazil.regions.SP:Gália,0.0,1.0,6.906027759860716,22.17786648924373,False
Brazil.regions.SP:Itaóca,0.0,1.0,7.870210433833191,22.177866489243733,False
Brazil.regions.SP:Meridiano,0.0,1.0,3.8909552000159136,22.177866489243733,False
Brazil.regions.SP:Murutinga do Sul,0.0,1.0,0.11370729586549544,22.17786648924373,False
Brazil.regions.SP:Palestina,0.0,1.0,14.460030570435368,22.177866489243733,False
Brazil.regions.SP:Riolândia,0.0,1.0,14.189369924297257,22.177866489243733,False
Brazil.regions.SP:Sagres,0.0,1.0,18.940554563387842,22.177866489243733,False
Brazil.regions.SP:São João das Duas Pontes,0.9642857142857143,0.0,54.31301023527786,16.76294347960362,False
Brazil.regions.SP:São João do Pau d'Alho,0.0,1.0,25.32807175303655,22.177866489243733,False
Brazil.regions.SP:São Luiz do Paraitinga,0.0,0.0,12.820703581037503,12.820703581037503,False
United_States_of_America.regions.Indiana:Orange,28.208532483625422,2.828642237564171,128.06321765269786,7.950290114079196,False
United_States_of_America.regions.Michigan:Alpena,69.51672862453532,4.47495131881749,228.45063133528254,8.319040335736487,False
United_States_of_America.regions.Missouri:Polk,0.0,1.0,19.067349832427034,22.177866489243733,False
United_States_of_America.regions.South Dakota:Davison,1.5045140732873077,0.0,9.512814285515253,17.12097647660151,False
United_States_of_America.regions.Virginia:Giles,2.8936094884050276,1.0,2.18473914058679,22.177866489243733,False
Brazil.regions.PB:Montadas,0.0,1.0,4.538071110870121,22.177866489243733,False
Brazil.regions.AL:Cacimbinhas,1.9213313161875942,0.0,12.130194492612427,12.968067262866866,False
Brazil.regions.AL:Senador Rui Palmeira,0.0,1.0,14.968061153987785,22.177866489243733,False
Brazil.regions.BA:Ipecaetá,0.0,1.0,15.275126101309723,22.17786648924373,False
Brazil.regions.BA:Santanópolis,0.8695652173913044,1.0,1.5959860749665078,22.177866489243733,False
Brazil.regions.BA:Serrolândia,0.0,1.0,14.713508797223131,22.177866489243733,False
Brazil.regions.BA:Uruçuca,17.9316693220039,2.1205523101433883,70.73340474123383,7.209592888251269,False
Brazil.regions.CE:Farias Brito,0.11506461320587716,0.0,16.444886472761077,17.036478314436536,False
Brazil.regions.MG:Alterosa,0.0,1.0,15.26510553251762,22.177866489243733,False
Brazil.regions.MG:Bom Despacho,0.0,1.0,20.201777170006505,22.177866489243733,False
Brazil.regions.MG:Capelinha,0.0,1.0,19.531243580075827,22.17786648924373,False
Brazil.regions.MG:Guarará,0.0,1.0,4.165653004960692,22.177866489243733,False
Brazil.regions.MG:Maripá de Minas,0.0,1.0,11.458191364775779,22.17786648924373,False
Brazil.regions.MG:Porto Firme,0.0,1.0,13.311832266351635,22.17786648924373,False
Brazil.regions.MG:Pratápolis,0.0,1.0,10.554014344643013,22.177866489243733,False
Brazil.regions.PB:Caturité,0.0,1.0,1.5678087810821495,22.177866489243733,False
Brazil.regions.PB:Jericó,0.0,1.0,9.256300395433165,22.177866489243733,False
Brazil.regions.PB:Junco do Seridó,1.7914675163745797,0.005841741901221456,18.571904584266484,8.273555187162914,False
Brazil.regions.PE:Ibirajuba,0.0,1.0,9.29458898344626,22.177866489243737,False
Brazil.regions.PR:Lupionópolis,0.0,1.0,1.852663237211214,22.177866489243733,False
Brazil.regions.PR:Santa Fé,5.78739599929191,0.0,34.776237980550086,13.870148619342595,False
Brazil.regions.RS:Arvorezinha,0.0,1.0,12.584620134677348,22.177866489243733,False
Brazil.regions.RS:Camaquã,0.0,1.0,20.668683108371127,22.177866489243733,False
Brazil.regions.RS:Santo Cristo,0.0,1.0,15.163768151585039,22.177866489243733,False
Brazil.regions.SC:Agronômica,0.0,0.0,3.8225067241923405,3.8225067241923405,False
Brazil.regions.SC:Coronel Freitas,0.0,1.0,12.158830320523165,22.177866489243733,False
Brazil.regions.SC:São Pedro de Alcântara,0.0,1.0,5.004588110401213,22.177866489243733,False
Brazil.regions.SE:Pinhão,0.0,1.0,6.971053837175606,22.177866489243733,False
Brazil.regions.SP:Avanhandava,0.0,1.0,14.851322420081157,22.177866489243733,False
Brazil.regions.SP:Boracéia,0.0,1.0,1.4438834911097906,22.177866489243733,False
Brazil.regions.SP:Caconde,0.0,1.0,16.910550186899776,22.177866489243733,False
Brazil.regions.SP:Elisiário,0.0,1.0,5.211889741925809,22.177866489243733,False
Brazil.regions.SP:Ipeúna,0.0,1.0,8.925812420863135,22.177866489243733,False
Brazil.regions.SP:Ipiguá,0.1664145234493192,0.15279878971255673,5.509402550904958,6.465677871153168,False
Brazil.regions.SP:Itirapuã,0.0,1.0,6.790883876534085,22.177866489243733,False
Brazil.regions.SP:Lavrinhas,0.9767836919592299,0.0,5.440767665417509,8.403761806048143,False
Brazil.regions.SP:Manduri,1.0,1.0,1.8650491014720494,22.177866489243733,False
Brazil.regions.SP:Pacaembu,1.0358056265984654,0.0,13.527645687580822,15.134124853686924,False
Brazil.regions.SP:Palmital,0.0,1.0,17.677618975630487,22.177866489243737,False
Brazil.regions.SP:São Bento do Sapucaí,0.0,1.0,12.985000153520254,22.17786648924373,False
Brazil.regions.SP:Urupês,1.9047619047619049,1.0,1.1425858406674083,22.177866489243733,False
United_States_of_America.regions.Indiana:Lawrence,63.66843689148523,6.285891308196142,121.64755626650023,6.430395985219721,False
United_States_of_America.regions.Mississippi:Lauderdale,181.53584705257572,11.083200566471943,224.48702398286235,8.005263217489018,False
United_States_of_America.regions.North Carolina:Stokes,9.155779784032571,1.0,1.8762306189575917,22.177866489243733,False
Brazil.regions.BA:Cansanção,0.0,1.0,19.30710803486009,22.177866489243733,False
Brazil.regions.BA:Itiúba,0.0,0.0,19.40693905983311,19.40693905983311,False
Brazil.regions.BA:Piripá,0.0,1.0,12.838182170573704,22.177866489243733,False
Brazil.regions.BA:Piritiba,0.0,1.0,18.13827852721586,22.17786648924373,False
Brazil.regions.BA:Serra Preta,0.0,1.0,15.456532976674842,22.177866489243737,False
Brazil.regions.BA:Tucano,0.0,1.0,20.2049740316116,22.177866489243737,False
Brazil.regions.BA:Água Fria,0.26813880126182965,0.0,14.705039139439199,16.28511457409936,False
Brazil.regions.CE:Assaré,0.0,1.0,17.907464644430135,22.177866489243737,False
Brazil.regions.CE:Moraújo,11.132075471698114,0.0,118.37955431209662,10.715234668977802,False
Brazil.regions.ES:Águia Branca,1.9523809523809523,0.7619047619047619,10.250042481783108,4.892379384217114,False
Brazil.regions.GO:Anhanguera,0.0,1.0,64.85433542546473,22.177866489243733,False
Brazil.regions.GO:Anicuns,0.0,1.0,17.60120745034213,22.177866489243733,False
Brazil.regions.GO:Caturaí,0.0,1.0,2.454000611531704,22.177866489243737,False
Brazil.regions.GO:Hidrolândia,0.0,1.0,17.570845389087093,22.177866489243733,False
Brazil.regions.MA:Cajapió,0.0,1.0,13.230921870830922,22.177866489243733,False
Brazil.regions.MA:Governador Archer,0.0,1.0,12.952774238321222,22.177866489243733,False
Brazil.regions.MA:Icatu,0.0,0.7787218976810055,18.489598868545176,21.361733629290963,False
Brazil.regions.MA:São José dos Basílios,0.0,1.0,9.09057425000803,22.17786648924373,False
Brazil.regions.MA:Tufilândia,0.0,1.0,5.054578818010857,22.17786648924373,False
Brazil.regions.MG:Alto Rio Doce,0.0,1.0,13.086957398334645,22.177866489243737,False
Brazil.regions.MG:Belo Vale,0.0,0.0073612684031710085,9.216103689502967,9.311518704450096,False
Brazil.regions.MG:Bonfim,0.0,0.024606124977872193,7.617586931876231,7.975858990377573,False
Brazil.regions.MG:Campos Altos,0.0,1.0,15.709979547907471,22.177866489243733,False
Brazil.regions.MG:Carmo da Cachoeira,0.0,1.0,13.960939619892873,22.177866489243733,False
Brazil.regions.MG:Catas Altas,0.0,1.0,3.576676013053259,22.177866489243733,False
Brazil.regions.MG:Chácara,0.0,1.0,9.527903960978207,22.17786648924373,False
Brazil.regions.MG:Diogo de Vasconcelos,0.0,1.0,4.124079854785723,22.17786648924373,False
Brazil.regions.MG:Guimarânia,0.0,1.0,9.738508360123198,22.177866489243733,False
Brazil.regions.MG:Jeceaba,0.0,1.0,1.819560300318653,22.177866489243733,False
Brazil.regions.MG:Mamonas,0.0,1.0,6.894357395555824,22.177866489243733,False
Brazil.regions.MG:Nazareno,0.0,1.0,10.560766117496522,22.17786648924373,False
Brazil.regions.MG:São Domingos do Prata,0.0,1.0,16.41716598806279,22.177866489243733,False
Brazil.regions.MG:São José da Barra,0.0,1.0,8.711666650838131,22.177866489243733,False
Brazil.regions.MG:São João da Mata,0.0,1.0,14.198997825052373,22.177866489243737,False
Brazil.regions.MG:São Tomás de Aquino,0.9753938750221278,0.005841741901221456,6.348132848116628,8.018085003717761,False
Brazil.regions.MG:Varzelândia,0.0,0.012417384338073304,17.00188305239073,17.06615522805364,False
Brazil.regions.PB:Ibiara,0.0,1.0,5.311615856759335,22.177866489243733,False
Brazil.regions.PB:Juru,0.0,1.0,12.043073745755338,22.177866489243733,False
Brazil.regions.PB:Passagem,0.0,1.0,19.16152995556817,22.177866489243733,False
Brazil.regions.PB:Taperoá,10.210656753407683,0.0,59.53528586885248,15.674224449701592,False
Brazil.regions.PE:Flores,0.0,1.0,17.75778162361431,22.17786648924373,False
Brazil.regions.PI:Pedro II,7.652713799319048,0.0,10.520385269212188,19.596688439581868,False
Brazil.regions.PR:Faxinal,0.0,1.0,16.381101084339672,22.177866489243733,False
Brazil.regions.PR:Itaúna do Sul,0.0,1.0,12.726147472361852,22.177866489243733,False
Brazil.regions.PR:Ivaí,0.0,1.0,14.972736436646285,22.177866489243737,False
Brazil.regions.PR:Jaguariaíva,0.0,1.0,19.309002272587108,22.17786648924373,False
Brazil.regions.PR:Kaloré,0.0,1.0,2.2123774131952914,22.177866489243733,False
Brazil.regions.PR:Manoel Ribas,0.0,0.05647017171180741,14.771556312973553,15.189791920378438,False
Brazil.regions.PR:Marilândia do Sul,0.0,1.0,10.86052832717945,22.177866489243737,False
Brazil.regions.PR:Nova Aurora,0.0,1.0,12.628592234087128,22.17786648924373,False
Brazil.regions.PR:Salto do Itararé,0.0,1.0,1.914441970500068,22.177866489243733,False
Brazil.regions.PR:São Manoel do Paraná,0.0,1.0,24.118429807052568,22.177866489243733,False
Brazil.regions.PR:Vitorino,0.0,1.0,7.553707378392609,22.177866489243733,False
Brazil.regions.RJ:São Sebastião do Alto,0.9229898074745186,1.0,1.62651661776229,22.177866489243733,False
Brazil.regions.RN:Carnaubais,0.0,1.0,12.883322386631967,22.177866489243733,False
Brazil.regions.RN:Parazinho,0.0,1.0,3.08296482798729,22.177866489243733,False
Brazil.regions.RS:Ajuricaba,0.0,1.0,7.940964439129838,22.177866489243733,False
Brazil.regions.RS:Glorinha,0.0,1.0,9.82913840823608,22.177866489243733,False
Brazil.regions.RS:Nova Palma,0.0,1.0,6.821601132978378,22.177866489243733,False
Brazil.regions.RS:Paraíso do Sul,0.0,1.0,9.038988549419797,22.177866489243733,False
Brazil.regions.RS:Ronda Alta,0.0,1.0,12.744794137578799,22.17786648924373,False
Brazil.regions.RS:Santa Tereza,1.8215767634854771,0.0,141.01338645959817,35.65903345291936,False
Brazil.regions.RS:São Valentim do Sul,0.0,1.0,22.42516651700069,22.177866489243737,False
Brazil.regions.RS:São Valério do Sul,0.0,1.0,14.492467210792936,22.177866489243733,False
Brazil.regions.RS:Áurea,0.0,1.0,5.959443583913274,22.177866489243733,False
Brazil.regions.SC:Campo Alegre,0.0,1.0,13.829227317428739,22.177866489243733,False
Brazil.regions.SC:Campos Novos,0.0,1.0,19.418789124714433,22.17786648924373,False
Brazil.regions.SC:Ibicaré,0.0,1.0,9.052614460162886,22.177866489243737,False
Brazil.regions.SC:Irati,0.0,1.0,29.635605013346943,22.177866489243733,False
Brazil.regions.SC:Pedras Grandes,1.899451230306249,0.0,50.745957210611635,2.973038943351842,False
Brazil.regions.SC:Treviso,0.0,1.0,3.273902408694674,22.17786648924373,False
Brazil.regions.SP:Angatuba,1.3355906696764483,0.0,12.91993613536531,18.21401679842401,False
Brazil.regions.SP:Guarani d'Oeste,0.0,1.0,27.82213351075627,22.17786648924373,False
Brazil.regions.SP:Guzolândia,0.0,1.0,3.1917263715296644,22.17786648924373,False
Brazil.regions.SP:Itaí,0.0,1.0,18.49123054454327,22.17786648924373,False
Brazil.regions.SP:Luís Antônio,0.0,1.0,15.487560742271095,22.17786648924373,False
Brazil.regions.SP:Monções,0.0,1.0,22.08950845542205,22.177866489243733,False
Brazil.regions.SP:Nova Campina,0.0,1.0,11.926713234502573,22.17786648924373,False
Brazil.regions.SP:Nuporanga,0.0,1.0,8.72253817923297,22.17786648924373,False
Brazil.regions.SP:Parisi,0.0,1.0,24.097006254856222,22.177866489243733,False
Brazil.regions.SP:Pedrinhas Paulista,2.251964379256155,0.0,82.96162200917706,10.15320366917851,False
Brazil.regions.SP:Ribeirão Grande,0.0,1.0,9.145154381854185,22.177866489243733,False
Brazil.regions.SP:Rosana,3.0,1.0,1.8562619731728986,22.177866489243733,False
Brazil.regions.SP:Sales,0.0,1.0,6.382573486558535,22.177866489243733,False
Brazil.regions.SP:Santo Antônio da Alegria,0.0,0.0,7.745769505552004,7.745769505552004,False
United_States_of_America.regions.Kentucky:Harlan,0.0,1.0,18.333191364291793,22.177866489243737,False
United_States_of_America.regions.Michigan:Benzie,3.1042136945071483,1.0,1.1188196773704124,22.17786648924373,False
Brazil.regions.RS:Xangri-lá,0.0,1.0,16.083278483392935,22.177866489243733,False
Brazil.regions.SP:Santa Gertrudes,0.0,1.0,18.460117957754402,22.177866489243733,False
Brazil.regions.SC:Bombinhas,0.0,1.0,17.119441682728482,22.177866489243733,False
Brazil.regions.SP:Potim,0.0,1.0,18.119918999084256,22.177866489243733,False
Brazil.regions.AL:Ibateguara,0.0,0.0,15.774177964653571,15.774177964653571,False
Brazil.regions.AL:Novo Lino,0.0,0.3175355450236967,14.297645843065641,16.799896000856787,False
Brazil.regions.BA:Conceição do Almeida,0.0,1.0,16.379756673043815,22.17786648924373,False
Brazil.regions.CE:Fortim,0.0,1.0,16.10990532419519,22.177866489243733,False
Brazil.regions.MG:Congonhal,0.0,1.0,13.809665652423648,22.177866489243737,False
Brazil.regions.MG:Engenheiro Caldas,0.0,1.0,13.196368375358338,22.177866489243733,False
Brazil.regions.MG:Nova Porteirinha,0.0,1.0,8.844533155910398,22.17786648924373,False
Brazil.regions.MG:Ouro Preto,0.0,0.0,20.831627208674004,20.831627208674004,False
Brazil.regions.PB:Curral de Cima,0.0,1.0,3.0464335449162014,22.177866489243733,False
Brazil.regions.PB:Mogeiro,0.0,0.0,14.650013432935388,14.650013432935388,False
Brazil.regions.PB:Vista Serrana,0.0,1.0,4.151780693484017,22.177866489243733,False
Brazil.regions.PR:Contenda,0.0,1.0,16.79689360934705,22.177866489243733,False
Brazil.regions.PR:Figueira,0.0,1.0,9.307853619230864,22.17786648924373,False
Brazil.regions.PR:Irati,0.0,1.0,20.531152506995312,22.17786648924373,False
Brazil.regions.RN:Januário Cicco,0.0,1.0,12.355648632451672,22.177866489243733,False
Brazil.regions.RN:Luís Gomes,0.0,1.0,12.292536319216055,22.177866489243733,False
Brazil.regions.RN:Serra de São Bento,0.0,1.0,4.822781449327039,22.177866489243737,False
Brazil.regions.SC:Itapiranga,0.0,1.0,16.250886878053596,22.177866489243733,False
Brazil.regions.SC:Mondaí,0.0,1.0,13.661429766368585,22.17786648924373,False
Brazil.regions.SE:Brejo Grande,0.0,1.0,10.142723872803728,22.177866489243733,False
Brazil.regions.SP:Bálsamo,0.0,1.0,11.150076458365922,22.177866489243733,False
Brazil.regions.SP:Guará,0.0,0.0,17.46533114522865,17.46533114522865,False
Brazil.regions.SP:Mineiros do Tietê,5.413170472650027,0.0,27.8347366718665,14.43073292866115,False
Brazil.regions.BA:Encruzilhada,0.0,1.0,16.297588940143417,22.17786648924373,False
Brazil.regions.BA:Guaratinga,0.0,1.0,17.380092656302217,22.177866489243737,False
Brazil.regions.BA:Ibitiara,0.0,1.0,16.057540887921743,22.177866489243733,False
Brazil.regions.BA:Jussiape,0.0,1.0,6.012331410032611,22.177866489243733,False
Brazil.regions.BA:Piatã,0.0,1.0,16.337768375595424,22.17786648924373,False
Brazil.regions.BA:Presidente Jânio Quadros,0.0,1.0,14.072825153532921,22.177866489243733,False
Brazil.regions.BA:Várzea Nova,0.0,1.0,14.30199029801746,22.17786648924373,False
Brazil.regions.GO:Corumbá de Goiás,0.0,1.0,13.176966399234733,22.177866489243737,False
Brazil.regions.GO:Edéia,0.0,1.0,14.095098949638173,22.177866489243737,False
Brazil.regions.GO:Goiandira,1.3524517613736946,0.0,21.49607712896961,4.320723632100877,False
Brazil.regions.GO:Palminópolis,0.0,0.19437340153452684,5.716136300156545,8.915858792153033,False
Brazil.regions.GO:Paranaiguara,0.0,1.0,12.234543430677563,22.177866489243733,False
Brazil.regions.GO:Pirenópolis,0.0,1.0,18.16309211956331,22.177866489243733,False
Brazil.regions.GO:Silvânia,0.0,1.0,17.345781444546947,22.177866489243733,False
Brazil.regions.MA:Barão de Grajaú,0.0,1.0,16.864370208691128,22.177866489243733,False
Brazil.regions.MA:Brejo de Areia,0.0,1.0,11.294105061294234,22.17786648924373,False
Brazil.regions.MA:Cachoeira Grande,3.1368383784740663,0.8690033634271552,25.623446176235372,7.612131581001573,False
Brazil.regions.MG:Belmiro Braga,1.4020180562931492,0.005841741901221456,47.872237223009094,7.0739067002314355,False
Brazil.regions.MG:Cascalho Rico,0.0,1.0,10.342458714008302,22.177866489243733,False
Brazil.regions.MG:Comercinho,0.0,1.0,7.745769505552005,22.177866489243733,False
Brazil.regions.MG:Couto de Magalhães de Minas,0.0,1.0,0.49787047220751646,22.177866489243733,False
Brazil.regions.MG:Estrela do Sul,0.0,1.0,9.643396697315932,22.177866489243733,False
Brazil.regions.MG:Ibiaí,0.0,1.0,10.266014196212168,22.177866489243733,False
Brazil.regions.MG:Ipiaçu,0.0,0.03454133635334089,1.5132019779441384,2.2269871054578845,False
Brazil.regions.MG:Senhora do Porto,0.0,1.0,6.207032744363985,22.177866489243733,False
Brazil.regions.MG:Serra do Salitre,0.0,1.0,13.54377911227948,22.177866489243733,False
Brazil.regions.MG:Varjão de Minas,0.0,1.0,7.965245681966872,22.177866489243733,False
Brazil.regions.MS:Paranhos,0.0,1.0,15.149471774596558,22.17786648924373,False
Brazil.regions.PA:Santa Cruz do Arari,9.61111111111111,0.7329059829059829,82.74993470479274,6.375858684866261,False
Brazil.regions.PB:Barra de São Miguel,0.0,1.0,5.6106034011058945,22.177866489243737,False
Brazil.regions.PB:Catingueira,0.008647798742138365,1.0,2.0445586559261946,22.177866489243733,False
Brazil.regions.PB:Olho d'Água,0.0,1.0,6.854544393013271,22.177866489243733,False
Brazil.regions.PB:São José dos Cordeiros,0.0,1.0,5.385529321120103,22.177866489243733,False
Brazil.regions.PI:Avelino Lopes,0.0,1.0,13.31968595952454,22.17786648924373,False
Brazil.regions.PI:Bela Vista do Piauí,0.0,1.0,2.728733759822269,22.17786648924373,False
Brazil.regions.PI:Betânia do Piauí,0.0,1.0,6.06183103396573,22.17786648924373,False
Brazil.regions.PI:Bom Princípio do Piauí,0.0,0.0,4.415877146437339,4.415877146437339,False
Brazil.regions.PI:Paulistana,0.0,1.0,17.305284508051898,22.177866489243733,False
Brazil.regions.PI:Sigefredo Pacheco,0.0,1.0,12.21869907563951,22.177866489243733,False
Brazil.regions.PI:São João da Canabrava,0.0,1.0,0.4764776003548441,22.17786648924373,False
Brazil.regions.RN:Fernando Pedroza,0.0,1.0,10.566075881417698,22.177866489243733,False
Brazil.regions.RO:Presidente Médici,0.0,1.0,16.910827618496867,22.17786648924373,False
Brazil.regions.RO:São Felipe D'Oeste,0.0,1.0,2.8429863655005008,22.177866489243733,False
Brazil.regions.RS:Candiota,0.0,1.0,11.743809727974956,22.17786648924373,False
Brazil.regions.RS:Dom Feliciano,0.0,1.0,15.690257821798554,22.17786648924373,False
Brazil.regions.RS:Guabiju,0.0,1.0,44.355732978487474,22.177866489243733,False
Brazil.regions.RS:Mato Castelhano,0.0,0.37440758293838866,17.192212250913748,19.058879003653413,False
Brazil.regions.SC:Rio Rufino,0.0,1.0,18.095995774147333,22.177866489243733,False
Brazil.regions.TO:Nova Rosalândia,0.0,1.0,1.296311914512135,22.177866489243733,False
United_States_of_America.regions.Arkansas:Jackson,0.0,1.0,16.196647516817155,22.177866489243733,False
United_States_of_America.regions.Arkansas:Little River,0.0,1.0,14.020594281070146,22.177866489243733,False
United_States_of_America.regions.Arkansas:Marion,0.0,1.0,16.18769037806607,22.177866489243733,False
United_States_of_America.regions.Florida:Gulf,0.0,1.0,14.845950659637456,22.177866489243733,False
United_States_of_America.regions.Georgia:Glascock,0.0,0.9857612267250822,11.480834284906386,22.02555387297168,False
United_States_of_America.regions.Illinois:Hardin,0.0,1.0,3.9932928931169016,22.17786648924373,False
United_States_of_America.regions.Iowa:Cass,0.0,1.0,14.387277520717713,22.177866489243733,False
United_States_of_America.regions.Iowa:Louisa,223.63338644007789,0.9486634802619934,2013.7732535510984,7.563686066037282,False
United_States_of_America.regions.Iowa:Montgomery,0.0,1.0,12.094171823518213,22.177866489243733,False
United_States_of_America.regions.Kentucky:Carlisle,1.6456361724500526,0.10094637223974764,33.47896797034892,3.2901852337762465,False
United_States_of_America.regions.Louisiana:Union,60.792175606301996,3.156133828996283,257.6781268101347,7.582742781517117,False
United_States_of_America.regions.Minnesota:Martin,30.301823331563114,2.340060187643831,137.18063068493015,6.2680574966185745,False
United_States_of_America.regions.Minnesota:Sibley,0.0,1.0,15.450654918439833,22.177866489243733,False
United_States_of_America.regions.Mississippi:Holmes,34.81890600106213,1.639051159497256,188.69425501726485,7.778178421019721,False
United_States_of_America.regions.Texas:Falls,0.0,1.0,16.39651712230149,22.177866489243733,False
United_States_of_America.regions.Texas:Panola,67.98088157195964,2.6328553726323243,275.8378332369879,6.56532924327546,False
United_States_of_America.regions.West Virginia:Clay,0.967741935483871,1.0,1.6228014823843782,22.177866489243737,False
Brazil.regions.AM:Beruri,42.2910004568296,2.448606669712197,198.49519620928976,6.999656096392199,False
Brazil.regions.MT:São Félix do Araguaia,0.0,1.0,13.636698057402256,22.177866489243733,False
Brazil.regions.RR:Iracema,0.9,0.0,6.2782848992855715,13.80966565242365,False
United_States_of_America.regions.Alaska:Kodiak Island Borough,0.0,1.0,14.484375182888908,22.177866489243733,False
United_States_of_America.regions.Montana:Beaverhead,0.0,1.0,11.599214209544169,22.177866489243733,False
United_States_of_America.regions.Nebraska:Cherry,0.0,1.0,4.600084805292248,22.177866489243733,False
United_States_of_America.regions.New Mexico:Catron,0.0,0.5379713223579394,6.174841194340048,14.784009873966937,False
United_States_of_America.regions.Texas:Brewster,0.0,1.0,11.311844539879393,22.17786648924373,False
United_States_of_America.regions.Wyoming:Park,0.0,1.0,18.752505113618607,22.177866489243733,False
Cambodia,0.0,1.0,22.1717125665919,22.177866489243733,False
Brazil.regions.MG:Santa Rita do Sapucaí,0.0,1.0,19.86626223589191,22.177866489243737,False
Brazil.regions.PE:Barra de Guabiraba,3.3111111111111113,0.0,7.967997885972157,15.226180705441163,False
Brazil.regions.BA:Abaré,0.0,1.0,17.199274435076653,22.177866489243733,False
Brazil.regions.BA:Anagé,0.0,0.047619047619047616,17.6334447669079,17.849845801304845,False
Brazil.regions.BA:Itarantim,0.0,1.0,17.113806125644203,22.177866489243733,False
Brazil.regions.BA:Monte Santo,0.0,1.0,20.154312318698587,22.177866489243733,False
Brazil.regions.BA:Palmeiras,0.0,1.0,11.090162752687576,22.177866489243733,False
Brazil.regions.CE:Parambu,4.464128843338214,0.0,4.842982306196833,19.005378306762214,False
Brazil.regions.CE:Solonópole,10.69137749737119,0.0,43.68286682065476,16.720542760800164,False
Brazil.regions.GO:Avelinópolis,0.0,1.0,19.195737151633388,22.177866489243733,False
Brazil.regions.GO:Caldazinha,0.0,1.0,4.11025128152388,22.177866489243733,False
Brazil.regions.GO:Campestre de Goiás,0.0,1.0,5.370342877147448,22.177866489243733,False
Brazil.regions.GO:Indiara,0.0,1.0,15.772126946613534,22.17786648924373,False
Brazil.regions.GO:Morrinhos,0.0,1.0,20.010361720733243,22.177866489243733,False
Brazil.regions.GO:Vianópolis,0.0,1.0,14.964420626154936,22.177866489243733,False
Brazil.regions.MA:Altamira do Maranhão,0.0,0.16799433528058066,9.87471688294452,11.941576322912294,False
Brazil.regions.MA:Lagoa Grande do Maranhão,0.0,1.0,13.401317428334483,22.177866489243733,False
Brazil.regions.MA:Santa Filomena do Maranhão,0.0,1.0,9.312820818331602,22.177866489243733,False
Brazil.regions.MA:São João do Soter,0.0,1.0,16.78499586421003,22.177866489243733,False
Brazil.regions.MG:Araçuaí,0.0,1.0,19.453664680373734,22.17786648924373,False
Brazil.regions.MG:Açucena,0.0,1.0,11.61820439843064,22.177866489243733,False
Brazil.regions.MG:Bocaiúva,0.0,1.0,20.177026136295495,22.177866489243733,False
Brazil.regions.MG:Cachoeira Dourada,0.0,1.0,14.969236036759234,22.177866489243733,False
Brazil.regions.MG:Itacarambi,0.0,1.0,16.66913515007115,22.177866489243733,False
Brazil.regions.MG:Jequitibá,0.0,1.0,2.987691858654596,22.177866489243733,False
Brazil.regions.MG:Martinho Campos,0.0,0.03669724770642202,14.708490929040567,14.982596454185638,False
Brazil.regions.MG:Pedra do Indaiá,0.0,1.0,2.998367146204405,22.17786648924373,False
Brazil.regions.MG:São João do Paraíso,0.0,1.0,17.943807720508023,22.177866489243737,False
Brazil.regions.MG:São Sebastião do Rio Preto,0.0,1.0,44.22319592775493,22.177866489243733,False
Brazil.regions.MT:Nova Olímpia,0.0,1.0,17.252000768343287,22.177866489243733,False
Brazil.regions.PA:Cachoeira do Piriá,0.0,1.0,19.2280139818691,22.177866489243733,False
Brazil.regions.PB:Belém do Brejo do Cruz,0.0,1.0,8.557599532011372,22.17786648924373,False
Brazil.regions.PB:Boa Vista,0.0,1.0,7.995481012006462,22.177866489243733,False
Brazil.regions.PB:Cajazeirinhas,0.0,1.0,9.140642749716495,22.177866489243733,False
Brazil.regions.PE:Afrânio,0.0,1.0,17.084920219826877,22.177866489243733,False
Brazil.regions.PE:Granito,0.0,1.0,8.81959772087611,22.177866489243737,False
Brazil.regions.PE:Lagoa Grande,0.3333333333333333,0.0,16.969736598484257,18.271769071174127,False
Brazil.regions.PE:Santa Cruz,0.0,1.0,15.68351657367028,22.177866489243737,False
Brazil.regions.PE:Serrita,0.08333333333333333,0.0,16.52520104007424,16.960021459241126,False
Brazil.regions.PI:Belém do Piauí,0.0,1.0,5.864758300436581,22.177866489243733,False
Brazil.regions.PI:Beneditinos,0.0,1.0,12.624030624143895,22.177866489243737,False
Brazil.regions.PI:Olho D'Água do Piauí,0.0,1.0,18.489071290341464,22.17786648924373,False
Brazil.regions.PI:Regeneração,0.0,1.0,16.615512501035923,22.177866489243733,False
Brazil.regions.PI:São Luis do Piauí,0.0,1.0,15.64361611287427,22.177866489243737,False
Brazil.regions.PR:Cafeara,0.0,1.0,11.905296428275015,22.177866489243737,False
Brazil.regions.PR:Fernandes Pinheiro,0.0,1.0,4.466212220735056,22.177866489243733,False
Brazil.regions.PR:Guairaçá,3.887413701540095,0.08656399362719067,52.5548886032928,8.297969720168982,False
Brazil.regions.PR:Inácio Martins,0.0,1.0,13.189102444299913,22.177866489243733,False
Brazil.regions.PR:Leópolis,0.0,1.0,3.1129782249697233,22.177866489243733,False
Brazil.regions.PR:Nova Aliança do Ivaí,0.0,1.0,42.6309475094601,22.177866489243733,False
Brazil.regions.PR:Santa Mônica,6.554434413170473,0.07063197026022305,167.58436443691735,4.3001562439805445,False
Brazil.regions.PR:Sertaneja,0.0,1.0,3.2528097140734076,22.177866489243733,False
Brazil.regions.PR:São José da Boa Vista,0.0,1.0,6.0644278814448285,22.177866489243733,False
Brazil.regions.RN:Angicos,0.0,1.0,13.641072908912506,22.177866489243733,False
Brazil.regions.RN:Severiano Melo,0.0,1.0,18.805740068133318,22.177866489243733,False
Brazil.regions.RS:Caseiros,0.0,1.0,9.052614460162886,22.177866489243733,False
Brazil.regions.RS:Chapada,0.9293680297397771,1.0,1.362589439510459,22.177866489243733,False
Brazil.regions.RS:Condor,0.0,1.0,7.369633111485699,22.177866489243733,False
Brazil.regions.RS:Coronel Bicaco,0.0,1.0,8.52598935613793,22.177866489243737,False
Brazil.regions.RS:Ibirapuitã,10.242663656884876,0.264484574868322,257.97821765939506,8.211869422501515,False
Brazil.regions.RS:Jaguari,0.0,1.0,12.95957740369801,22.177866489243733,False
Brazil.regions.RS:Pouso Novo,0.0,1.0,38.8349462014213,22.177866489243733,False
Brazil.regions.RS:Vila Lângaro,0.0,1.0,25.646141162597495,22.177866489243733,False
Brazil.regions.RS:Vista Alegre do Prata,0.0,1.0,41.88363254983377,22.177866489243733,False
Brazil.regions.RS:Água Santa,0.0,1.0,4.503029988877934,22.177866489243733,False
Brazil.regions.SC:Anita Garibaldi,0.0,1.0,8.158519790799883,22.177866489243733,False
Brazil.regions.SC:Morro Grande,0.0,1.0,12.388327772768022,22.177866489243733,False
Brazil.regions.SC:Rio Fortuna,0.0,1.0,0.4905969164829465,22.177866489243733,False
Brazil.regions.SC:São Bernardino,0.0,1.0,20.630352688838457,22.177866489243733,False
Brazil.regions.SP:Altair,0.0,1.0,1.8605950492178067,22.177866489243733,False
Brazil.regions.SP:Alto Alegre,0.0,0.09228441754916793,2.218327704462048,4.060282115765653,False
Brazil.regions.SP:Anhumas,0.0,1.0,2.1234700842678116,22.177866489243733,False
Brazil.regions.SP:Buri,0.0,1.0,17.147179297373324,22.17786648924373,False
Brazil.regions.SP:Cunha,0.0,1.0,17.536849178249163,22.177866489243737,False
Brazil.regions.SP:Iepê,0.23032245143200483,0.0,8.174116388576971,9.921462518168847,False
Brazil.regions.SP:Itaberá,0.0,1.0,16.48180816160646,22.177866489243733,False
Brazil.regions.SP:Macedônia,0.0,1.0,4.863777642719491,22.177866489243737,False
Brazil.regions.SP:Monteiro Lobato,0.0,1.0,0.6863556360307541,22.177866489243733,False
Brazil.regions.SP:Ribeirão dos Índios,0.0,1.0,22.76595373547537,22.177866489243733,False
Brazil.regions.SP:Rubiácea,0.0,1.0,9.79144297367187,22.177866489243733,False
Brazil.regions.SP:Santa Clara d'Oeste,0.0,1.0,25.103457387824825,22.177866489243733,False
Brazil.regions.SP:Silveiras,0.0,1.0,6.309888069694384,22.177866489243733,False
Brazil.regions.SP:Tejupá,0.0,1.0,0.11255316179448371,22.17786648924373,False
Brazil.regions.SP:Timburi,0.0,1.0,15.444405896008337,22.177866489243737,False
Brazil.regions.SP:Águas de Santa Bárbara,0.0,1.0,5.716961139449496,22.177866489243733,False
United_States_of_America.regions.Alabama:Randolph,43.499026376349796,2.371924234377766,174.61341046595496,7.835009826299667,False
United_States_of_America.regions.Georgia:Oglethorpe,33.75995751460436,1.3181093998937865,207.9324151796933,7.139250378824304,False
United_States_of_America.regions.Georgia:Schley,13.214374225526644,0.05647017171180741,248.24846799451154,4.229800514577714,False
United_States_of_America.regions.Georgia:Ware,67.40945300053107,4.1899451230306255,170.3115023422397,8.041394967679075,False
United_States_of_America.regions.Iowa:Carroll,0.0,1.0,17.218778961348868,22.177866489243733,False
United_States_of_America.regions.Kentucky:Butler,62.370331032041065,1.5487696937511064,473.7190695248938,6.53731799064679,False
United_States_of_America.regions.Kentucky:Lawrence,0.0,1.0,15.649172880834776,22.177866489243733,False
United_States_of_America.regions.Kentucky:Magoffin,0.0,1.0,13.954858512925998,22.177866489243733,False
United_States_of_America.regions.Kentucky:Morgan,0.0,1.0,14.664153963884955,22.177866489243733,False
United_States_of_America.regions.Kentucky:Nicholas,0.0,1.0,8.420816000868445,22.177866489243733,False
United_States_of_America.regions.Kentucky:Wolfe,0.0,1.0,8.205531712102474,22.177866489243733,False
United_States_of_America.regions.North Carolina:Washington,17.45140732873075,0.8849353867941229,137.79506049929856,7.701157480878429,False
United_States_of_America.regions.Tennessee:Hancock,0.0,1.0,7.072126307974852,22.177866489243733,False
United_States_of_America.regions.Texas:Franklin,0.0,1.0,12.853857165234409,22.177866489243733,False
United_States_of_America.regions.West Virginia:Summers,0.0,1.0,14.22431522860586,22.177866489243733,False
United_States_of_America.regions.West Virginia:Wyoming,0.0,1.0,17.274463527588345,22.177866489243733,False
United_States_of_America.regions.Wisconsin:Pepin,0.0,1.0,8.454798011132029,22.177866489243733,False
Sri_Lanka,0.0,1.0,22.1732518145783,22.177866489243733,False
Brazil.regions.MG:Barroso,0.0,1.0,17.372484461372515,22.177866489243733,False
United_States_of_America.regions.California:Los Angeles,0.0,1.0,22.16790544390375,22.177866489243733,False
United_States_of_America.regions.California:Orange,0.0,1.0,22.146377289409493,22.177866489243733,False
United_States_of_America.regions.Wisconsin,0.0,1.0,22.160691541446987,22.177866489243733,False
United_States_of_America.regions.Alaska:Yukon-Koyukuk Census Area,0.0,1.0,3.0574075982303484,22.177866489243733,False
Brazil.regions.BA:Cocos,0.0,1.0,16.852202112612748,22.177866489243733,False
Brazil.regions.BA:Pilão Arcado,0.0,1.0,19.324636633046516,22.177866489243733,False
Brazil.regions.BA:Sento Sé,0.0,1.0,19.719897754606038,22.177866489243733,False
Brazil.regions.MT:Cotriguaçu,0.0,1.0,17.114575350003225,22.17786648924373,False
Brazil.regions.MT:Santo Antônio do Leverger,0.0,1.0,16.163914119746497,22.177866489243737,False
Brazil.regions.PA:Faro,0.0,1.0,8.277393873174786,22.17786648924373,False
Brazil.regions.RO:São Francisco do Guaporé,0.0,1.0,17.24349364803185,22.177866489243733,False
United_States_of_America.regions.Idaho:Lemhi,0.0,1.0,9.719912085356851,22.177866489243733,False
United_States_of_America.regions.Maine:Piscataquis,0.0,1.0,16.22016616157022,22.177866489243737,False
United_States_of_America.regions.Montana:Big Horn,1.9897326960523989,1.0,1.2701059850107308,22.177866489243733,False
United_States_of_America.regions.New Mexico:Eddy,7.0230129226411755,0.0,8.460889374700546,20.467295158419237,False
United_States_of_America.regions.New Mexico:Sierra,0.0,1.0,12.91088474519777,22.177866489243733,False
United_States_of_America.regions.Oregon:Grant,0.0,1.0,8.287048320053568,22.177866489243733,False
Nepal,0.0,1.0,22.174306233644444,22.177866489243733,False
United_States_of_America.regions.Washington,0.0,1.0,22.164734328358477,22.177866489243733,False
United_States_of_America.regions.Arizona,0.0,1.0,22.16412780425296,22.177866489243733,False
