region,cases_distance,deaths_distance,cases_per_100k_distance,deaths_per_100k_distance,is_same_cluster
Brazil.regions.AC:Epitaciolândia,2.2181818181818183,1.0,3.3987500753722655,3.17248818248152,True
Brazil.regions.AC:Plácido de Castro,5.846299810246679,0.4307400379506641,36.9190206000464,2.441271645393644,True
Brazil.regions.AM:Careiro da Várzea,3.5787476280834913,1.0,11.118125630998382,3.172488182481521,True
Brazil.regions.AM:Parintins,2.6869070208728654,0.03225806451612903,14.548837553231063,2.3256197748227816,True
Brazil.regions.BA:Abaré,3.0,1.0,7.711360675759001,3.1724881824815205,True
Brazil.regions.BA:Anagé,3.4,0.1,9.414526280582859,1.551989004117033,True
Brazil.regions.BA:Belmonte,3.512333965844402,0.7438330170777988,9.14065013368947,2.6452242250501983,True
Brazil.regions.BA:Bom Jesus da Lapa,1.0,1.0,8.351432454574663,3.1724881824815205,True
Brazil.regions.BA:Boquira,3.6,1.0,9.944012870212838,3.172488182481521,True
Brazil.regions.BA:Caetanos,3.654648956356736,1.0,5.4652709370920185,3.172488182481521,True
Brazil.regions.BA:Campo Alegre de Lourdes,1.8994307400379509,1.0,5.003046046981289,3.172488182481521,True
Brazil.regions.BA:Cristópolis,2.0,1.0,1.6881924893406328,3.1724881824815205,True
Brazil.regions.BA:Ibotirama,4.309297912713473,1.0,13.129940316708726,3.172488182481521,True
Brazil.regions.BA:Itarantim,4.309297912713473,1.0,11.77962452175776,3.172488182481521,True
Brazil.regions.BA:Jaguarari,3.654648956356736,1.0,11.914733570621705,3.172488182481521,True
Brazil.regions.BA:Licínio de Almeida,4.309297912713473,1.0,8.771356825944961,3.172488182481521,True
Brazil.regions.BA:Mirangaba,2.0,1.0,1.7836379736822163,3.1724881824815205,True
Brazil.regions.BA:Monte Santo,3.0,1.0,10.666398559380937,3.1724881824815205,True
Brazil.regions.BA:Palmeiras,4.309297912713473,1.0,5.755981148801133,3.172488182481521,True
Brazil.regions.BA:Pau Brasil,1.9563567362428844,1.0,22.73343580806759,3.172488182481521,True
Brazil.regions.BA:Queimadas,3.4,1.0,10.027975873511087,3.1724881824815205,True
Brazil.regions.BA:Ruy Barbosa,3.4,1.0,10.699111895013099,3.172488182481521,True
Brazil.regions.BA:Santa Luzia,4.309297912713473,1.0,8.905286854080005,3.172488182481521,True
Brazil.regions.BA:Santa Teresinha,3.3415559772296017,1.0,2.2664759129864356,3.172488182481521,True
Brazil.regions.BA:Serra do Ramalho,4.309297912713473,1.0,13.66625733070554,3.172488182481521,True
Brazil.regions.BA:Umburanas,1.7333333333333336,1.0,9.964724534715018,3.17248818248152,True
Brazil.regions.BA:Una,3.142314990512334,1.0,5.439712028809885,3.172488182481521,True
Brazil.regions.BA:Várzea Nova,4.309297912713473,1.0,8.967808694131019,3.172488182481521,True
Brazil.regions.CE:Alto Santo,0.7191650853889943,0.013282732447817839,17.03724828277309,2.666586122474797,True
Brazil.regions.CE:Banabuiú,1.8235294117647058,1.0,12.632728762681122,3.172488182481521,True
Brazil.regions.CE:Catunda,2.1830559757942507,1.0,15.455932192032126,3.17248818248152,True
Brazil.regions.CE:Choró,2.1745730550284628,1.0,24.547631012898233,3.172488182481521,True
Brazil.regions.CE:Ibaretama,4.309297912713473,0.2030360531309298,9.354731092202197,4.08419694878259,True
Brazil.regions.CE:Jaguaretama,2.041745730550285,1.0,17.626914464540747,3.172488182481521,True
Brazil.regions.CE:Potiretama,3.464895635673624,1.0,12.153570956512995,3.172488182481521,True
Brazil.regions.CE:Solonópole,1.918406072106262,0.0,18.23867094463083,2.2848355459620504,True
Brazil.regions.CE:Tamboril,1.681214421252372,1.0,9.379760815890148,3.172488182481521,True
Brazil.regions.CE:Tauá,6.423149905123339,1.0,6.880885892035353,3.172488182481521,True
Brazil.regions.GO:Avelinópolis,4.309297912713473,1.0,24.52991875551983,3.172488182481521,True
Brazil.regions.GO:Caldazinha,3.0,1.0,13.59816504084153,3.1724881824815205,True
Brazil.regions.GO:Campestre de Goiás,4.309297912713473,1.0,10.704524481033888,3.172488182481521,True
Brazil.regions.GO:Campinorte,4.309297912713473,1.0,8.923520145930711,3.172488182481521,True
Brazil.regions.GO:Formosa,1.6053130929791273,1.0,13.798070522452154,3.172488182481521,True
Brazil.regions.GO:Goiatuba,4.309297912713473,1.0,13.910703509789027,3.172488182481521,True
Brazil.regions.GO:Indiara,3.0,1.0,6.284213187295885,3.1724881824815205,True
Brazil.regions.GO:Minaçu,2.3094629156010233,1.0,6.587228396228504,3.17248818248152,True
Brazil.regions.GO:Morrinhos,4.309297912713473,1.0,14.676180116846801,3.172488182481521,True
Brazil.regions.GO:Padre Bernardo,3.0,1.0,9.734433297385813,3.1724881824815205,True
Brazil.regions.GO:Pirenópolis,3.0,1.0,8.675178360245658,3.1724881824815205,True
Brazil.regions.GO:Quirinópolis,3.7142857142857144,1.0,12.958612341801174,3.1724881824815205,True
Brazil.regions.GO:Vianópolis,4.309297912713473,1.0,9.630239022268498,3.172488182481521,True
Brazil.regions.MA:Aldeias Altas,3.8349146110056926,1.0,11.286684652778597,3.172488182481521,True
Brazil.regions.MA:Altamira do Maranhão,4.309297912713473,0.8671726755218216,4.54053527905808,3.9638963929056805,True
Brazil.regions.MA:Amapá do Maranhão,3.3092979127134727,1.0,11.883692305105221,3.172488182481521,True
Brazil.regions.MA:Arame,4.739130434782608,1.0,14.306101142938154,3.17248818248152,True
Brazil.regions.MA:Açailândia,4.309297912713473,1.0,15.95436121600783,3.172488182481521,True
Brazil.regions.MA:Bacurituba,3.0,1.0,13.755243233724626,3.172488182481521,True
Brazil.regions.MA:Barra do Corda,72.22390891840607,0.36432637571157495,73.00745900915688,1.9102363704240322,True
Brazil.regions.MA:Belágua,3.6928895612708015,1.0,99.58102175260521,3.17248818248152,True
Brazil.regions.MA:Bom Jesus das Selvas,7.414019715224534,1.0,21.26370061441285,3.172488182481521,True
Brazil.regions.MA:Buriti Bravo,2.709090909090909,1.0,6.381289402456221,3.17248818248152,True
Brazil.regions.MA:Centro do Guilherme,2.680786686838124,1.0,31.329193565086005,3.17248818248152,True
Brazil.regions.MA:Cidelândia,9.8,1.0,84.35416618489508,3.17248818248152,True
Brazil.regions.MA:Cândido Mendes,7.893738140417458,1.0,48.21298438244767,3.172488182481521,True
Brazil.regions.MA:Estreito,7.212523719165085,1.0,15.635795618444037,3.172488182481521,True
Brazil.regions.MA:Itaipava do Grajaú,2.0,1.0,0.23432590050589042,3.1724881824815205,True
Brazil.regions.MA:Lagoa Grande do Maranhão,3.0,1.0,3.913403669016832,3.1724881824815205,True
Brazil.regions.MA:Luís Domingues,0.5692599620493358,1.0,63.63290688184368,3.172488182481521,True
Brazil.regions.MA:Milagres do Maranhão,3.142314990512334,1.0,10.017048107773281,3.172488182481521,True
Brazil.regions.MA:Morros,3.0853889943074004,0.7438330170777988,5.399703418748575,2.865320786663582,True
Brazil.regions.MA:Paulino Neves,3.5502846299810247,1.0,7.44400092491301,3.172488182481521,True
Brazil.regions.MA:Pedro do Rosário,1.6418400876232202,1.0,9.485286897459966,3.172488182481521,True
Brazil.regions.MA:Primeira Cruz,4.2,1.0,42.19514928731964,3.1724881824815205,True
Brazil.regions.MA:Santa Filomena do Maranhão,3.6,1.0,1.8684743212917017,3.172488182481521,True
Brazil.regions.MA:Santa Luzia,4.935483870967742,0.4307400379506641,5.9503181988003115,2.3891065071002116,True
Brazil.regions.MA:Santana do Maranhão,3.907715582450832,1.0,8.099178129961135,3.17248818248152,True
Brazil.regions.MA:Santo Amaro do Maranhão,1.6,1.0,23.905497282957874,3.1724881824815205,True
Brazil.regions.MA:São Francisco do Brejão,4.309297912713473,1.0,8.367672001817711,3.172488182481521,True
Brazil.regions.MA:São João do Soter,3.0,1.0,7.297082104892376,3.1724881824815205,True
Brazil.regions.MA:São Raimundo do Doca Bezerra,5.0,1.0,159.1641622213819,3.1724881824815205,True
Brazil.regions.MA:Tuntum,3.654648956356736,1.0,12.888222664194696,3.172488182481521,True
Brazil.regions.MA:Turiaçu,16.208105147864185,1.0,43.62967894891789,3.172488182481521,True
Brazil.regions.MA:Vila Nova dos Martírios,3.2666666666666666,1.0,42.97022165635444,3.17248818248152,True
Brazil.regions.MG:Abaeté,4.309297912713473,1.0,12.540203368810406,3.172488182481521,True
Brazil.regions.MG:Alvarenga,2.0,1.0,38.500218757148396,3.1724881824815205,True
Brazil.regions.MG:Andrelândia,3.6,1.0,6.412817367163683,3.172488182481521,True
Brazil.regions.MG:Araçuaí,3.4,1.0,11.234746194048688,3.1724881824815205,True
Brazil.regions.MG:Bocaiúva,3.6,1.0,12.592605286466755,3.172488182481521,True
Brazil.regions.MG:Cachoeira Dourada,3.0,1.0,24.45714979607688,3.1724881824815205,True
Brazil.regions.MG:Catuji,2.0531309297912714,1.0,34.75141863107752,3.172488182481521,True
Brazil.regions.MG:Diamantina,1.2,1.0,5.996330397152078,3.1724881824815205,True
Brazil.regions.MG:Guapé,3.0,1.0,2.6468951947204533,3.1724881824815205,True
Brazil.regions.MG:Itacarambi,4.309297912713473,1.0,11.334953546184703,3.172488182481521,True
Brazil.regions.MG:Itambacuri,3.5454545454545454,0.18181818181818182,9.719726651362508,1.506118327810678,True
Brazil.regions.MG:Jequitibá,3.0,1.0,6.500221900663055,3.1724881824815205,True
Brazil.regions.MG:Martinho Campos,4.309297912713473,0.09867172675521822,9.374309325154124,4.185940967565125,True
Brazil.regions.MG:Medina,2.1272727272727274,1.0,10.247095272064218,3.17248818248152,True
Brazil.regions.MG:Nova Ponte,1.0714285714285714,1.0,9.158072351281811,3.1724881824815205,True
Brazil.regions.MG:Pedra Azul,3.4285714285714284,1.0,9.670230954568424,3.1724881824815205,True
Brazil.regions.MG:Pedra do Indaiá,3.4,1.0,11.217285632529448,3.1724881824815205,True
Brazil.regions.MG:Santa Rita de Jacutinga,3.8666666666666663,1.0,5.035577986943743,3.17248818248152,True
Brazil.regions.MG:Senador José Bento,2.0607210626185957,1.0,199.43972723813653,3.172488182481521,True
Brazil.regions.MG:São Francisco,3.094876660341556,0.7305502846299811,5.147519558608708,0.6529085336247809,True
Brazil.regions.MG:São João do Paraíso,4.204819277108434,1.0,12.278168879842804,3.172488182481521,True
Brazil.regions.MG:São Sebastião do Rio Preto,3.0,1.0,53.711109687072586,3.1724881824815205,True
Brazil.regions.MG:Três Marias,4.309297912713473,1.0,13.75306799822662,3.172488182481521,True
Brazil.regions.MG:Tupaciguara,1.939278937381404,1.0,3.537651895535883,3.172488182481521,True
Brazil.regions.MG:Vazante,3.3092979127134727,1.0,7.130231752768658,3.172488182481521,True
Brazil.regions.MS:Deodápolis,3.0,1.0,4.952410173442021,3.1724881824815205,True
Brazil.regions.MS:Jardim,8.762481089258698,1.0,36.56519532022491,3.17248818248152,True
Brazil.regions.MS:Naviraí,4.309297912713473,1.0,15.021461043380546,3.172488182481521,True
Brazil.regions.MS:Nova Andradina,3.698292220113852,1.0,3.629573468775316,3.172488182481521,True
Brazil.regions.MS:Paranhos,3.0,1.0,5.6615580152789065,3.1724881824815205,True
Brazil.regions.MS:Ponta Porã,4.309297912713473,1.0,15.762907590326705,3.172488182481521,True
Brazil.regions.MS:Sidrolândia,4.309297912713473,1.0,15.109530719051909,3.172488182481521,True
Brazil.regions.MT:Curvelândia,2.165085388994307,1.0,43.401812790809885,3.172488182481521,True
Brazil.regions.MT:Jaciara,2.5825426944971532,1.0,10.468155395438732,3.172488182481521,True
Brazil.regions.MT:Lucas do Rio Verde,4.309297912713473,0.013282732447817839,15.317759411557434,1.6668311684854538,True
Brazil.regions.MT:Nova Olímpia,3.0,1.0,7.7640870090256335,3.1724881824815205,True
Brazil.regions.MT:Primavera do Leste,2.345351043643264,1.0,12.064589980456844,3.172488182481521,True
Brazil.regions.MT:São José dos Quatro Marcos,2.1707779886148004,1.0,3.9235755147986304,3.172488182481521,True
Brazil.regions.MT:São Pedro da Cipa,2.507119386637459,1.0,40.55779330490096,3.172488182481521,True
Brazil.regions.PA:Abel Figueiredo,2.424552429667519,0.07928388746803068,19.54412612309443,9.715770844169096,True
Brazil.regions.PA:Acará,4.053130929791272,1.0,14.58402597847992,3.172488182481521,True
Brazil.regions.PA:Baião,9.33776091081594,0.573055028462998,14.948693910180818,1.2623595259623421,True
Brazil.regions.PA:Breu Branco,3.3320683111954454,1.0,13.84996898807657,3.172488182481521,True
Brazil.regions.PA:Cachoeira do Piriá,4.309297912713473,1.0,13.89383237798266,3.172488182481521,True
Brazil.regions.PA:Canaã dos Carajás,3.483870967741935,0.0,11.9214064844633,0.4759801603701548,True
Brazil.regions.PA:Curuá,0.518910741301059,1.0,17.06170807322862,3.17248818248152,True
Brazil.regions.PA:Dom Eliseu,5.182163187855787,0.2030360531309298,5.374346628131205,1.8379649204224269,True
Brazil.regions.PA:Eldorado do Carajás,3.9392789373814043,1.0,12.791333443887615,3.172488182481521,True
Brazil.regions.PA:Ipixuna do Pará,10.387096774193548,1.0,10.648569138559386,3.172488182481521,True
Brazil.regions.PA:Muaná,4.072106261859583,1.0,13.77745858271314,3.172488182481521,True
Brazil.regions.PA:Nova Ipixuna,4.309297912713473,1.0,10.847762112842604,3.172488182481521,True
Brazil.regions.PA:Santa Luzia do Pará,3.512333965844402,1.0,7.790057583517961,3.172488182481521,True
Brazil.regions.PA:São João do Araguaia,4.176470588235294,0.1461100569259962,8.749748585856162,3.855533685071549,True
Brazil.regions.PA:Terra Santa,2.952561669829222,1.0,4.2871488797935955,3.172488182481521,True
Brazil.regions.PA:Tomé-Açu,3.9677419354838714,0.7438330170777988,4.737799246203341,1.2733698847877586,True
Brazil.regions.PA:Tucumã,4.309297912713473,1.0,14.318559891670107,3.172488182481521,True
Brazil.regions.PA:Ulianópolis,19.106261859582542,1.0,25.675557868134113,3.172488182481521,True
Brazil.regions.PA:Viseu,2.743833017077799,0.0,8.710031154465469,1.5439032599207339,True
Brazil.regions.PA:Xinguara,2.098671726755218,1.0,6.31972724193769,3.172488182481521,True
Brazil.regions.PB:Belém do Brejo do Cruz,3.0,1.0,0.9303142273062797,3.1724881824815205,True
Brazil.regions.PB:Boa Vista,3.0,1.0,1.4924327473111898,3.1724881824815205,True
Brazil.regions.PB:Cajazeirinhas,3.907715582450832,1.0,15.748839550654552,3.17248818248152,True
Brazil.regions.PB:Congo,4.309297912713473,1.0,4.050590083301296,3.172488182481521,True
Brazil.regions.PB:Coxixola,2.924098671726755,1.0,107.3207732607498,3.172488182481521,True
Brazil.regions.PB:Quixaba,2.5714285714285716,1.0,94.59700794604022,3.1724881824815205,True
Brazil.regions.PB:Santa Teresinha,3.8333333333333335,1.0,6.53379017070662,3.1724881824815205,True
Brazil.regions.PB:São Mamede,0.0,1.0,39.096686317199755,3.1724881824815205,True
Brazil.regions.PE:Afrânio,4.309297912713473,1.0,11.750738615940437,3.172488182481521,True
Brazil.regions.PE:Belém do São Francisco,2.7,1.0,5.75787703953406,3.1724881824815205,True
Brazil.regions.PE:Carnaubeira da Penha,4.309297912713473,1.0,9.110928931135208,3.172488182481521,True
Brazil.regions.PE:Granito,4.309297912713473,1.0,3.5665778370281127,3.172488182481521,True
Brazil.regions.PE:Ibimirim,1.4819734345351046,0.9240986717267553,5.559665520132719,3.275317616318728,True
Brazil.regions.PE:Iguaracy,3.5218216318785576,1.0,3.967513970314481,3.172488182481521,True
Brazil.regions.PE:Lagoa Grande,3.4,0.0,10.052850584849082,0.7336092355880863,True
Brazil.regions.PE:Santa Cruz,4.0741687979539645,1.0,9.603390631851964,3.17248818248152,True
Brazil.regions.PE:Santa Maria da Boa Vista,3.8349146110056926,1.0,13.327471816964506,3.172488182481521,True
Brazil.regions.PE:Serrita,3.678571428571429,0.0,9.405722161515817,2.0453568475210884,True
Brazil.regions.PE:Sertânia,4.309297912713473,0.0,14.058712595831574,0.3875158929558014,True
Brazil.regions.PI:Amarante,2.554079696394687,1.0,2.333983405561743,3.172488182481521,True
Brazil.regions.PI:Beneditinos,4.309297912713473,1.0,7.289849020257454,3.172488182481521,True
Brazil.regions.PI:Cocal de Telha,8.960665658093797,1.0,246.7603192289405,3.17248818248152,True
Brazil.regions.PI:Colônia do Gurguéia,3.407969639468691,1.0,12.51308608760609,3.172488182481521,True
Brazil.regions.PI:Elesbão Veloso,2.952561669829222,1.0,5.506744015878836,3.172488182481521,True
Brazil.regions.PI:Floriano,1.01707779886148,1.0,7.434376983960635,3.172488182481521,True
Brazil.regions.PI:Fronteiras,1.804841149773071,1.0,11.257777211722447,3.17248818248152,True
Brazil.regions.PI:Inhuma,4.309297912713473,1.0,10.311152875950446,3.172488182481521,True
Brazil.regions.PI:Oeiras,2.075901328273245,1.0,3.329916195283576,3.172488182481521,True
Brazil.regions.PI:Olho D'Água do Piauí,3.0,1.0,27.976985049659113,3.1724881824815205,True
Brazil.regions.PI:Piracuruca,1.586337760910816,0.26944971537001894,3.9126989807250925,1.0745897714172366,True
Brazil.regions.PI:Regeneração,4.309297912713473,1.0,11.281330897149484,3.172488182481521,True
Brazil.regions.PI:São João do Piauí,2.098671726755218,1.0,11.472705292653194,3.172488182481521,True
Brazil.regions.PI:São Luis do Piauí,4.0741687979539645,1.0,21.723742054692593,3.17248818248152,True
Brazil.regions.PI:São Raimundo Nonato,6.956356736242884,1.0,19.465050809383538,3.172488182481521,True
Brazil.regions.PI:Valença do Piauí,4.176470588235294,0.4307400379506641,11.428122573099053,2.2819352743709067,True
Brazil.regions.PI:Vila Nova do Piauí,3.3225806451612905,1.0,50.02663714601875,3.172488182481521,True
Brazil.regions.PR:Cafeara,3.8333333333333335,1.0,18.749470035524737,3.1724881824815205,True
Brazil.regions.PR:General Carneiro,3.2,1.0,3.2828657800777052,3.17248818248152,True
Brazil.regions.PR:Guairaçá,2.601518026565465,0.4307400379506641,24.41567198554093,8.21059978449533,True
Brazil.regions.PR:Inácio Martins,4.204819277108434,1.0,7.523463603634694,3.172488182481521,True
Brazil.regions.PR:Leópolis,4.309297912713473,1.0,8.447159828856165,3.172488182481521,True
Brazil.regions.PR:Mamborê,2.3,1.0,5.077503074573968,3.1724881824815205,True
Brazil.regions.PR:Mangueirinha,3.0,1.0,6.706944473374687,3.1724881824815205,True
Brazil.regions.PR:Nova Aliança do Ivaí,4.204819277108434,1.0,48.29658635012531,3.172488182481521,True
Brazil.regions.PR:Paula Freitas,3.0,1.0,4.337120316217286,3.1724881824815205,True
Brazil.regions.PR:Pinhão,4.309297912713473,1.0,13.75640755523473,3.172488182481521,True
Brazil.regions.PR:Planaltina do Paraná,1.2922201138519924,1.0,104.09456805764414,3.172488182481521,True
Brazil.regions.PR:Querência do Norte,1.4345351043643264,1.0,28.972148375694,3.172488182481521,True
Brazil.regions.PR:Santa Mônica,1.5768500948766604,0.3453510436432638,141.260249981732,15.463090524833182,True
Brazil.regions.PR:Santo Antônio do Caiuá,3.436432637571158,0.1461100569259962,207.82827034981545,30.0866457050832,True
Brazil.regions.PR:Sertaneja,4.309297912713473,1.0,2.162681576132444,3.172488182481521,True
Brazil.regions.PR:São José da Boa Vista,3.890909090909091,1.0,0.5970873152983784,3.17248818248152,True
Brazil.regions.PR:Tuneiras do Oeste,3.7857142857142856,1.0,3.508561778010732,3.1724881824815205,True
Brazil.regions.RJ:Santa Maria Madalena,3.79696394686907,1.0,7.328544630975654,3.172488182481521,True
Brazil.regions.RN:Angicos,3.0,1.0,4.153159149594854,3.1724881824815205,True
Brazil.regions.RN:Governador Dix-Sept Rosado,2.9333333333333336,1.0,6.575310476670093,3.172488182481521,True
Brazil.regions.RN:Pedra Grande,3.5407969639468693,1.0,37.79026472127241,3.172488182481521,True
Brazil.regions.RN:Serra Negra do Norte,3.9392789373814043,0.8671726755218216,4.1195428698376935,3.9740114860281084,True
Brazil.regions.RN:Severiano Melo,3.0,1.0,28.293653827450967,3.1724881824815205,True
Brazil.regions.RN:São Tomé,1.5199240986717268,0.09867172675521822,18.393749939302218,5.606709346032996,True
Brazil.regions.RN:Upanema,3.741301059001513,1.0,7.612684058663004,3.17248818248152,True
Brazil.regions.RO:Buritis,4.309297912713473,1.0,14.321871196952593,3.172488182481521,True
Brazil.regions.RO:Jaru,4.309297912713473,1.0,14.912250795545608,3.172488182481521,True
Brazil.regions.RO:Ji-Paraná,4.309297912713473,1.0,16.06830475524851,3.172488182481521,True
Brazil.regions.RO:Nova Brasilândia D'Oeste,2.153452685421995,1.0,1.8322520618731537,3.17248818248152,True
Brazil.regions.RO:Presidente Médici,3.7142857142857144,1.0,9.688976846666014,3.1724881824815205,True
Brazil.regions.RO:Urupá,8.341555977229602,1.0,84.16346152230253,3.172488182481521,True
Brazil.regions.RS:Canguçu,4.309297912713473,1.0,15.059404396464437,3.172488182481521,True
Brazil.regions.RS:Caseiros,3.907715582450832,1.0,15.660811261100942,3.17248818248152,True
Brazil.regions.RS:Caçapava do Sul,4.309297912713473,1.0,13.86961874212627,3.172488182481521,True
Brazil.regions.RS:Chapada,3.654648956356736,1.0,4.126948171715825,3.172488182481521,True
Brazil.regions.RS:Condor,3.8333333333333335,1.0,1.231553053513298,3.1724881824815205,True
Brazil.regions.RS:Coronel Bicaco,4.309297912713473,1.0,3.3086258960911525,3.172488182481521,True
Brazil.regions.RS:Dom Feliciano,3.890909090909091,1.0,9.028742625055346,3.17248818248152,True
Brazil.regions.RS:Ernestina,3.7400379506641364,1.0,32.6910361389273,3.172488182481521,True
Brazil.regions.RS:Gramado dos Loureiros,0.8571428571428571,1.0,170.30540873709515,3.1724881824815205,True
Brazil.regions.RS:Ibirapuitã,1.8804554079696394,1.0,68.59968677534127,3.172488182481521,True
Brazil.regions.RS:Itaqui,3.2,1.0,11.009174899914408,3.17248818248152,True
Brazil.regions.RS:Pouso Novo,4.309297912713473,1.0,44.16912780530774,3.172488182481521,True
Brazil.regions.RS:Restinga Sêca,2.0,1.0,2.4705813076570906,3.1724881824815205,True
Brazil.regions.RS:Saldanha Marinho,9.043643263757117,0.1461100569259962,503.8680690797711,29.976838678189925,True
Brazil.regions.RS:Sertão,3.3092979127134727,1.0,20.09075648121703,3.172488182481521,True
Brazil.regions.RS:São Borja,1.8888888888888888,1.0,10.449242391890095,3.1724881824815205,True
Brazil.regions.RS:São Gabriel,4.309297912713473,1.0,15.233508571050876,3.172488182481521,True
Brazil.regions.RS:Três Forquilhas,3.3605313092979125,1.0,55.41314134436312,3.172488182481521,True
Brazil.regions.RS:Uruguaiana,2.67741935483871,1.0,14.770849918140815,3.172488182481521,True
Brazil.regions.RS:Victor Graeff,3.3092979127134727,1.0,52.55256771700217,3.172488182481521,True
Brazil.regions.RS:Vila Lângaro,4.309297912713473,1.0,30.980322766483933,3.172488182481521,True
Brazil.regions.RS:Vista Alegre do Prata,4.309297912713473,1.0,47.217814153720205,3.172488182481521,True
Brazil.regions.RS:Água Santa,3.907715582450832,1.0,11.111226789815989,3.17248818248152,True
Brazil.regions.SC:Anita Garibaldi,4.309297912713473,1.0,2.9857826157277425,3.172488182481521,True
Brazil.regions.SC:Itaiópolis,4.195445920303605,1.0,11.703383106734067,3.172488182481521,True
Brazil.regions.SC:Morro Grande,3.6,1.0,19.972748622596765,3.172488182481521,True
Brazil.regions.SC:Rio Fortuna,4.309297912713473,1.0,4.843584687403494,3.172488182481521,True
Brazil.regions.SC:Santa Cecília,4.309297912713473,1.0,10.901914237704293,3.172488182481521,True
Brazil.regions.SC:São Bernardino,4.309297912713473,1.0,25.964534292724903,3.172488182481521,True
Brazil.regions.SC:São Martinho,2.639468690702087,1.0,67.11320888858565,3.172488182481521,True
Brazil.regions.SC:Vargem Bonita,6.415559772296015,1.0,232.68277666298255,3.172488182481521,True
Brazil.regions.SP:Altair,3.0,1.0,11.348508808535458,3.1724881824815205,True
Brazil.regions.SP:Alto Alegre,3.890909090909091,0.10909090909090911,8.879842901205254,19.254482248088692,True
Brazil.regions.SP:Anhumas,3.0,1.0,11.611383843585461,3.1724881824815205,True
Brazil.regions.SP:Buri,3.4,1.0,8.92826081104828,3.1724881824815205,True
Brazil.regions.SP:Cunha,4.204819277108434,1.0,11.871210337583944,3.172488182481521,True
Brazil.regions.SP:Emilianópolis,1.4285714285714284,1.0,89.27110720421358,3.1724881824815205,True
Brazil.regions.SP:Guaraçaí,3.3700189753320684,1.0,6.538534683733087,3.172488182481521,True
Brazil.regions.SP:Iepê,4.309297912713473,0.0,4.587280914282406,9.083915788593366,True
Brazil.regions.SP:Iguape,1.1518026565464894,1.0,3.8093987349414964,3.172488182481521,True
Brazil.regions.SP:Itaberá,3.6,1.0,8.89738731177772,3.172488182481521,True
Brazil.regions.SP:Macedônia,4.309297912713473,1.0,10.19795924660593,3.172488182481521,True
Brazil.regions.SP:Monteiro Lobato,3.0,1.0,8.801558123286897,3.1724881824815205,True
Brazil.regions.SP:Populina,3.3605313092979125,1.0,29.90053683245417,3.172488182481521,True
Brazil.regions.SP:Presidente Alves,4.043643263757116,1.0,14.071181967509261,3.172488182481521,True
Brazil.regions.SP:Ribeirão dos Índios,3.7142857142857144,1.0,29.98780450730622,3.1724881824815205,True
Brazil.regions.SP:Rubiácea,3.7142857142857144,1.0,17.013293745502725,3.1724881824815205,True
Brazil.regions.SP:Santa Clara d'Oeste,3.7142857142857144,1.0,32.32530815965568,3.1724881824815205,True
Brazil.regions.SP:Santa Cruz da Esperança,3.074168797953964,1.0,77.40389573120946,3.17248818248152,True
Brazil.regions.SP:Sete Barras,3.3225806451612905,1.0,1.63593314405108,3.172488182481521,True
Brazil.regions.SP:Silveiras,3.8333333333333335,1.0,0.5342855375553341,3.1724881824815205,True
Brazil.regions.SP:Sud Mennucci,3.3092979127134727,1.0,9.069764194715267,3.172488182481521,True
Brazil.regions.SP:Tejupá,3.0,1.0,9.375360597523168,3.1724881824815205,True
Brazil.regions.SP:Teodoro Sampaio,2.2284417549167923,1.0,5.281973535898323,3.17248818248152,True
Brazil.regions.SP:Timburi,4.309297912713473,1.0,20.778587499894776,3.172488182481521,True
Brazil.regions.SP:Águas de Santa Bárbara,3.907715582450832,1.0,0.8912356614885623,3.17248818248152,True
Brazil.regions.TO:Araguatins,9.631878557874762,0.5256166982922201,25.65499178636511,1.845950049577575,True
Brazil.regions.TO:Guaraí,3.9506641366223905,1.0,18.700545536720156,3.172488182481521,True
Brazil.regions.TO:Miranorte,0.4307400379506641,0.03225806451612903,19.47132088182157,4.235865231069348,True
Brazil.regions.TO:Porto Nacional,1.700189753320683,1.0,10.035331443756107,3.172488182481521,True
United_States_of_America.regions.Alabama:Bibb,4.523719165085389,1.0,25.233398246668575,3.172488182481521,True
United_States_of_America.regions.Alabama:Cleburne,2.0037950664136623,1.0,30.40158873446521,3.172488182481521,True
United_States_of_America.regions.Alabama:Covington,2.0189753320683113,1.0,6.50757204224124,3.172488182481521,True
United_States_of_America.regions.Alabama:Dallas,1.7533206831119545,1.0,4.3296347958391,3.172488182481521,True
United_States_of_America.regions.Alabama:Escambia,2.430740037950664,1.0,8.985857585483386,3.172488182481521,True
United_States_of_America.regions.Alabama:Fayette,3.5502846299810247,1.0,7.5151315880140555,3.172488182481521,True
United_States_of_America.regions.Alabama:Henry,5.804554079696395,1.0,45.748247499201156,3.172488182481521,True
United_States_of_America.regions.Alabama:Macon,2.0512333965844403,0.3453510436432638,21.325230806466294,2.6420068370831626,True
United_States_of_America.regions.Alabama:Marion,4.717267552182163,1.0,16.646350283600736,3.3156819660273316,True
United_States_of_America.regions.Alabama:Randolph,6.415559772296015,0.7722960151802656,33.111846028645054,3.9653682080253354,True
United_States_of_America.regions.Alabama:Winston,2.5787476280834913,1.0,5.28775664197001,3.172488182481521,True
United_States_of_America.regions.Arizona:Santa Cruz,3.379506641366224,1.0,12.693417623653028,3.172488182481521,True
United_States_of_America.regions.Arkansas:Columbia,2.9810246679316887,1.0,6.917977229724501,3.172488182481521,True
United_States_of_America.regions.Arkansas:Conway,2.4117647058823533,0.09867172675521822,3.02257079904003,1.7773284651463093,True
United_States_of_America.regions.Arkansas:Cross,1.8899430740037952,1.0,7.970039637612286,3.172488182481521,True
United_States_of_America.regions.Arkansas:Franklin,4.148007590132828,1.0,10.288278040419979,3.172488182481521,True
United_States_of_America.regions.Arkansas:Grant,2.601518026565465,1.0,2.562992665948466,3.172488182481521,True
United_States_of_America.regions.Arkansas:Hempstead,2.4212523719165087,0.6299810246679317,3.430878175358389,2.5431873102591336,True
United_States_of_America.regions.Arkansas:Jackson,4.309297912713473,1.0,10.86246591293071,3.172488182481521,True
United_States_of_America.regions.Arkansas:Johnson,4.214421252371917,1.0,18.478875501990018,3.172488182481521,True
United_States_of_America.regions.Arkansas:Lawrence,2.9810246679316887,0.6299810246679317,3.8017814624368844,3.0801146516356983,True
United_States_of_America.regions.Arkansas:Logan,3.1518026565464896,1.0,6.79292901017336,3.172488182481521,True
United_States_of_America.regions.Arkansas:Marion,4.309297912713473,1.0,10.853508774179621,3.172488182481521,True
United_States_of_America.regions.Arkansas:Ouachita,0.8178368121442126,1.0,4.229504597563263,3.172488182481521,True
United_States_of_America.regions.Arkansas:Phillips,1.8994307400379509,0.26944971537001894,4.405411914850857,2.6455335063477627,True
United_States_of_America.regions.Arkansas:Poinsett,1.8614800759013286,1.0,3.8297599707999224,3.172488182481521,True
United_States_of_America.regions.Arkansas:Randolph,1.573055028462998,1.0,4.957332711826377,3.172488182481521,True
United_States_of_America.regions.Arkansas:Sevier,3.7020872865275143,1.0,7.39339602673462,3.172488182481521,True
United_States_of_America.regions.Arkansas:Sharp,3.512333965844402,1.0,6.541174010061627,3.172488182481521,True
United_States_of_America.regions.Arkansas:St. Francis,18.341555977229604,1.0,76.20095540332079,3.172488182481521,True
United_States_of_America.regions.Arkansas:Union,4.195445920303605,1.0,8.55459728845574,3.172488182481521,True
United_States_of_America.regions.California:Calaveras,1.7343453510436433,1.0,9.055965548313768,3.172488182481521,True
United_States_of_America.regions.California:Del Norte,3.3415559772296017,1.0,9.768530507808496,3.172488182481521,True
United_States_of_America.regions.California:San Benito,1.4629981024667928,0.09867172675521822,7.577772349770992,1.737434887925442,True
United_States_of_America.regions.Colorado:Delta,2.7153700189753325,1.0,8.519675214161156,3.172488182481521,True
United_States_of_America.regions.Colorado:Eagle,21.026565464895633,1.0,33.52264688462166,3.172488182481521,True
United_States_of_America.regions.Colorado:Fremont,3.142314990512334,1.0,12.313943623622853,3.172488182481521,True
United_States_of_America.regions.Colorado:La Plata,16.57685009487666,1.0,23.2911074039949,3.172488182481521,True
United_States_of_America.regions.Florida:Hamilton,3.037950664136622,1.0,2.40201795706565,3.172488182481521,True
United_States_of_America.regions.Florida:Hendry,3.9203036053130926,1.0,7.4004111636284655,3.172488182481521,True
United_States_of_America.regions.Florida:Holmes,3.654648956356736,1.0,8.408914245826598,3.172488182481521,True
United_States_of_America.regions.Florida:Levy,1.5768500948766604,1.0,7.850484832742272,3.172488182481521,True
United_States_of_America.regions.Florida:Madison,6.9620493358633775,1.0,48.9362650909324,3.172488182481521,True
United_States_of_America.regions.Georgia:Appling,2.047438330170778,1.0,21.242417478345615,3.172488182481521,True
United_States_of_America.regions.Georgia:Berrien,0.9316888045540799,1.0,7.587785174294679,3.172488182481521,True
United_States_of_America.regions.Georgia:Brantley,8.020872865275143,0.38330170777988615,52.77589391569445,4.011776012599723,True
United_States_of_America.regions.Georgia:Brooks,5.922201138519925,0.5256166982922201,52.366679123200115,3.231588918660025,True
United_States_of_America.regions.Georgia:Crawford,4.299810246679317,1.0,46.31675658243882,3.172488182481521,True
United_States_of_America.regions.Georgia:Dodge,1.5578747628083494,1.0,10.883799044922128,3.172488182481521,True
United_States_of_America.regions.Georgia:Dooly,23.685009487666036,0.27893738140417457,199.49494047299876,5.123637672799736,True
United_States_of_America.regions.Georgia:Emanuel,2.2599620493358636,1.0,12.437814653550076,3.172488182481521,True
United_States_of_America.regions.Georgia:Heard,4.053130929791272,0.09867172675521822,6.30802286302901,5.013157816150693,True
United_States_of_America.regions.Georgia:Jasper,2.705882352941176,1.0,3.6616531402192605,3.172488182481521,True
United_States_of_America.regions.Georgia:Jefferson,1.0740037950664139,0.5256166982922201,11.376012985457312,3.250568211686812,True
United_States_of_America.regions.Georgia:Johnson,6.472485768500949,0.5256166982922201,89.39656180809428,5.0819950005872,True
United_States_of_America.regions.Georgia:Lincoln,2.108159392789374,1.0,24.499123393549844,3.172488182481521,True
United_States_of_America.regions.Georgia:Macon,2.6204933586337766,1.0,8.153016426477398,3.172488182481521,True
United_States_of_America.regions.Georgia:McIntosh,2.7533206831119545,1.0,3.2690381439539182,3.172488182481521,True
United_States_of_America.regions.Georgia:Meriwether,3.8918406072106264,1.0,24.631055799489452,3.172488182481521,True
United_States_of_America.regions.Georgia:Mitchell,33.54838709677419,1.398481973434535,160.88894562961167,7.228929387097141,True
United_States_of_America.regions.Georgia:Montgomery,3.3092979127134727,1.0,4.9618100993788605,3.172488182481521,True
United_States_of_America.regions.Georgia:Oglethorpe,4.584440227703984,0.03225806451612903,33.84220737013893,3.374294349568251,True
United_States_of_America.regions.Georgia:Schley,4.100569259962049,0.26944971537001894,159.19339804626475,12.4338784570968,True
United_States_of_America.regions.Georgia:Seminole,2.028462998102467,1.0,65.6954913178406,3.172488182481521,True
United_States_of_America.regions.Georgia:Telfair,3.413662239089184,1.0,35.55298930006561,3.172488182481521,True
United_States_of_America.regions.Georgia:Treutlen,4.309297912713473,1.0,2.5717122887751405,3.172488182481521,True
United_States_of_America.regions.Georgia:Ware,12.459203036053133,1.569259962049336,33.59466827146864,4.21903698680557,True
United_States_of_America.regions.Georgia:Washington,1.5294117647058825,1.0,6.840675408985428,3.172488182481521,True
United_States_of_America.regions.Georgia:Worth,10.121442125237191,0.26944971537001894,56.80935809017578,2.145354166362228,True
United_States_of_America.regions.Idaho:Gem,1.937381404174573,1.0,20.25570579304334,3.172488182481521,True
United_States_of_America.regions.Idaho:Jefferson,2.1423149905123338,1.0,6.241485688138791,3.172488182481521,True
United_States_of_America.regions.Idaho:Jerome,15.26755218216319,0.905123339658444,67.20779897795101,3.8356711485809276,True
United_States_of_America.regions.Idaho:Latah,2.8007590132827325,1.0,10.589224679336699,3.172488182481521,True
United_States_of_America.regions.Idaho:Minidoka,2.098671726755218,1.0,2.8399978453195045,3.172488182481521,True
United_States_of_America.regions.Idaho:Teton,3.5787476280834913,1.0,3.0304389295765715,3.172488182481521,True
United_States_of_America.regions.Idaho:Twin Falls,2.724857685009487,1.0,13.868892385870675,3.172488182481521,True
United_States_of_America.regions.Illinois:Bond,2.0512333965844403,1.0,3.4951019183379293,3.172488182481521,True
United_States_of_America.regions.Illinois:Bureau,2.430740037950664,1.0,8.02133023670335,3.172488182481521,True
United_States_of_America.regions.Illinois:Carroll,1.1404174573055028,0.03225806451612903,13.134075868055788,3.797249190872701,True
United_States_of_America.regions.Illinois:Cass,23.698292220113853,1.0,221.52347740192394,3.172488182481521,True
United_States_of_America.regions.Illinois:Clark,2.0607210626185957,1.0,6.606057874851727,3.172488182481521,True
United_States_of_America.regions.Illinois:Clay,3.654648956356736,1.0,4.2932528741563205,3.172488182481521,True
United_States_of_America.regions.Illinois:Crawford,1.8519924098671727,1.0,4.948027012827178,3.172488182481521,True
United_States_of_America.regions.Illinois:Cumberland,4.309297912713473,1.0,7.555184049392217,3.172488182481521,True
United_States_of_America.regions.Illinois:De Witt,3.303605313092979,1.0,4.2756957945051886,3.172488182481521,True
United_States_of_America.regions.Illinois:Fayette,2.2125237191650857,1.0,6.984721270084316,3.172488182481521,True
United_States_of_America.regions.Illinois:Ford,1.3870967741935485,0.26944971537001894,17.423010664105558,4.173691048630676,True
United_States_of_America.regions.Illinois:Fulton,4.2960151802656545,1.0,13.892948914338605,3.172488182481521,True
United_States_of_America.regions.Illinois:Jo Daviess,3.1043643263757112,1.0,6.460197311362657,3.172488182481521,True
United_States_of_America.regions.Illinois:Johnson,2.639468690702087,1.0,4.956845797941822,3.172488182481521,True
United_States_of_America.regions.Illinois:Lawrence,3.3092979127134727,1.0,4.095065184079466,3.172488182481521,True
United_States_of_America.regions.Illinois:Livingston,1.681214421252372,1.0,6.666161626097025,3.172488182481521,True
United_States_of_America.regions.Illinois:Marshall,4.309297912713473,1.0,8.100897684797754,3.172488182481521,True
United_States_of_America.regions.Illinois:Menard,3.654648956356736,1.0,3.581879009676379,3.172488182481521,True
United_States_of_America.regions.Illinois:Mercer,3.1138519924098667,1.0,2.8260815842116425,3.172488182481521,True
United_States_of_America.regions.Illinois:Montgomery,2.0891840607210628,0.7058823529411764,7.051173712600432,2.3414339131066493,True
United_States_of_America.regions.Illinois:Moultrie,3.360531309297913,1.0,4.3205512236884385,3.172488182481521,True
United_States_of_America.regions.Illinois:Piatt,0.8368121442125237,1.0,15.541639158798896,3.172488182481521,True
United_States_of_America.regions.Illinois:Putnam,2.0,1.0,22.15932414757871,3.1724881824815205,True
United_States_of_America.regions.Illinois:Richland,3.8349146110056926,1.0,7.3395057987345895,3.172488182481521,True
United_States_of_America.regions.Illinois:Shelby,1.4686907020872866,1.0,1.7449528413187756,3.172488182481521,True
United_States_of_America.regions.Illinois:Union,1.256166982922201,1.0,22.194018631146736,3.172488182481521,True
United_States_of_America.regions.Illinois:Warren,12.193548387096776,1.0,79.05373906150216,3.172488182481521,True
United_States_of_America.regions.Illinois:White,3.654648956356736,1.0,4.620526457664774,3.172488182481521,True
United_States_of_America.regions.Indiana:Crawford,3.379506641366224,1.0,50.80098609098583,3.172488182481521,True
United_States_of_America.regions.Indiana:Fountain,3.5787476280834913,0.26944971537001894,6.256689384133868,3.0064547570905784,True
United_States_of_America.regions.Indiana:Martin,1.425047438330171,1.0,21.8023539139104,3.172488182481521,True
United_States_of_America.regions.Indiana:Newton,1.7381404174573054,0.4307400379506641,17.71781386872852,3.631342100880407,True
United_States_of_America.regions.Indiana:Parke,1.1973434535104364,1.0,20.246048222093645,3.172488182481521,True
United_States_of_America.regions.Indiana:Pike,4.280834914611006,1.0,8.738852534823586,3.172488182481521,True
United_States_of_America.regions.Indiana:Pulaski,4.309297912713473,1.0,8.74848533868847,3.172488182481521,True
United_States_of_America.regions.Indiana:Rush,3.740037950664137,0.4307400379506641,32.723276036912225,2.9937536312255606,True
United_States_of_America.regions.Iowa:Benton,2.6451612903225805,0.8671726755218216,13.200090629653747,2.847648231837111,True
United_States_of_America.regions.Iowa:Buchanan,2.3263757115749524,1.0,5.10205870900949,3.172488182481521,True
United_States_of_America.regions.Iowa:Buena Vista,3.407969639468691,1.0,7.152918966678485,3.172488182481521,True
United_States_of_America.regions.Iowa:Carroll,4.309297912713473,1.0,11.884597357462425,3.172488182481521,True
United_States_of_America.regions.Iowa:Cedar,4.537001897533207,1.0,35.44995218806435,3.172488182481521,True
United_States_of_America.regions.Iowa:Clay,3.3415559772296017,1.0,4.5575838895788765,3.172488182481521,True
United_States_of_America.regions.Iowa:Delaware,3.407969639468691,1.0,5.666633135049952,3.172488182481521,True
United_States_of_America.regions.Iowa:Fayette,3.445920303605313,1.0,7.360847179972258,3.172488182481521,True
United_States_of_America.regions.Iowa:Floyd,2.1555977229601515,0.4307400379506641,16.751926990136305,3.199851371911238,True
United_States_of_America.regions.Iowa:Hardin,4.309297912713473,1.0,10.907557614788612,3.172488182481521,True
United_States_of_America.regions.Iowa:Iowa,0.6944971537001897,1.0,17.26875972444684,3.172488182481521,True
United_States_of_America.regions.Iowa:Jackson,1.823529411764706,1.0,3.4528157319754205,3.172488182481521,True
United_States_of_America.regions.Iowa:Jefferson,1.7855787476280836,1.0,2.6754993150309185,3.172488182481521,True
United_States_of_America.regions.Iowa:Jones,1.4155597722960152,1.0,15.496697465033753,3.172488182481521,True
United_States_of_America.regions.Iowa:Madison,3.7020872865275143,0.5256166982922201,7.006430471194247,3.066095318696305,True
United_States_of_America.regions.Iowa:Mahaska,2.3358633776091087,1.0,3.386185292216925,3.172488182481521,True
United_States_of_America.regions.Iowa:Mills,3.7400379506641364,1.0,6.457425291411065,3.172488182481521,True
United_States_of_America.regions.Iowa:Page,2.952561669829222,1.0,1.9048320556838856,3.172488182481521,True
United_States_of_America.regions.Iowa:Plymouth,1.2352941176470589,1.0,1.0918311232728923,3.172488182481521,True
United_States_of_America.regions.Iowa:Poweshiek,0.40037950664136623,0.1461100569259962,11.390443543526573,2.3692002328660053,True
United_States_of_America.regions.Iowa:Union,4.309297912713473,1.0,8.674417668626635,3.172488182481521,True
United_States_of_America.regions.Iowa:Washington,6.766603415559772,0.7438330170777988,34.89481103520772,2.7133655062369884,True
United_States_of_America.regions.Iowa:Winneshiek,3.3700189753320675,1.0,7.142924856437256,3.172488182481521,True
United_States_of_America.regions.Kansas:Atchison,3.1992409867172675,1.0,3.715725412973762,3.172488182481521,True
United_States_of_America.regions.Kansas:Barton,1.3586337760910818,1.0,1.7854931689566793,3.172488182481521,True
United_States_of_America.regions.Kansas:Butler,3.009487666034156,1.0,13.406566554022659,3.172488182481521,True
United_States_of_America.regions.Kansas:Cherokee,3.1518026565464896,1.0,6.0232061443623435,3.172488182481521,True
United_States_of_America.regions.Kansas:Cowley,3.8349146110056926,0.26944971537001894,12.620059064033297,1.0797006133570188,True
United_States_of_America.regions.Kansas:Ellis,1.4914611005692602,1.0,4.936889042659365,3.172488182481521,True
United_States_of_America.regions.Kansas:Finney,5.277039848197344,1.0,13.00760138374738,3.172488182481521,True
United_States_of_America.regions.Kansas:Ford,4.309297912713473,1.0,13.869176422880718,3.172488182481521,True
United_States_of_America.regions.Kansas:Jefferson,3.0189753320683113,1.0,6.734983359313687,3.172488182481521,True
United_States_of_America.regions.Kansas:Labette,7.060721062618596,1.0,43.48124133473959,3.172488182481521,True
United_States_of_America.regions.Kansas:Lyon,7.986717267552182,1.0,23.515986671267534,3.172488182481521,True
United_States_of_America.regions.Kansas:McPherson,3.5502846299810247,1.0,13.753237319989388,3.172488182481521,True
United_States_of_America.regions.Kansas:Neosho,4.309297912713473,1.0,10.59641806459138,3.172488182481521,True
United_States_of_America.regions.Kansas:Pottawatomie,3.445920303605313,1.0,9.201566978995649,3.172488182481521,True
United_States_of_America.regions.Kansas:Seward,20.722960151802656,1.0,103.47477088800339,3.172488182481521,True
United_States_of_America.regions.Kentucky:Ballard,2.127134724857685,1.0,23.74139705238709,3.172488182481521,True
United_States_of_America.regions.Kentucky:Bracken,4.043643263757116,1.0,6.142131852016651,3.172488182481521,True
United_States_of_America.regions.Kentucky:Breckinridge,2.8349146110056926,1.0,4.759965093845939,3.172488182481521,True
United_States_of_America.regions.Kentucky:Butler,3.569259962049336,0.8671726755218216,10.652484545862425,3.361050068848892,True
United_States_of_America.regions.Kentucky:Caldwell,3.4838709677419355,1.0,50.30231822737082,3.172488182481521,True
United_States_of_America.regions.Kentucky:Casey,4.309297912713473,1.0,10.65518312163429,3.172488182481521,True
United_States_of_America.regions.Kentucky:Clay,4.309297912713473,1.0,11.818811763403623,3.172488182481521,True
United_States_of_America.regions.Kentucky:Edmonson,0.5104364326375712,1.0,28.587789177784487,3.172488182481521,True
United_States_of_America.regions.Kentucky:Fleming,3.3225806451612905,1.0,3.3156942159796983,3.172488182481521,True
United_States_of_America.regions.Kentucky:Green,4.176470588235294,1.0,7.432914718071435,3.172488182481521,True
United_States_of_America.regions.Kentucky:Jackson,32.52751423149905,1.3605313092979125,266.1135513587371,12.778980341748918,True
United_States_of_America.regions.Kentucky:Knott,2.4117647058823533,1.0,6.352440050971381,3.172488182481521,True
United_States_of_America.regions.Kentucky:Lawrence,4.309297912713473,1.0,10.314991276948339,3.172488182481521,True
United_States_of_America.regions.Kentucky:Lewis,3.512333965844402,1.0,3.307233308189156,3.172488182481521,True
United_States_of_America.regions.Kentucky:Lyon,4.309297912713473,1.0,4.663416919462041,3.172488182481521,True
United_States_of_America.regions.Kentucky:Magoffin,3.0,1.0,4.466944753608345,3.1724881824815205,True
United_States_of_America.regions.Kentucky:McCreary,4.176470588235294,1.0,10.269328640924709,3.172488182481521,True
United_States_of_America.regions.Kentucky:McLean,0.30740037950664134,1.0,38.92610829032436,3.172488182481521,True
United_States_of_America.regions.Kentucky:Menifee,2.3415559772296013,1.0,28.891280987410024,3.172488182481521,True
United_States_of_America.regions.Kentucky:Metcalfe,3.7400379506641364,1.0,3.4641189747146943,3.172488182481521,True
United_States_of_America.regions.Kentucky:Monroe,2.7722960151802654,1.0,7.1908505545953565,3.172488182481521,True
United_States_of_America.regions.Kentucky:Morgan,4.309297912713473,1.0,9.329972359998512,3.172488182481521,True
United_States_of_America.regions.Kentucky:Nicholas,4.309297912713473,1.0,3.216225016603916,3.172488182481521,True
United_States_of_America.regions.Kentucky:Ohio,3.730550284629981,1.0,20.726014161892333,3.172488182481521,True
United_States_of_America.regions.Kentucky:Owen,4.309297912713473,1.0,7.670214561533791,3.172488182481521,True
United_States_of_America.regions.Kentucky:Todd,3.3567362428842507,1.0,52.44236168585547,3.172488182481521,True
United_States_of_America.regions.Kentucky:Trigg,1.1764705882352942,1.0,11.364815042826303,3.172488182481521,True
United_States_of_America.regions.Kentucky:Union,2.5066413662239087,1.0,6.347009510254274,3.172488182481521,True
United_States_of_America.regions.Kentucky:Washington,2.5787476280834913,1.0,5.732175260405261,3.172488182481521,True
United_States_of_America.regions.Kentucky:Webster,2.886148007590133,1.0,4.104351937406901,3.172488182481521,True
United_States_of_America.regions.Louisiana:Allen,17.104364326375713,1.4174573055028463,70.26299989977825,5.964466289355333,True
United_States_of_America.regions.Louisiana:Beauregard,2.383301707779886,1.0,6.795388692973105,3.172488182481521,True
United_States_of_America.regions.Louisiana:Concordia,8.020872865275143,0.06072106261859583,52.23365720453823,2.089876429623768,True
United_States_of_America.regions.Louisiana:De Soto,18.593927893738137,0.2030360531309298,69.96652586475635,1.0177259405241275,True
United_States_of_America.regions.Louisiana:East Feliciana,18.889943074003796,0.8671726755218216,109.62216819390723,3.023860947148258,True
United_States_of_America.regions.Louisiana:Franklin,18.785578747628087,0.8671726755218216,103.54041034492776,2.9933408412671785,True
United_States_of_America.regions.Louisiana:Grant,2.3738140417457307,1.0,9.811451604138313,3.172488182481521,True
United_States_of_America.regions.Louisiana:Jackson,2.307400379506641,1.0,8.404587991270796,3.172488182481521,True
United_States_of_America.regions.Louisiana:Morehouse,5.087286527514231,1.0,21.44189677376717,3.172488182481521,True
United_States_of_America.regions.Louisiana:Natchitoches,3.793168880455408,1.0,11.174139184944842,3.172488182481521,True
United_States_of_America.regions.Louisiana:Plaquemines,16.206831119544592,1.2656546489563567,75.61646035999867,5.808222603201661,True
United_States_of_America.regions.Louisiana:Pointe Coupee,11.472485768500949,1.0,58.469988509529436,3.172488182481521,True
United_States_of_America.regions.Louisiana:Richland,2.7533206831119545,1.0,10.696328651098684,3.172488182481521,True
United_States_of_America.regions.Louisiana:Vernon,3.0151802656546494,1.0,5.011263588737183,3.172488182481521,True
United_States_of_America.regions.Louisiana:West Carroll,1.6527514231499052,1.0,17.842323205777095,3.172488182481521,True
United_States_of_America.regions.Louisiana:West Feliciana,16.434535104364326,1.0,121.38393043627177,3.172488182481521,True
United_States_of_America.regions.Maine:Hancock,1.6527514231499054,1.0,10.193846760775905,3.172488182481521,True
United_States_of_America.regions.Maine:Oxford,2.193548387096774,1.0,5.414299877587961,3.172488182481521,True
United_States_of_America.regions.Michigan:Arenac,1.5578747628083494,1.0,9.27153318034479,3.172488182481521,True
United_States_of_America.regions.Michigan:Cheboygan,3.6736242884250476,0.2030360531309298,17.64557980161312,1.2688169337627502,True
United_States_of_America.regions.Michigan:Delta,2.430740037950664,0.5256166982922201,5.507662447249473,1.8468026758087621,True
United_States_of_America.regions.Michigan:Dickinson,2.67741935483871,0.5825426944971538,6.415860653514657,3.0767622290737346,True
United_States_of_America.regions.Michigan:Houghton,4.2523719165085385,1.0,13.881780400980723,3.172488182481521,True
United_States_of_America.regions.Michigan:Huron,1.444022770398482,1.0,4.367408644064272,3.172488182481521,True
United_States_of_America.regions.Michigan:Kalkaska,1.842504743833017,0.45920303605313095,20.0749693987688,3.95417264853438,True
United_States_of_America.regions.Michigan:Marquette,5.2201138519924095,0.7817836812144213,6.96529266946707,2.077193973228037,True
United_States_of_America.regions.Michigan:Missaukee,4.309297912713473,0.013282732447817839,10.229053320335463,3.4385616246647652,True
United_States_of_America.regions.Michigan:Ogemaw,2.9620493358633775,1.0,5.967170982730459,3.172488182481521,True
United_States_of_America.regions.Michigan:Osceola,2.3074003795066416,1.0,4.431052551677454,3.172488182481521,True
United_States_of_America.regions.Michigan:Sanilac,5.504743833017078,0.5256166982922201,10.842463329804666,1.639295114462706,True
United_States_of_America.regions.Minnesota:Becker,3.749525616698292,1.0,12.312492670805451,3.172488182481521,True
United_States_of_America.regions.Minnesota:Brown,1.535104364326376,0.5256166982922201,8.94795628467155,2.059463535662701,True
United_States_of_America.regions.Minnesota:Carlton,10.779886148007588,1.0,28.342105391850474,3.172488182481521,True
United_States_of_America.regions.Minnesota:Houston,4.309297912713473,1.0,11.467340799335789,3.172488182481521,True
United_States_of_America.regions.Minnesota:Kanabec,3.436432637571158,1.0,30.247929146123596,3.172488182481521,True
United_States_of_America.regions.Minnesota:Lyon,0.9886148007590133,1.0,1.8217741030713273,3.172488182481521,True
United_States_of_America.regions.Minnesota:Martin,8.74573055028463,0.7817836812144213,53.49286371297792,3.8741173108172657,True
United_States_of_America.regions.Minnesota:Meeker,3.8349146110056926,1.0,10.494605126043796,3.172488182481521,True
United_States_of_America.regions.Minnesota:Morrison,2.4686907020872866,1.0,8.33530649134128,3.172488182481521,True
United_States_of_America.regions.Minnesota:Nobles,67.45920303605313,0.7438330170777988,315.86248880415025,2.731482860746948,True
United_States_of_America.regions.Minnesota:Otter Tail,3.1518026565464896,1.0,13.171102486271424,3.172488182481521,True
United_States_of_America.regions.Minnesota:Wabasha,0.9127134724857686,1.0,7.34945988065131,3.172488182481521,True
United_States_of_America.regions.Minnesota:Waseca,3.1518026565464896,1.0,5.251726706940235,3.172488182481521,True
United_States_of_America.regions.Mississippi:Bolivar,5.548387096774194,0.8671726755218216,18.298297776707162,2.7633813410140045,True
United_States_of_America.regions.Mississippi:Chickasaw,6.804554079696395,0.8861480075901329,53.47904306038843,4.485990391039896,True
United_States_of_America.regions.Mississippi:Coahoma,9.91271347248577,1.0,51.35443266655849,3.172488182481521,True
United_States_of_America.regions.Mississippi:Copiah,1.842504743833017,1.0,5.691873982639452,3.172488182481521,True
United_States_of_America.regions.Mississippi:Lawrence,0.8937381404174574,1.0,18.54552582043293,3.172488182481521,True
United_States_of_America.regions.Mississippi:Leake,0.8368121442125237,1.0,5.752129124624609,3.172488182481521,True
United_States_of_America.regions.Mississippi:Newton,1.8899430740037952,1.0,8.876986878448387,3.172488182481521,True
United_States_of_America.regions.Mississippi:Smith,3.6451612903225805,1.0,11.345847042374741,3.172488182481521,True
United_States_of_America.regions.Mississippi:Stone,7.174573055028464,1.0,49.9271330378354,3.172488182481521,True
United_States_of_America.regions.Mississippi:Sunflower,5.681214421252372,0.2030360531309298,25.847071406504817,1.2896614444043375,True
United_States_of_America.regions.Mississippi:Walthall,1.2732447817836812,1.0,14.488870516738919,3.172488182481521,True
United_States_of_America.regions.Mississippi:Winston,1.7855787476280836,1.0,10.803315545125878,3.172488182481521,True
United_States_of_America.regions.Mississippi:Yazoo,1.908918406072106,1.0,6.463654600339844,3.172488182481521,True
United_States_of_America.regions.Missouri:Andrew,4.309297912713473,1.0,11.197795093126036,3.172488182481521,True
United_States_of_America.regions.Missouri:Audrain,4.309297912713473,1.0,12.904816128464272,3.172488182481521,True
United_States_of_America.regions.Missouri:Benton,2.6584440227703987,1.0,3.2097092131715503,3.172488182481521,True
United_States_of_America.regions.Missouri:Cedar,1.2087286527514232,1.0,18.266431946035993,3.172488182481521,True
United_States_of_America.regions.Missouri:Cooper,3.512333965844402,1.0,6.696505785074555,3.172488182481521,True
United_States_of_America.regions.Missouri:Crawford,1.994307400379507,1.0,4.120993403377048,3.172488182481521,True
United_States_of_America.regions.Missouri:Dallas,3.3415559772296017,1.0,5.185064577951965,3.172488182481521,True
United_States_of_America.regions.Missouri:DeKalb,2.924098671726755,1.0,6.034371604768515,3.172488182481521,True
United_States_of_America.regions.Missouri:Gasconade,3.3700189753320684,1.0,3.65669360709397,3.172488182481521,True
United_States_of_America.regions.Missouri:Henry,4.309297912713473,1.0,12.261573448407146,3.172488182481521,True
United_States_of_America.regions.Missouri:Howell,1.7476280834914613,1.0,7.965479064328772,3.172488182481521,True
United_States_of_America.regions.Missouri:Livingston,4.309297912713473,1.0,10.276403083295165,3.172488182481521,True
United_States_of_America.regions.Missouri:McDonald,3.0853889943074004,1.0,7.105501593304605,3.172488182481521,True
United_States_of_America.regions.Missouri:Mississippi,20.552182163187855,1.0,178.1849436901864,3.172488182481521,True
United_States_of_America.regions.Missouri:Moniteau,2.886148007590133,1.0,4.851058205596968,3.172488182481521,True
United_States_of_America.regions.Missouri:Morgan,4.309297912713473,1.0,11.99567014739249,3.172488182481521,True
United_States_of_America.regions.Missouri:New Madrid,1.7855787476280836,1.0,21.109915804144496,3.172488182481521,True
United_States_of_America.regions.Missouri:Pemiscot,2.9430740037950667,1.0,3.115145048226218,3.172488182481521,True
United_States_of_America.regions.Missouri:Perry,10.666034155597723,1.0,65.2453940522771,3.172488182481521,True
United_States_of_America.regions.Missouri:Pike,1.5388994307400379,1.0,8.7014448706843,3.172488182481521,True
United_States_of_America.regions.Missouri:Ray,1.9848197343453513,1.0,8.20821151545446,3.172488182481521,True
United_States_of_America.regions.Missouri:Saline,20.311195445920305,1.0,94.69086976734322,3.172488182481521,True
United_States_of_America.regions.Missouri:Ste. Genevieve,0.9184060721062619,0.2030360531309298,17.01801644722937,2.5695762238916844,True
United_States_of_America.regions.Missouri:Stoddard,1.9563567362428844,1.0,7.486742338264915,3.172488182481521,True
United_States_of_America.regions.Missouri:Washington,1.96584440227704,1.0,5.128812119072267,3.172488182481521,True
United_States_of_America.regions.Missouri:Wright,1.2637571157495255,1.0,16.636373019674227,3.172488182481521,True
United_States_of_America.regions.Montana:Gallatin,10.865275142314992,1.0,8.912136852316824,3.172488182481521,True
United_States_of_America.regions.Montana:Missoula,1.2030360531309299,1.0,12.426684510927664,3.172488182481521,True
United_States_of_America.regions.Nebraska:Otoe,4.309297912713473,1.0,10.598368872367036,3.172488182481521,True
United_States_of_America.regions.Nebraska:Saunders,2.383301707779886,1.0,3.2835949561071938,3.172488182481521,True
United_States_of_America.regions.Nebraska:Seward,4.176470588235294,1.0,10.289488377152141,3.172488182481521,True
United_States_of_America.regions.Nevada:Lyon,2.9240986717267554,1.0,12.696233588214678,3.172488182481521,True
United_States_of_America.regions.New Mexico:Curry,1.1214421252371918,1.0,7.475016827770954,3.172488182481521,True
United_States_of_America.regions.New York:Allegany,2.777988614800759,1.0,11.351703158094459,3.172488182481521,True
United_States_of_America.regions.New York:Delaware,3.094876660341556,1.0,11.826303549972865,3.172488182481521,True
United_States_of_America.regions.New York:Franklin,3.588235294117647,1.0,2.7661448194502056,3.172488182481521,True
United_States_of_America.regions.New York:Herkimer,2.4781783681214424,1.0,12.226650125181767,3.172488182481521,True
United_States_of_America.regions.North Carolina:Bertie,1.4117647058823528,0.3453510436432638,16.10703599582035,2.4739149248005385,True
United_States_of_America.regions.North Carolina:Bladen,4.214421252371917,1.0,13.497689346143442,3.172488182481521,True
United_States_of_America.regions.North Carolina:Gates,1.9278937381404175,1.0,14.124788640311111,3.172488182481521,True
United_States_of_America.regions.North Carolina:Northampton,28.863377609108163,1.0,157.46887319320507,3.172488182481521,True
United_States_of_America.regions.North Carolina:Pamlico,2.392789373814042,1.0,8.044525734256244,3.172488182481521,True
United_States_of_America.regions.North Carolina:Swain,0.7153700189753321,1.0,15.346966741985852,3.172488182481521,True
United_States_of_America.regions.North Carolina:Washington,3.8918406072106264,0.5256166982922201,49.241643182866476,4.259111625936013,True
United_States_of_America.regions.North Dakota:Grand Forks,4.817836812144213,1.0,2.3931325089627253,3.172488182481521,True
United_States_of_America.regions.North Dakota:Ward,2.8576850094876662,1.0,13.219236838720185,3.172488182481521,True
United_States_of_America.regions.Ohio:Harrison,2.601518026565465,1.0,4.469726160398137,3.172488182481521,True
United_States_of_America.regions.Ohio:Monroe,3.3092979127134727,1.0,2.433718300958439,3.172488182481521,True
United_States_of_America.regions.Ohio:Morgan,2.8671726755218216,1.0,2.294407847099516,3.172488182481521,True
United_States_of_America.regions.Ohio:Noble,2.392789373814042,1.0,6.616914905811196,3.172488182481521,True
United_States_of_America.regions.Ohio:Vinton,3.6660341555977234,1.0,51.54581915297331,3.172488182481521,True
United_States_of_America.regions.Oklahoma:Adair,8.318785578747628,0.8671726755218216,41.915193662992216,2.9281849816506824,True
United_States_of_America.regions.Oklahoma:Custer,2.2409867172675524,1.0,6.264395861994467,3.172488182481521,True
United_States_of_America.regions.Oklahoma:Garvin,1.8330170777988617,1.0,6.690909881088566,3.172488182481521,True
United_States_of_America.regions.Oklahoma:Jackson,4.309297912713473,1.0,12.767044037415996,3.172488182481521,True
United_States_of_America.regions.Oklahoma:Le Flore,3.79696394686907,1.0,13.810098208839525,3.172488182481521,True
United_States_of_America.regions.Oklahoma:Lincoln,2.222011385199241,1.0,5.5357030510492695,3.172488182481521,True
United_States_of_America.regions.Oklahoma:McIntosh,3.3225806451612905,1.0,6.7053032383263576,3.172488182481521,True
United_States_of_America.regions.Oklahoma:Murray,4.242884250474384,1.0,9.26595687967912,3.172488182481521,True
United_States_of_America.regions.Oklahoma:Pawnee,5.599620493358634,0.1461100569259962,41.901350257972744,2.9688533184970107,True
United_States_of_America.regions.Oklahoma:Pittsburg,1.715370018975332,1.0,6.002873464097358,3.172488182481521,True
United_States_of_America.regions.Oklahoma:Seminole,1.870967741935484,0.26944971537001894,5.720428317130995,1.5487488738358093,True
United_States_of_America.regions.Oregon:Coos,3.208728652751423,1.0,13.586331837515015,3.172488182481521,True
United_States_of_America.regions.Oregon:Linn,11.193548387096774,0.6299810246679317,4.165579181252463,2.887307583531187,True
United_States_of_America.regions.Pennsylvania:Clinton,2.1176470588235294,1.0,3.934018522109741,3.172488182481521,True
United_States_of_America.regions.Pennsylvania:Elk,3.3092979127134727,1.0,10.156958038149002,3.172488182481521,True
United_States_of_America.regions.Pennsylvania:Fulton,3.7400379506641364,1.0,6.043547500296481,3.172488182481521,True
United_States_of_America.regions.Pennsylvania:McKean,4.309297912713473,1.0,14.38214642381883,3.172488182481521,True
United_States_of_America.regions.Pennsylvania:Tioga,3.4838709677419355,1.0,7.786543714785601,3.172488182481521,True
United_States_of_America.regions.South Carolina:Bamberg,0.7855787476280836,1.0,26.109149826360927,3.172488182481521,True
United_States_of_America.regions.South Carolina:Barnwell,1.7001897533206833,1.0,3.883992322725724,3.172488182481521,True
United_States_of_America.regions.South Carolina:Calhoun,4.053130929791272,1.0,8.212014556750125,3.172488182481521,True
United_States_of_America.regions.South Carolina:Colleton,1.2352941176470589,1.0,5.2045009837264775,3.172488182481521,True
United_States_of_America.regions.South Carolina:Fairfield,2.5351043643263758,1.0,4.854710873873168,3.172488182481521,True
United_States_of_America.regions.South Carolina:Hampton,2.6584440227703983,1.0,20.604805893376025,3.172488182481521,True
United_States_of_America.regions.South Carolina:Lee,2.032258064516129,1.0,8.162553458115406,3.172488182481521,True
United_States_of_America.regions.South Carolina:Williamsburg,3.426944971537002,1.0,11.522884732051295,3.172488182481521,True
United_States_of_America.regions.South Dakota:Clay,1.013282732447818,1.0,16.521611160841637,3.172488182481521,True
United_States_of_America.regions.South Dakota:Codington,1.9943074003795065,1.0,8.208695496730343,3.172488182481521,True
United_States_of_America.regions.South Dakota:Lawrence,3.015180265654649,1.0,15.028278529531502,3.172488182481521,True
United_States_of_America.regions.South Dakota:Union,2.715370018975332,1.0,3.0964327024062386,3.172488182481521,True
United_States_of_America.regions.Tennessee:Benton,1.5009487666034156,1.0,6.907462045233689,3.172488182481521,True
United_States_of_America.regions.Tennessee:Bledsoe,2.654648956356736,1.0,2.250752280313635,3.172488182481521,True
United_States_of_America.regions.Tennessee:Clay,3.066413662239089,1.0,13.749670449366436,3.172488182481521,True
United_States_of_America.regions.Tennessee:Decatur,1.4629981024667935,1.0,17.879483217184518,3.172488182481521,True
United_States_of_America.regions.Tennessee:Fentress,3.512333965844402,1.0,7.142427276605632,3.172488182481521,True
United_States_of_America.regions.Tennessee:Grundy,4.537001897533207,1.0,44.35752421204737,3.172488182481521,True
United_States_of_America.regions.Tennessee:Hardeman,0.9316888045540797,1.0,6.528068610372305,3.172488182481521,True
United_States_of_America.regions.Tennessee:Haywood,3.337760910815939,0.7438330170777988,24.666495971478,3.0275064485844254,True
United_States_of_America.regions.Tennessee:Hickman,3.407969639468691,1.0,9.292138800502332,3.172488182481521,True
United_States_of_America.regions.Tennessee:Houston,3.8538899430740035,1.0,6.297202525104003,3.172488182481521,True
United_States_of_America.regions.Tennessee:Humphreys,1.6394686907020875,1.0,3.1396926445245272,3.172488182481521,True
United_States_of_America.regions.Tennessee:Jackson,0.5388994307400379,1.0,25.563429205879505,3.172488182481521,True
United_States_of_America.regions.Tennessee:Morgan,1.4819734345351043,1.0,6.063018661268899,3.172488182481521,True
United_States_of_America.regions.Tennessee:Pickett,3.8333333333333335,1.0,4.47613279154006,3.1724881824815205,True
United_States_of_America.regions.Tennessee:Polk,1.2447817836812143,1.0,7.513812948792526,3.172488182481521,True
United_States_of_America.regions.Tennessee:Scott,2.939278937381404,1.0,6.104066545081472,3.172488182481521,True
United_States_of_America.regions.Tennessee:Stewart,1.6622390891840608,1.0,10.255773994720911,3.172488182481521,True
United_States_of_America.regions.Texas:Atascosa,2.79696394686907,1.0,11.93227408668585,3.172488182481521,True
United_States_of_America.regions.Texas:Bandera,1.9563567362428844,1.0,3.1586691324926557,3.172488182481521,True
United_States_of_America.regions.Texas:Bee,1.4345351043643264,1.0,4.94513488274975,3.172488182481521,True
United_States_of_America.regions.Texas:Brown,2.52561669829222,1.0,9.491896341037485,3.172488182481521,True
United_States_of_America.regions.Texas:Burleson,2.0227703984819736,1.0,8.788250875377285,3.172488182481521,True
United_States_of_America.regions.Texas:Calhoun,4.011385199240986,1.0,24.10546088929865,3.172488182481521,True
United_States_of_America.regions.Texas:Cass,3.2656546489563563,1.0,10.037439418904498,3.172488182481521,True
United_States_of_America.regions.Texas:Erath,2.4022770398481974,0.4307400379506641,6.813290257797502,1.8392642327664614,True
United_States_of_America.regions.Texas:Fannin,4.309297912713473,1.0,14.027893929677843,3.172488182481521,True
United_States_of_America.regions.Texas:Franklin,4.309297912713473,1.0,7.5196755613479676,3.172488182481521,True
United_States_of_America.regions.Texas:Grimes,2.379506641366224,1.0,6.698978267118897,3.172488182481521,True
United_States_of_America.regions.Texas:Hale,2.3358633776091082,1.0,6.791253340246076,3.172488182481521,True
United_States_of_America.regions.Texas:Hill,1.1688804554079697,1.0,3.1118993808395907,3.172488182481521,True
United_States_of_America.regions.Texas:Howard,4.176470588235294,0.013282732447817839,13.753931109233088,0.48124536240683646,True
United_States_of_America.regions.Texas:Jasper,1.4307400379506643,0.26944971537001894,3.3193411499122742,1.1162797763063372,True
United_States_of_America.regions.Texas:Kleberg,3.4648956356736242,1.0,10.831943434771084,3.172488182481521,True
United_States_of_America.regions.Texas:Lampasas,2.67741935483871,1.0,4.561257417209249,3.172488182481521,True
United_States_of_America.regions.Texas:Lee,3.3225806451612905,1.0,5.319134345580146,3.172488182481521,True
United_States_of_America.regions.Texas:Madison,3.7400379506641364,1.0,5.85754681444343,3.172488182481521,True
United_States_of_America.regions.Texas:Matagorda,2.7210626185958255,0.0,6.927723481276324,0.44345398768305966,True
United_States_of_America.regions.Texas:Maverick,2.060721062618596,1.0,10.05131609553574,3.172488182481521,True
United_States_of_America.regions.Texas:Medina,3.1707779886148004,1.0,12.697980938205712,3.172488182481521,True
United_States_of_America.regions.Texas:Palo Pinto,1.7381404174573054,0.4307400379506641,4.609084538458916,1.5108022808774901,True
United_States_of_America.regions.Texas:Panola,6.4459203036053125,0.013282732447817839,31.92408025183467,1.1659823334867256,True
United_States_of_America.regions.Texas:Shelby,6.681214421252371,1.0,28.580745583301685,3.172488182481521,True
United_States_of_America.regions.Texas:Wharton,3.7703984819734346,1.0,6.154910094571941,3.172488182481521,True
United_States_of_America.regions.Texas:Willacy,1.0834914611005693,0.3453510436432638,5.7387061990577095,2.083878961579459,True
United_States_of_America.regions.Utah:Wasatch,15.514231499051233,1.0,44.5589014621475,3.172488182481521,True
United_States_of_America.regions.Vermont:Orleans,1.6774193548387097,1.0,8.542371619494713,3.172488182481521,True
United_States_of_America.regions.Virginia:Alleghany,3.142314990512334,1.0,4.355175242031307,3.172488182481521,True
United_States_of_America.regions.Virginia:Amelia,1.5578747628083494,1.0,22.83177793984139,3.172488182481521,True
United_States_of_America.regions.Virginia:Brunswick,3.464895635673624,1.0,5.480230526169022,3.172488182481521,True
United_States_of_America.regions.Virginia:Buchanan,5.590132827324478,1.0,30.961159105707342,3.172488182481521,True
United_States_of_America.regions.Virginia:Buckingham,4.912713472485769,1.0,38.59806454137892,3.172488182481521,True
United_States_of_America.regions.Virginia:Charles City,4.309297912713473,1.0,2.6850706718872823,3.172488182481521,True
United_States_of_America.regions.Virginia:Cumberland,2.20303605313093,1.0,50.709652143719985,3.172488182481521,True
United_States_of_America.regions.Virginia:Floyd,4.309297912713473,1.0,10.494075386341482,3.172488182481521,True
United_States_of_America.regions.Virginia:Grayson,2.6963946869070203,1.0,26.111136915713214,3.172488182481521,True
United_States_of_America.regions.Virginia:Greensville,0.9316888045540799,1.0,28.738950586403043,3.172488182481521,True
United_States_of_America.regions.Virginia:Halifax,4.053130929791272,1.0,13.139379548085609,3.172488182481521,True
United_States_of_America.regions.Virginia:Lunenburg,2.3415559772296017,1.0,7.490046956917806,3.172488182481521,True
United_States_of_America.regions.Virginia:Madison,2.326375711574953,1.0,6.098111823086326,3.172488182481521,True
United_States_of_America.regions.Virginia:Nelson,3.3700189753320684,1.0,3.8545426389982578,3.172488182481521,True
United_States_of_America.regions.Virginia:Patrick,3.3700189753320684,1.0,5.8300607521144245,3.172488182481521,True
United_States_of_America.regions.Virginia:Rockbridge,3.1992409867172675,1.0,7.495982205180953,3.172488182481521,True
United_States_of_America.regions.Virginia:Scott,1.284629981024668,0.6299810246679317,2.929411832796705,2.540478061137886,True
United_States_of_America.regions.Virginia:Southampton,1.7001897533206833,1.0,9.418961255878807,3.172488182481521,True
United_States_of_America.regions.Washington:Asotin,1.2732447817836812,1.0,9.20880183322148,3.172488182481521,True
United_States_of_America.regions.Washington:Clallam,0.7324478178368121,1.0,9.968191169330346,3.172488182481521,True
United_States_of_America.regions.Washington:Grays Harbor,4.309297912713473,1.0,15.51143511517038,3.172488182481521,True
United_States_of_America.regions.West Virginia:Boone,3.654648956356736,1.0,9.132220298710807,3.172488182481521,True
United_States_of_America.regions.West Virginia:Braxton,4.309297912713473,1.0,9.678821376007145,3.172488182481521,True
United_States_of_America.regions.West Virginia:Greenbrier,2.383301707779886,1.0,8.402174860160864,3.172488182481521,True
United_States_of_America.regions.West Virginia:Hampshire,0.9089184060721064,0.6299810246679317,8.695985258198268,2.421356412182226,True
United_States_of_America.regions.West Virginia:Lewis,3.407969639468691,1.0,4.890907659954753,3.172488182481521,True
United_States_of_America.regions.West Virginia:McDowell,0.5104364326375712,1.0,15.26612873096923,3.172488182481521,True
United_States_of_America.regions.West Virginia:Monroe,1.3396584440227703,1.0,15.30469328107983,3.172488182481521,True
United_States_of_America.regions.West Virginia:Nicholas,2.3225806451612905,1.0,4.651011520105078,3.172488182481521,True
United_States_of_America.regions.West Virginia:Randolph,2.259962049335863,1.0,6.2169699058221495,3.172488182481521,True
United_States_of_America.regions.West Virginia:Roane,3.091081593927894,1.0,2.79148971378115,3.172488182481521,True
United_States_of_America.regions.West Virginia:Summers,4.309297912713473,1.0,8.890133624719418,3.172488182481521,True
United_States_of_America.regions.West Virginia:Tyler,2.4402277039848195,1.0,16.620279334003605,3.172488182481521,True
United_States_of_America.regions.West Virginia:Wetzel,3.0094876660341554,1.0,2.8736121520954825,3.172488182481521,True
United_States_of_America.regions.West Virginia:Wyoming,4.309297912713473,1.0,11.940281923701903,3.172488182481521,True
United_States_of_America.regions.Wisconsin:Adams,3.037950664136622,0.7438330170777988,5.6105135274104585,2.8140137556886136,True
United_States_of_America.regions.Wisconsin:Clark,1.1024667931688805,1.0,2.3583242659608254,3.172488182481521,True
United_States_of_America.regions.Wisconsin:Crawford,2.8387096774193545,1.0,2.617870174141487,3.172488182481521,True
United_States_of_America.regions.Wisconsin:Douglas,0.8747628083491462,1.0,4.675725712004552,3.172488182481521,True
United_States_of_America.regions.Wisconsin:Grant,3.256166982922201,1.0,12.852295220334119,3.172488182481521,True
United_States_of_America.regions.Wisconsin:Iowa,2.1764705882352944,1.0,3.6127222851453733,3.172488182481521,True
United_States_of_America.regions.Wisconsin:Juneau,1.2352941176470587,1.0,2.1775453071151807,3.172488182481521,True
United_States_of_America.regions.Wisconsin:Lafayette,2.4402277039848195,1.0,1.9008649596129878,3.172488182481521,True
United_States_of_America.regions.Wisconsin:Lincoln,4.176470588235294,1.0,12.738196810562314,3.172488182481521,True
United_States_of_America.regions.Wisconsin:Marinette,2.9810246679316887,1.0,11.073490970160805,3.172488182481521,True
United_States_of_America.regions.Wisconsin:Marquette,3.3092979127134727,1.0,4.020223615648106,3.172488182481521,True
United_States_of_America.regions.Wisconsin:Oconto,3.0853889943074004,1.0,10.98049237703651,3.172488182481521,True
United_States_of_America.regions.Wisconsin:Oneida,1.425047438330171,1.0,5.9313363128518795,3.172488182481521,True
United_States_of_America.regions.Wisconsin:Pepin,3.4,1.0,1.4756184226297322,3.1724881824815205,True
United_States_of_America.regions.Wisconsin:Richland,2.654648956356736,1.0,2.3253726575247553,3.172488182481521,True
United_States_of_America.regions.Wisconsin:Trempealeau,4.309297912713473,1.0,13.470889850111584,3.172488182481521,True
United_States_of_America.regions.Wisconsin:Vernon,3.8349146110056926,1.0,12.06014292926171,3.172488182481521,True
United_States_of_America.regions.Wisconsin:Waushara,3.3700189753320684,1.0,8.909802230276476,3.172488182481521,True
Brazil.regions.MG:Belo Horizonte,79.37571157495258,1.0,13.475732834141398,3.172488182481521,False
Brazil.regions.PA:Paragominas,27.768500948766608,1.825426944971537,13.28141337666754,0.7323354440138208,False
Slovenia,136.79506641366225,0.8671726755218216,9.973868135798492,3.166063246646162,False
United_States_of_America.regions.California:Riverside,9.584440227703984,1.6072106261859582,16.255579593462063,3.101826452228992,False
Czechia,80.44022770398482,1.0,16.036933325560003,3.172488182481521,False
Portugal,85.47248576850095,1.0,15.961261690272412,3.172488182481521,False
United_States_of_America.regions.New York:Albany,82.02846299810247,1.0,16.932612968842264,3.172488182481521,False
Brazil.regions.ES:Águia Branca,2.066666666666667,0.6666666666666666,11.989649489146815,13.15315837847384,False
Brazil.regions.GO:Joviânia,3.533333333333333,0.0,2.636510755686212,10.364807065927849,False
Brazil.regions.MA:Carutapera,7.764705882352941,2.4705882352941178,38.072952217454535,11.378219518117817,False
Brazil.regions.MA:Santo Antônio dos Lopes,55.82753403933434,1.0,402.48683927222,3.17248818248152,False
Brazil.regions.MA:Timbiras,7.414523449319213,1.4538577912254163,26.349623250825715,4.967861780606004,False
Brazil.regions.MA:Turilândia,43.31713554987212,1.0,172.79060149491073,3.17248818248152,False
Brazil.regions.MG:Belo Vale,4.309297912713473,0.013282732447817839,3.914931278155691,9.701385613381742,False
Brazil.regions.MG:Bonfim,4.309297912713473,0.09867172675521822,2.5105417928024103,10.577173223073776,False
Brazil.regions.MG:Estrela Dalva,1.911111111111111,0.8,110.70462731796488,10.439557783581956,False
Brazil.regions.MS:Vicentina,3.4285714285714284,0.0,6.114359335263058,13.215581302933098,False
Brazil.regions.PB:Amparo,2.8,1.0,280.9472182169205,3.1724881824815205,False
Brazil.regions.PB:São José da Lagoa Tapada,8.0,1.0,144.58396601188255,3.1724881824815205,False
Brazil.regions.PB:São José do Sabugi,18.805555555555557,1.0,535.3921114057518,3.1724881824815205,False
Brazil.regions.PI:São José do Divino,3.5692599620493364,0.0,15.704724217974858,15.533086078648294,False
Brazil.regions.PR:Amaporã,4.9829222011385195,1.0,141.82490610298245,3.172488182481521,False
Brazil.regions.RN:Taboleiro Grande,2.6299810246679316,0.09867172675521822,87.57240584128108,32.57939114914439,False
Brazil.regions.RS:Canudos do Vale,2.3700189753320684,1.0,154.4429664771954,3.172488182481521,False
Brazil.regions.RS:Doutor Maurício Cardoso,4.309297912713473,0.2030360531309298,5.139168489010702,15.635312364549986,False
Brazil.regions.RS:Esperança do Sul,1.9166666666666667,0.08333333333333333,84.3473278516583,28.684580649937086,False
Brazil.regions.RS:Sério,1.01707779886148,1.0,201.9239050153559,3.172488182481521,False
Brazil.regions.RS:Tunas,2.573055028462998,0.0,43.04344324444078,18.714139088256058,False
Brazil.regions.SC:Guatambú,2.6056955093099674,1.0,143.05461113512771,3.172488182481521,False
Brazil.regions.SC:Zortéa,1.9089184060721063,1.0,179.05983263226526,3.172488182481521,False
Brazil.regions.SP:Arandu,3.258064516129032,1.0,117.50894943817376,23.18935727481786,False
Brazil.regions.SP:Caiabu,4.309297912713473,0.0,7.016968896556331,20.688165599432104,False
Brazil.regions.SP:Pedrinhas Paulista,2.512333965844402,0.0,73.5851527114442,29.158581975940724,False
Brazil.regions.SP:Santo Antônio da Alegria,4.309297912713473,0.0,2.6231576023126255,11.259608801210208,False
Brazil.regions.SP:São João das Duas Pontes,2.761904761904762,0.0,61.071279936051,35.76832178636583,False
United_States_of_America.regions.Alabama:Chambers,17.962049335863377,1.6356736242884249,53.45251435074276,4.961707268428249,False
United_States_of_America.regions.Kentucky:Adair,29.880455407969638,0.9715370018975333,165.6859259019441,6.963554336682097,False
United_States_of_America.regions.Tennessee:Lake,17.6280834914611,1.0,299.53806331176986,3.172488182481521,False
United_States_of_America.regions.New York:Westchester,169.84819734345353,1.0,5.831057690146938,3.172488182481521,False
Brazil.regions.AM:Amaturá,30.333965844402275,0.4307400379506641,292.1305155057293,4.495186238519267,False
Brazil.regions.AM:Itapiranga,10.59203036053131,0.06072106261859583,155.65179115320402,7.480373384127083,False
Brazil.regions.AM:Rio Preto da Eva,77.71157495256166,0.6869070208728654,232.1616902557277,2.006145997921264,False
Brazil.regions.AP:Pracuúba,2.411764705882353,0.5256166982922201,39.74876056056301,9.427836206692602,False
Brazil.regions.TO:Lizarda,4.309297912713473,0.0,9.89428302908121,23.565479731956984,False
United_States_of_America.regions.Colorado:Cheyenne,0.26021180030257185,1.0,238.25358438860633,3.17248818248152,False
United_States_of_America.regions.Montana:Toole,6.624288425047438,1.730550284629981,233.44959938563096,50.94190150551216,False
United_States_of_America.regions.New Mexico:Harding,4.309297912713473,1.0,143.1563151146427,3.172488182481521,False
United_States_of_America.regions.North Dakota:Emmons,4.309297912713473,0.03225806451612903,14.010989597826908,26.891550877534257,False
United_States_of_America.regions.North Dakota:McHenry,4.309297912713473,0.09867172675521822,1.7678989466536519,13.1424984453655,False
United_States_of_America.regions.Oklahoma:Osage,16.842504743833018,1.3415559772296015,30.944722667034537,2.910067487335391,False
United_States_of_America.regions.South Dakota:Stanley,2.3548387096774195,1.0,211.43605242450653,3.172488182481521,False
United_States_of_America.regions.Texas:Oldham,3.654648956356736,0.09867172675521822,61.50143615426091,40.130109680911985,False
United_States_of_America.regions.Utah:Summit,61.45920303605313,1.0,141.6669711653846,3.172488182481521,False
Switzerland,158.23719165085387,0.6869070208728654,14.925618585727612,3.162796140241242,False
Brazil.regions.MG:Alfredo Vasconcelos,3.8666666666666663,0.22222222222222218,1.4382068911229395,9.498224355613477,False
Brazil.regions.RN:Encanto,2.20303605313093,0.2030360531309298,38.25141727112625,12.25134982640296,False
Brazil.regions.RN:Itaú,6.952380952380953,1.0,178.66345316575115,3.1724881824815205,False
Brazil.regions.RN:Tenente Ananias,3.5787476280834913,0.7305502846299811,2.7318030273181826,12.871923876020068,False
Brazil.regions.SP:Lavrinhas,3.3700189753320684,0.0,9.868146208050476,10.601616500714071,False
Brazil.regions.SP:Poloni,3.8666666666666663,0.3333333333333333,1.0649311709429097,9.945419711852589,False
Brazil.regions.SP:Presidente Venceslau,1.5825426944971537,1.413662239089184,3.892762196882927,3.0135247539934773,False
United_States_of_America.regions.Washington:Benton,46.55787476280835,2.950664136622391,17.350953804099635,1.2395833747011051,False
United_States_of_America.regions.Pennsylvania:Allegheny,62.63946869070209,0.7438330170777988,11.265674240636743,3.0734019162382675,False
United_States_of_America.regions.New Jersey,82.4022770398482,0.9335863377609108,15.858791791409423,3.15529068691456,False
United_States_of_America.regions.Illinois:DuPage,100.50474383301707,1.189753320683112,6.239845547946166,3.0491276863937005,False
United_States_of_America.regions.New York,234.26185958254268,1.0,15.613762214049197,3.171122598828449,False
United_States_of_America.regions.Connecticut:Fairfield,57.72485768500949,1.6356736242884249,10.206265267894253,3.004526083485199,False
United_States_of_America.regions.Rhode Island:Providence,417.0796963946869,5.335863377609108,50.733648626072444,2.2651971061573053,False
United_States_of_America.regions.New Jersey:Middlesex,105.15939278937383,0.6299810246679317,8.915469017208654,3.1276407679439386,False
Sweden.regions.Skåne,98.78747628083491,1.0,9.22423716731147,3.172488182481521,False
Brazil.regions.MG:São Geraldo da Piedade,4.309297912713473,0.013282732447817839,8.396093004597272,21.816315114161963,False
Brazil.regions.MG:São Tomás de Aquino,3.407969639468691,0.013282732447817839,10.359824647264833,10.965590007294187,False
Brazil.regions.PA:Magalhães Barata,7.810246679316887,0.8197343453510437,109.31488745023698,12.226901301553303,False
Brazil.regions.PB:Condado,11.222343921139101,1.0,228.19148267595597,3.172488182481521,False
Brazil.regions.RS:Santa Tereza,2.512333965844402,0.0,144.92403905154669,54.66441175968157,False
Brazil.regions.RS:Tio Hugo,3.5787476280834913,0.09867172675521822,40.27018589451008,27.200389289518018,False
Brazil.regions.SC:Lindóia do Sul,3.859582542694497,1.0,157.1488405887037,3.172488182481521,False
Brazil.regions.SC:Pedras Grandes,3.407969639468691,0.0,30.976442711342457,21.978417250114056,False
Brazil.regions.SC:Presidente Castello Branco,0.6337760910815939,1.0,343.05834044090227,3.172488182481521,False
Brazil.regions.SP:Gastão Vidigal,2.8593350383631715,0.4629156010230179,29.967853454046985,10.935340942706443,False
United_States_of_America.regions.Louisiana:St. Martin,37.66793168880456,2.2808349146110056,64.7169738518186,3.2245599770657427,False
Brazil.regions.PE:Limoeiro,2.4781783681214424,1.6546489563567364,4.96259696631871,2.1132407315938346,False
Brazil.regions.PE:Paudalho,2.4364326375711576,1.6129032258064515,3.3642343982937706,2.2075772917819445,False
United_States_of_America.regions.South Carolina:Richland,62.04174573055029,0.8956356736242884,5.453539141991316,2.9693892051798025,False
United_States_of_America.regions.Virginia:James City,19.330170777988613,1.3605313092979128,16.28807171062841,0.881647455873405,False
Brazil.regions.RN:Senador Georgino Avelino,3.3333333333333335,0.4666666666666666,19.0950920464578,11.800512799846578,False
United_States_of_America.regions.Louisiana:Ascension,60.182163187855785,0.40227703984819735,39.12783408405801,2.490536894127156,False
Brazil.regions.PE:Igarassu,7.573055028462999,1.5787476280834916,7.0893083804880455,1.4254977360969263,False
United_States_of_America.regions.Texas:Denton,60.44781783681214,0.7628083491461101,9.473049918115823,3.1158107329336424,False
United_States_of_America.regions.Massachusetts:Plymouth,93.5237191650854,1.0,13.27677387752554,3.172488182481521,False
Sweden.regions.Västra Götaland,65.11195445920303,1.0,12.725034998766326,3.172488182481521,False
Brazil.regions.PE:Fernando de Noronha,4.375711574952562,1.0,244.26085177497188,3.172488182481521,False
United_States_of_America.regions.New York:Putnam,61.165085388994314,1.0,54.649440461652596,3.172488182481521,False
Brazil.regions.PE:Água Preta,4.1669829222011385,2.89753320683112,9.792038760601029,7.439020437251163,False
Brazil.regions.RN:Lagoa de Pedras,4.309297912713473,0.0,3.6568069871791677,10.08307915580056,False
Brazil.regions.RS:Nova Araçá,5.400379506641366,1.0,200.54129186697017,3.172488182481521,False
United_States_of_America.regions.South Carolina:Florence,9.10056925996205,1.8975332068311197,6.7970895114645735,1.194966305570201,False
Brazil.regions.CE,205.26565464895637,1.8633776091081593,14.537802778769176,3.152644460028386,False
Tajikistan,524.7950664136623,14.358633776091082,11.01889795283256,3.005061915525482,False
United_States_of_America.regions.Michigan,497.8633776091082,4.396584440227704,11.806628249182797,3.125367428144684,False
Bulgaria,60.98481973434535,1.0853889943074002,15.90172801231987,3.145609089629066,False
Brazil.regions.AM:Tapauá,20.61480075901328,0.2030360531309298,133.5788580422034,2.7611656631922377,False
United_States_of_America.regions.Maine,71.32068311195445,1.0,11.15875889857077,3.172488182481521,False
Slovakia,58.673624288425046,1.0,15.67120193751094,3.172488182481521,False
United_States_of_America.regions.Idaho,61.994307400379505,1.1328273244781784,13.08199133093112,3.1501900582703404,False
Brazil.regions.SP:Itapevi,7.59203036053131,1.5597722960151803,11.449645390802024,2.2185326998718495,False
Puerto_Rico,454.5825426944972,17.98292220113852,3.203663901644436,2.578371963285178,False
Sweden.regions.Stockholm,182.0493358633776,1.0,8.850991931567686,3.172488182481521,False
United_States_of_America.regions.Washington:King,120.31499051233396,17.034155597722958,11.270815782605206,2.373139193860903,False
Brazil.regions.CE:Morrinhos,22.87855787476281,1.5123339658444024,107.67224051991978,6.094323089674648,False
Brazil.regions.MA:Pinheiro,65.74952561669829,1.3700189753320684,69.19403775827534,1.6780669212733492,False
Brazil.regions.SP:Leme,0.6944971537001897,1.3567362428842507,12.38023955741455,0.8930477641818133,False
United_States_of_America.regions.Michigan:Genesee,110.94117647058825,3.6755218216318783,16.596060172231756,2.1531461725183503,False
United_States_of_America.regions.Ohio:Hamilton,74.6944971537002,1.0,7.0634641151762105,3.172488182481521,False
Mauritius,91.73055028462997,1.71157495256167,9.176487168095276,2.9632846301680105,False
United_States_of_America.regions.New York:Suffolk,183.69259962049335,2.859582542694497,12.424220800623598,2.957881768466632,False
Brazil.regions.AM:Silves,11.297912713472485,0.4307400379506641,162.83332272691447,5.767721554046328,False
Brazil.regions.AP:Cutias,21.06451612903226,0.7438330170777988,422.63680395065853,5.828695591499523,False
Brazil.regions.GO:Aparecida do Rio Doce,3.0,0.0,27.730419137495097,37.24788368493965,False
Brazil.regions.GO:Colinas do Sul,3.0,0.0,16.87835004949438,26.395814596938944,False
Brazil.regions.MG:Presidente Juscelino,4.309297912713473,0.06072106261859583,10.62129726240431,23.010064771637666,False
Brazil.regions.MT:Ponte Branca,3.890909090909091,0.05454545454545456,47.93542535724566,57.16437208809468,False
Brazil.regions.MT:Vale de São Domingos,2.8909090909090907,0.0,48.442714905132995,28.807044916335236,False
Brazil.regions.PA:Bannach,1.6110056925996208,0.03225806451612903,156.33653688233983,26.482642993134174,False
Brazil.regions.PA:Ponta de Pedras,13.258064516129032,1.7362428842504745,42.88145605392183,5.630815608299234,False
Brazil.regions.PA:Vitória do Xingu,15.207261724659606,2.2708018154311644,116.50312749398137,18.117579851355973,False
Brazil.regions.PI:Júlio Borges,2.971537001897533,0.3700189753320683,24.701737379009856,21.174747917253125,False
Brazil.regions.PI:Pavussu,3.4,0.6,13.237135761019303,11.512931142071501,False
Brazil.regions.PI:Santa Luz,4.204819277108434,0.0,1.6315249444230517,13.89235823390073,False
Brazil.regions.PI:São Francisco do Piauí,4.309297912713473,0.0,1.6242796913819608,12.396560548641007,False
Brazil.regions.TO:Maurilândia do Tocantins,3.724659606656581,1.0,217.6738459035067,3.17248818248152,False
Brazil.regions.TO:Tabocão,0.7419354838709677,1.0,159.57046841099282,3.172488182481521,False
United_States_of_America.regions.California:Alpine,3.5787476280834913,1.0,136.4380055158811,3.172488182481521,False
United_States_of_America.regions.Colorado:Crowley,4.309297912713473,0.0,1.5319800559268597,13.32643938722645,False
United_States_of_America.regions.Colorado:Mineral,3.3415559772296017,1.0,239.0395316925193,3.172488182481521,False
United_States_of_America.regions.Colorado:Ouray,1.3833017077798861,0.1461100569259962,62.43733702364081,14.997911551689816,False
United_States_of_America.regions.Georgia:Baker,1.683111954459203,0.0,102.51727489918088,29.74390418091545,False
United_States_of_America.regions.Idaho:Lincoln,5.201138519924099,1.0,167.99429633168074,3.172488182481521,False
United_States_of_America.regions.Kansas:Clark,3.5597722960151805,1.0,135.60607425924923,3.172488182481521,False
United_States_of_America.regions.Kansas:Coffey,19.55597722960152,0.5161290322580645,286.20786025681457,6.0183545620156895,False
United_States_of_America.regions.Kansas:Haskell,1.6053130929791273,1.0,148.23405276537417,3.172488182481521,False
United_States_of_America.regions.Kansas:Meade,5.001897533206831,1.0,212.85522698544673,3.172488182481521,False
United_States_of_America.regions.Kansas:Stanton,2.2125237191650857,1.0,137.53189804327616,3.172488182481521,False
United_States_of_America.regions.Mississippi:Wilkinson,5.390891840607211,0.6774193548387096,97.77983500395534,12.847488604106577,False
United_States_of_America.regions.Montana:Golden Valley,2.715370018975332,1.0,299.10368341405086,3.172488182481521,False
United_States_of_America.regions.Nebraska:Kimball,2.9430740037950667,1.0,203.47287715227574,3.172488182481521,False
United_States_of_America.regions.North Dakota:Slope,2.4686907020872866,1.0,361.90394319813424,3.172488182481521,False
United_States_of_America.regions.Oklahoma:Greer,33.195445920303605,2.4383301707779887,655.0000051523276,57.02236774850569,False
United_States_of_America.regions.South Dakota:Day,4.0056925996204935,1.0,151.3244958896647,3.172488182481521,False
United_States_of_America.regions.South Dakota:Jerauld,1.6432637571157496,1.0,165.2742562769737,3.172488182481521,False
United_States_of_America.regions.Texas:Cottle,2.430740037950664,0.7438330170777988,189.06174249395664,19.870933251257632,False
United_States_of_America.regions.Texas:Crosby,4.309297912713473,0.3453510436432638,1.7742088841312074,10.429754046167202,False
United_States_of_America.regions.Texas:Donley,12.430740037950665,1.0,521.909870818646,3.172488182481521,False
United_States_of_America.regions.Texas:Ochiltree,16.055028462998102,0.013282732447817839,199.61852635637365,6.9434828723587385,False
United_States_of_America.regions.Texas:Roberts,3.3092979127134727,1.0,217.34835258536873,3.172488182481521,False
United_States_of_America.regions.Texas:Sherman,5.740037950664137,1.0,348.7862245579786,3.172488182481521,False
United_States_of_America.regions.Wisconsin:Iron,4.309297912713473,0.0,1.8140482005640328,14.411475242874555,False
Brazil.regions.PE:São Lourenço da Mata,6.795066413662239,2.5654648956356736,7.782515540364036,2.157004988681103,False
United_States_of_America.regions.North Carolina:Durham,61.690702087286525,1.0,7.835638582042607,3.172488182481521,False
United_States_of_America.regions.Texas:Travis,60.806451612903224,1.0,11.65387822627724,3.172488182481521,False
Brazil.regions.PE:Cabo de Santo Agostinho,8.793168880455408,4.1461100569259965,10.058139570561877,1.2169757723523362,False
United_States_of_America.regions.Connecticut:Hartford,76.30170777988614,0.9146110056925997,8.278620690400984,3.0352355787038694,False
United_States_of_America.regions.Connecticut:New Haven,79.39468690702087,1.5313092979127134,8.790676639056487,3.023750324987888,False
United_States_of_America.regions.Virginia:Henrico,19.495256166982923,1.569259962049336,9.46504552091052,2.6046358060198984,False
Brazil.regions.AL:Campestre,4.585677749360614,0.19437340153452684,116.31493567094819,9.675953492931963,False
Brazil.regions.PB:Alhandra,15.333965844402277,1.5977229601518026,88.04485654423159,10.037977367938565,False
Brazil.regions.PB:Riachão do Poço,4.309297912713473,0.0,5.3341816038864405,19.005378306762214,False
United_States_of_America.regions.New Jersey:Sussex,75.81404174573053,1.569259962049336,43.40943307391153,2.2486615798938567,False
Brazil.regions.PE:Paulista,46.84440227703985,1.5123339658444024,7.126690555926742,2.732097865802105,False
United_States_of_America.regions.Wisconsin:Milwaukee,180.29222011385198,2.0531309297912714,10.402176255157048,2.906636181050743,False
United_States_of_America.regions.Michigan:Wayne,217.72485768500948,2.5085388994307403,10.986065016747338,3.0114084621439874,False
Brazil.regions.SP:Bragança Paulista,25.842504743833018,4.747628083491461,2.1420852601701643,0.7654337386452787,False
United_States_of_America.regions.Illinois:Will,70.40986717267552,1.3605313092979128,9.1072588347488,2.848331559242382,False
Brazil.regions.SE:Nossa Senhora de Lourdes,3.0985761226725086,0.0,16.18731900490022,12.252469398885133,False
United_States_of_America.regions.Alabama:Etowah,18.030360531309295,1.4459203036053132,12.363414445461492,1.5040260014745976,False
United_States_of_America.regions.Missouri:St. Louis city,66.08349146110058,0.1461100569259962,12.933716088349021,2.8884036437711766,False
United_States_of_America.regions.Ohio,126.61669829222011,1.142314990512334,15.715612749128658,3.1649396719787743,False
United_States_of_America.regions.Pennsylvania,73.85009487666034,0.7438330170777988,16.225763233810937,3.1704871888630906,False
Panama,135.13472485768503,0.5256166982922201,13.48317269416279,3.1365988644822282,False
Uzbekistan,61.03225806451613,0.8671726755218216,16.642377797665358,3.172085130707068,False
United_States_of_America.regions.Arkansas,102.77229601518026,1.0,13.264860762478312,3.163685269868364,False
United_States_of_America.regions.Mississippi,123.70208728652752,0.3453510436432638,12.515345248728071,3.1504916710045503,False
United_States_of_America.regions.Florida:Miami-Dade,152.79127134724857,1.0,11.030344453216653,3.172488182481521,False
Brazil.regions.AM:Urucará,24.415559772296017,0.7628083491461101,165.84758123246908,7.479360104090148,False
Brazil.regions.PA:Portel,30.66603415559772,3.0683111954459203,41.59312782717808,3.8408250540926345,False
Brazil.regions.RO:Guajará-Mirim,5.62618595825427,3.548387096774194,7.762409761730319,6.7430018493865775,False
Brazil.regions.MA:Igarapé Grande,44.0,1.0,411.3383158213107,3.1724881824815205,False
Brazil.regions.PA:Santarém Novo,3.3092979127134727,0.013282732447817839,12.967017156675796,11.619157672325581,False
Brazil.regions.PE:Quixaba,4.309297912713473,0.03225806451612903,2.4072741200425374,11.236532162752653,False
Brazil.regions.PR:Jussara,4.309297912713473,0.0,2.7750287453564693,11.086744670790972,False
Brazil.regions.RS:Boa Vista do Sul,1.2542694497153701,0.2030360531309298,181.3643292094348,26.75263555736692,False
Brazil.regions.SC:Irani,11.886148007590132,1.0,146.41082769775198,3.172488182481521,False
Brazil.regions.SC:Peritiba,1.4819734345351043,1.0,171.54793274297813,3.172488182481521,False
Brazil.regions.TO:Aguiarnópolis,3.0189753320683113,0.013282732447817839,17.249367963614116,11.566732777991302,False
United_States_of_America.regions.Georgia:Colquitt,26.77609108159393,1.5787476280834916,55.207081005663106,3.326484792193295,False
United_States_of_America.regions.Indiana:Decatur,54.13472485768501,2.015180265654649,206.97506872132402,7.860861452914864,False
United_States_of_America.regions.Kentucky:Hopkins,23.77798861480076,1.2846299810246682,48.71795190525784,2.319677759629194,False
United_States_of_America.regions.Nebraska:Dakota,130.45351043643265,0.8671726755218216,659.5133607507732,2.9929763137616643,False
United_States_of_America.regions.West Virginia:Wayne,61.136622390891844,2.015180265654649,151.79222269193653,4.918147373601552,False
Brazil.regions.AL:São Miguel dos Milagres,3.9392789373814043,0.0,4.141304704030651,9.404546152822215,False
Brazil.regions.CE:Iguatu,2.0379506641366225,2.22011385199241,9.912462494309944,0.8620026641119016,False
Brazil.regions.PB:Marizópolis,2.430740037950664,0.0,26.658776573956725,11.940100603977598,False
United_States_of_America.regions.Georgia:Carroll,79.69639468690703,0.7817836812144213,54.026278540913665,2.563655689790357,False
United_States_of_America.regions.Georgia:Dougherty,107.7685009487666,6.711574952561669,113.03067857254305,5.910457951188813,False
United_States_of_America.regions.Ohio:Miami,26.00759013282732,2.5654648956356736,14.290761323574548,1.9283178705714465,False
Brazil.regions.SP:Lins,3.6736242884250476,1.413662239089184,6.087923870389004,0.7171084694578376,False
United_States_of_America.regions.Connecticut:Tolland,32.83681214421252,3.163187855787476,11.013931559326716,1.2071926452822508,False
United_States_of_America.regions.Michigan:Muskegon,15.514231499051235,1.2656546489563567,5.034255791992376,1.9808312937787098,False
United_States_of_America.regions.New York:Dutchess,63.60721062618596,1.0,13.980554661720893,3.172488182481521,False
United_States_of_America.regions.Tennessee:Sumner,73.21442125237192,1.0,26.964004522688494,3.172488182481521,False
United_States_of_America.regions.Wisconsin:Ozaukee,25.022770398481974,1.821631878557875,17.689567333329148,1.4071284856321966,False
Norway,117.48766603415561,1.0,14.534510840807192,3.172488182481521,False
United_States_of_America.regions.Louisiana:Lafayette,58.618595825426944,0.5635673624288425,15.48611944119275,2.885206670747197,False
United_States_of_America.regions.New York:Erie,124.65275142314991,2.0246679316888048,9.064775269965345,2.980401316190499,False
Uruguay,158.55597722960152,1.0,12.093001481502915,3.172488182481521,False
United_States_of_America.regions.New Jersey:Essex,164.26185958254268,3.7609108159392792,13.733449956677697,2.6440597103516987,False
Brazil.regions.AM:Maués,13.901328273244783,1.398481973434535,19.947160907505847,1.7358413090254308,False
Brazil.regions.PE:Vitória de Santo Antão,8.533206831119545,1.6641366223908918,7.13290755397381,1.46308504711617,False
United_States_of_America.regions.New Jersey:Morris,96.35863377609108,1.3320683111954459,14.319878796567226,2.873493939316678,False
United_States_of_America.regions.New Jersey:Somerset,142.50474383301707,3.3434535104364325,31.418935229485808,1.9754755890206521,False
Brazil.regions.AM:Coari,33.442125237191654,2.385199240986717,35.349593252585706,2.653201363543951,False
Brazil.regions.AM:Japurá,5.0,1.0,340.0157186631228,3.1724881824815205,False
Brazil.regions.PB:Junco do Seridó,3.3605313092979125,0.013282732447817839,12.156477462971427,10.712031945188338,False
Brazil.regions.RS:Colinas,2.411764705882353,1.0,218.75241917853933,3.172488182481521,False
Brazil.regions.RS:Imigrante,3.0922844175491675,1.0,240.8405867219507,3.17248818248152,False
Brazil.regions.SP:Ipiguá,3.890909090909091,0.18181818181818182,3.0296427727813726,13.155139028196949,False
United_States_of_America.regions.Indiana:Lawrence,15.76091081593928,2.138519924098672,30.894464186242722,4.763124798406776,False
United_States_of_America.regions.Mississippi:Lauderdale,50.611005692599626,1.4269449715370017,58.79061914734506,2.225490851516798,False
Sweden.regions.Östergötland,112.13662239089184,1.5123339658444024,13.283153178147643,2.9504982193137255,False
United_States_of_America.regions.Oklahoma:Cleveland,19.812144212523716,1.4364326375711576,8.153544814356437,2.6179547574849256,False
Brazil.regions.BA:Vereda,2.8,0.0,11.826708725526114,12.943547272796483,False
Brazil.regions.GO:Goiandira,4.309297912713473,0.0,1.8850644854877319,14.684654674661335,False
Brazil.regions.GO:Palminópolis,3.907715582450832,0.22844175491679272,12.324333101094604,19.798817193771974,False
Brazil.regions.GO:Professor Jamil,1.0550284629981024,0.5256166982922201,115.1535056115515,14.881224956375414,False
Brazil.regions.MG:Belmiro Braga,4.309297912713473,0.013282732447817839,12.319336403648252,25.687447120815683,False
Brazil.regions.MG:Chiador,1.1428571428571428,1.0,171.12511565586587,3.1724881824815205,False
Brazil.regions.MG:Ipiaçu,4.309297912713473,0.09867172675521822,6.84738358183058,18.807011424524774,False
Brazil.regions.MG:Morro da Garça,4.309297912713473,0.0,23.77369935509762,37.44489605797339,False
Brazil.regions.MS:Guia Lopes da Laguna,44.51150054764513,1.0,483.9216741504684,3.172488182481521,False
Brazil.regions.PI:Bom Princípio do Piauí,4.309297912713473,0.0,1.8603281828993155,14.589501160324874,False
Brazil.regions.PI:Socorro do Piauí,3.7142857142857144,0.0,6.9306115533247,18.714139088256065,False
Brazil.regions.PR:Mirador,1.1650853889943076,0.1461100569259962,170.42303557190277,36.33975259378883,False
Brazil.regions.RS:Mato Castelhano,4.309297912713473,0.7438330170777988,22.52639385480019,11.6324290186319,False
Brazil.regions.SP:Uru,2.3428258488499454,0.23329682365826948,229.15244430493985,64.11920609529325,False
Brazil.regions.TO:Oliveira de Fátima,1.6,1.0,237.83961314816048,3.1724881824815205,False
Brazil.regions.TO:Pugmil,0.4727272727272727,1.0,148.85053182438259,3.17248818248152,False
United_States_of_America.regions.Georgia:Calhoun,12.411764705882353,0.33586337760910817,263.6012374427127,13.139058404682801,False
United_States_of_America.regions.Georgia:Clay,6.519924098671727,0.26944971537001894,397.7479035655352,24.315226159494504,False
United_States_of_America.regions.Georgia:Early,11.990512333965844,0.11385199240986717,145.51737527519745,7.758345894160945,False
United_States_of_America.regions.Georgia:Quitman,2.3358633776091082,0.7438330170777988,112.49231055197913,12.689654222405029,False
United_States_of_America.regions.Georgia:Talbot,2.4781783681214424,0.3453510436432638,89.1976381501445,9.586132239427004,False
United_States_of_America.regions.Georgia:Terrell,17.18026565464896,1.0,237.7029101090787,18.584240910502498,False
United_States_of_America.regions.Iowa:Louisa,85.90322580645162,0.8671726755218216,808.2111722003415,3.5333931531044565,False
United_States_of_America.regions.Kentucky:Carlisle,3.407969639468691,0.3453510436432638,23.100186401297787,12.77188536227586,False
United_States_of_America.regions.Louisiana:Caldwell,10.77988614800759,1.0,143.0211353578981,3.172488182481521,False
United_States_of_America.regions.Nebraska:Saline,26.595825426944973,1.0,205.53176737687954,3.172488182481521,False
United_States_of_America.regions.Alabama,207.8918406072106,1.0094876660341556,12.495467583339847,3.1618456790500056,False
Venezuela,67.48007590132828,0.7438330170777988,16.591558518306282,3.171600876445236,False
United_States_of_America.regions.New York:Orange,241.51992409867174,1.0,53.74450164339694,3.172488182481521,False
Brazil.regions.AM:Manacapuru,19.02087286527514,1.493358633776091,15.213372958793837,1.1653826000174345,False
Brazil.regions.PA:Breves,27.432637571157493,4.149905123339659,18.181976242349403,3.155695926985258,False
Brazil.regions.PA:Moju,22.307400379506642,1.5597722960151803,23.757634280246737,2.321438827474719,False
Brazil.regions.BA:Gongogi,2.9051233396584437,0.5351043643263758,18.24159675809072,17.045308519767254,False
Brazil.regions.RS:Monte Belo do Sul,4.309297912713473,0.0,22.4027829325391,36.07397963541488,False
Brazil.regions.SC:Antônio Carlos,3.2751423149905126,0.45920303605313095,67.62795726855575,10.48662628851229,False
Faroe_Islands,142.62998102466796,1.0,288.20462519027916,3.172488182481521,False
United_States_of_America.regions.Louisiana:St. James,41.510436432637576,1.5654648956356736,203.7363315137082,8.988418603808173,False
Brazil.regions.AM:Alvarães,3.009487666034156,1.569259962049336,22.200368351920062,10.206890212158127,False
Brazil.regions.AM:Autazes,48.37571157495256,3.941176470588235,119.70852933554532,9.578185446225671,False
United_States_of_America.regions.Colorado:Baca,3.3984819734345346,1.0,206.61058859151595,3.172488182481521,False
United_States_of_America.regions.Idaho:Blaine,35.75711574952562,1.0,160.64434462477652,3.7726217276387546,False
United_States_of_America.regions.Nebraska:Custer,11.652751423149905,0.6546489563567363,135.49680879161303,12.181032800693169,False
United_States_of_America.regions.New Mexico:Guadalupe,6.491461100569261,1.0,230.14453275728872,3.172488182481521,False
United_States_of_America.regions.Louisiana:Jefferson,70.15370018975332,0.8197343453510437,11.77177902795531,2.9509229156564585,False
United_States_of_America.regions.Michigan:Macomb,152.93358633776091,2.8311195445920303,9.907832907709327,2.832701613954073,False
United_States_of_America.regions.Alabama:Jefferson,74.5426944971537,1.0,6.784875981673492,3.172488182481521,False
United_States_of_America.regions.New York:Onondaga,71.7381404174573,1.0,7.949732417242545,3.172488182481521,False
United_States_of_America.regions.Pennsylvania:Lancaster,59.53320683111954,1.161290322580645,8.435688401851507,2.93430729861361,False
United_States_of_America.regions.Louisiana:East Baton Rouge,96.49146110056925,3.1916508538899433,12.399504235303615,2.312244727029392,False
United_States_of_America.regions.New Jersey:Ocean,132.00379506641366,1.6546489563567364,14.839464575333968,2.942791366840041,False
United_States_of_America.regions.Rhode Island:Kent,62.981024667931685,1.0,26.626999806433105,3.172488182481521,False
Brazil.regions.SP:Santos,101.73814041745732,2.6698292220113853,9.88104119310419,2.392999753117993,False
Brazil.regions.PB:Riachão do Bacamarte,5.033248081841432,1.0,172.05518716530594,3.17248818248152,False
United_States_of_America.regions.Iowa:Linn,59.48197343453511,1.426944971537002,17.248779264704172,2.4066315733708334,False
United_States_of_America.regions.Florida:Palm Beach,56.791271347248575,1.2656546489563567,12.698262520520291,3.09135205252355,False
Iraq,27.392789373814043,1.5313092979127134,16.75880501229872,3.1686371877755124,False
United_States_of_America.regions.New York:Nassau,76.9753320683112,1.0,10.78550229102351,3.134731169867373,False
Brazil.regions.CE:Fortaleza,191.9696394686907,1.8633776091081593,9.453139298414737,3.1046008824456424,False
Niger,22.69639468690702,1.5597722960151803,16.721536662053076,3.161961807593049,False
Iran,745.1973434535104,37.31878557874763,15.926263072922382,3.1256438553818775,False
United_States_of_America.regions.Connecticut,91.16888045540796,1.7685009487666032,14.149457856896332,3.1243218622895657,False
United_States_of_America.regions.California:San Bernardino,31.21631878557875,1.2751423149905123,15.17801162128148,3.1076438191154505,False
United_States_of_America.regions.West Virginia,69.85009487666035,0.7438330170777988,12.65854856191878,3.158194322495582,False
Kazakhstan,78.52751423149905,1.0,16.384971145137065,3.172488182481521,False
United_States_of_America.regions.Louisiana,369.764705882353,7.612903225806452,8.777199095701318,2.9935023398747185,False
Brazil.regions.PI,6.967741935483871,1.4554079696394684,16.469421982622414,3.1185748461210134,False
Peru,82.96204933586338,1.0,16.5683493199991,3.1716577328800786,False
United_States_of_America.regions.Michigan:Oakland,133.72106261859582,0.9240986717267553,8.439319474503868,3.103080073349859,False
Indonesia,27.92979127134725,1.2941176470588236,16.83164095726123,3.1720238365575155,False
Poland,64.17647058823529,1.4079696394686907,16.661683608938727,3.1684161743479624,False
Mali,29.912713472485766,2.2523719165085385,16.65933929396018,3.157568662297228,False
Qatar,107.94307400379506,1.0,12.778590380801946,3.172488182481521,False
United_States_of_America.regions.Colorado,103.18595825426945,1.1802656546489565,14.960595866565814,3.1439859864456383,False
Brazil.regions.RJ:Duque de Caxias,5.7039848197343455,1.3700189753320684,15.712505863281491,3.0517768129239977,False
Turkey,790.9222011385199,16.82542694497154,15.877046142313105,3.151488928992489,False
United_States_of_America.regions.Louisiana:Orleans,273.29601518026567,8.030360531309297,56.66751448264449,1.629664566983858,False
United_States_of_America.regions.Virginia:Colonial Heights city,20.740037950664135,1.0,133.12370638336813,5.085163781364132,False
Netherlands,213.6831119544592,1.683111954459203,15.573668077038826,3.160925255771085,False
United_States_of_America.regions.Texas:Dallas,63.584440227703986,0.6869070208728654,14.233089595991204,3.1411688148521253,False
