region,cases_distance,deaths_distance,cases_per_100k_distance,deaths_per_100k_distance,is_same_cluster
Brazil.regions.PR:Santo Antônio do Caiuá,22.39957264957265,0.8867521367521367,506.46795387057034,32.332805209380275,False
Brazil.regions.RS:Saldanha Marinho,3.962085308056872,0.6018957345971565,667.8370425379517,57.51691594532142,False
United_States_of_America.regions.Colorado:Eagle,213.07620474982704,2.311505649066175,359.834453141983,3.9110560128763234,False
United_States_of_America.regions.Georgia:Brooks,22.68987779571132,3.411344247175467,126.28318354116016,28.265728339983188,False
United_States_of_America.regions.Georgia:Dooly,35.39704865114134,5.510721697025594,601.7694639367014,50.480551744928896,False
United_States_of_America.regions.Georgia:Mitchell,154.64768272999768,19.296748904772883,858.3054229683787,92.29933276062273,False
United_States_of_America.regions.Georgia:Worth,36.34344016601337,3.783721466451464,351.0029538042574,22.826667981813664,False
United_States_of_America.regions.Indiana:Newton,23.627392206594422,4.038505879640304,150.11597847858698,35.96908392649572,False
United_States_of_America.regions.Kansas:Finney,210.8293751441088,1.121743140419645,603.9084184505314,2.726357437854013,False
United_States_of_America.regions.Kansas:Seward,447.6267004842056,1.7719621858427483,2243.604119120735,3.67252422537316,False
United_States_of_America.regions.Kentucky:Butler,35.62185842748443,1.6428406732764584,607.4928121284453,20.40223789223538,False
United_States_of_America.regions.Kentucky:Jackson,25.784503631961265,6.889830508474577,273.0473705994209,61.6021642046034,False
United_States_of_America.regions.Louisiana:Allen,17.271501037583583,5.612174314041965,138.70610851109666,25.050020494627578,False
United_States_of_America.regions.Louisiana:De Soto,67.0121051418031,5.636384597648144,334.7375601340444,22.857151249345197,False
United_States_of_America.regions.Louisiana:East Feliciana,30.820267465990312,7.306894166474522,353.96068924873276,42.93125607523589,False
United_States_of_America.regions.Louisiana:Plaquemines,65.41192068249943,8.673045884251787,415.8067808324301,41.23777292861698,False
United_States_of_America.regions.Louisiana:Pointe Coupee,10.504035047267696,7.575513027438322,198.2951696080513,38.43984241341309,False
United_States_of_America.regions.Louisiana:West Feliciana,27.04461609407425,1.1667050956882639,443.30595081826726,9.176381276664006,False
United_States_of_America.regions.Minnesota:Nobles,849.9086280814577,0.4876741693461951,4065.322613296105,2.8316593281152787,False
United_States_of_America.regions.Missouri:Saline,90.60341249711783,1.910306663592345,537.0701895275012,4.261318931032021,False
United_States_of_America.regions.Tennessee:Bledsoe,301.8934747521328,1.910306663592345,2191.8475498998732,4.261318931032021,False
United_States_of_America.regions.Virginia:Buckingham,42.12623933594651,1.7719621858427483,404.76022692075065,3.8336668691932423,False
United_States_of_America.regions.Virginia:Greensville,35.87779571132119,3.15079548074706,108.3466719085615,32.984227304292396,False
United_States_of_America.regions.Nevada:Clark,1096.7907539774037,38.577357620474984,92.49420848879836,2.5077674307258753,False
Czechia,2727.2138575051877,35.569518100069175,117.43398437795776,3.918181968123655,False
Portugal,6894.717777265391,174.24025824302512,76.02217453895842,2.562749249982248,False
Brazil.regions.AM:Tabatinga,167.82082324455206,18.513317191283296,213.57879934785365,27.116233259748576,False
Brazil.regions.MA:Santo Antônio dos Lopes,49.67473524962178,1.0136157337367624,393.3838319608973,2.2610714799276415,False
Brazil.regions.PB:São José do Sabugi,15.694444444444445,0.7222222222222222,533.0041409795202,1.61106030074778,False
Brazil.regions.RN:Taboleiro Grande,12.474377745241581,0.5929721815519766,85.83754428019363,32.566703229715955,False
Brazil.regions.RS:Esperança do Sul,5.361111111111111,0.19444444444444445,81.95935742542673,29.717260501257233,False
Brazil.regions.RS:Tunas,18.415159345391903,0.47028423772609823,45.874682355350174,25.42482482701674,False
Brazil.regions.SP:Arandu,33.53197893152746,0.08465011286681715,61.59891192860956,25.939377412823585,False
Brazil.regions.SP:Pedrinhas Paulista,15.167636786961586,0.7380675203725262,61.68137587094816,28.734425285346024,False
Brazil.regions.SP:São João das Duas Pontes,3.9523809523809526,0.47619047619047616,63.28044492227266,37.77234865182148,False
United_States_of_America.regions.Alabama:Chambers,132.6531012220429,9.227576665898086,448.7157131461441,29.112094384728056,False
United_States_of_America.regions.Alabama:Tallapoosa,116.06329259857044,9.289831680885404,303.25402257324856,23.362793648810293,False
United_States_of_America.regions.Idaho:Nez Perce,24.640880793175004,9.566751210514179,45.33665003926367,24.14161581977605,False
United_States_of_America.regions.Indiana:Orange,14.404427023287987,4.0408116209361316,114.76735618639279,25.799680619846406,False
United_States_of_America.regions.Kentucky:Adair,19.55222504035047,7.96887249250634,247.57668177862098,47.18737993418351,False
United_States_of_America.regions.Louisiana:Iberville,180.5676735070325,14.088079317500577,609.8054593977888,44.89521179540693,False
United_States_of_America.regions.Tennessee:Lake,87.96375098502757,1.8833727344365643,1847.9983961224698,4.20123744548521,False
United_States_of_America.regions.Virginia:Richmond,59.027438321420334,1.4860502651602492,1171.7077179045648,11.440732686048735,False
United_States_of_America.regions.Maryland,3323.748674198755,80.59257551302744,87.66406548901806,2.952701626909397,False
United_States_of_America.regions.New York:Westchester,10008.184228729537,171.20936130966106,900.5805109703889,16.941986170726288,False
Brazil.regions.AM:Amaturá,68.8389662027833,1.066931742876077,773.3087545784633,16.295544994854065,False
Brazil.regions.AM:Itapiranga,23.922169811320753,0.5031446540880503,469.110880730397,13.621547557485957,False
Brazil.regions.AM:Rio Preto da Eva,168.13759909399775,2.4348810872027182,527.9271342649804,8.686875026523673,False
Brazil.regions.TO:Lizarda,12.988614800759013,0.573055028462998,10.816195942065136,23.66916964779735,False
United_States_of_America.regions.Colorado:Logan,76.49573437860273,1.2923679963108141,352.9178921910466,1.505125385754028,False
United_States_of_America.regions.Montana:Toole,38.69587272308047,2.887940973022827,401.09792187462665,97.05303150425455,False
United_States_of_America.regions.North Dakota:Emmons,63.42218123126584,0.9386672815310121,114.44193386254712,26.301669673938996,False
United_States_of_America.regions.Oklahoma:Texas,62.31773115056491,0.9499654138805625,434.27451540859556,3.4322442921273666,False
United_States_of_America.regions.Texas:Oldham,61.65483052801476,0.929213742218123,53.71128240420877,42.19194439161106,False
United_States_of_America.regions.Utah:Summit,191.41664745215587,1.910306663592345,463.3378326578615,4.261318931032021,False
Dominican_Republic,917.8711090615633,43.7260779340558,134.50661614422333,3.8387219722997274,False
Switzerland,9325.953885174082,182.41411113673047,33.44606756288459,2.6340371007077286,False
Sweden.regions.Sörmland,399.3233802167397,57.792252709246014,24.93787597197348,16.952942161376463,False
United_States_of_America.regions.Louisiana:St. Bernard,233.11298132349546,7.019829375144108,486.1100560032125,14.70420363852929,False
United_States_of_America.regions.Louisiana:West Baton Rouge,10.491699331335024,7.545538390592575,113.53751683290037,31.004334916053306,False
United_States_of_America.regions.Ohio:Pickaway,974.5666359234493,6.980631773115056,1634.3447832221862,11.476838988245005,False
Israel,1594.409960802398,5.1302743832142035,125.04813802875167,4.204621438284175,False
United_States_of_America.regions.New Jersey,26432.807585888866,782.0555683652295,178.9466644729987,7.683671244194393,False
United_States_of_America.regions.Illinois:DuPage,993.1409960802398,47.41411113673046,29.117787238208127,3.2893244663615873,False
United_States_of_America.regions.Florida,6623.638920913074,120.69748674198755,112.56738013896965,3.6905126831526434,False
United_States_of_America.regions.New York,69354.71950657137,2853.819460456537,234.41510401114283,13.276858785858398,False
United_States_of_America.regions.Connecticut:Fairfield,3291.5600645607565,140.6755821996772,221.54074106676998,12.73709829679202,False
United_States_of_America.regions.Rhode Island:Providence,3773.2147798017063,72.10168319114595,456.9497436362776,9.041316562376517,False
United_States_of_America.regions.New Jersey:Middlesex,3981.9192990546458,142.08669587272308,351.3079400628008,14.78237958257576,False
United_States_of_America.regions.New Jersey:Passaic,3232.5863500115283,69.53078164629929,522.7662763685589,12.220211786015765,False
Brazil.regions.RS:Santa Tereza,11.256166982922203,0.573055028462998,130.5633365966577,54.76810167552195,False
Brazil.regions.RS:Tio Hugo,45.0373831775701,0.9012016021361816,19.716319933911844,28.033034805350535,False
Brazil.regions.SC:Lindóia do Sul,10.538750940556808,1.86418359668924,616.1942484731484,4.158432257443262,False
Brazil.regions.SC:Presidente Castello Branco,19.364553314121036,1.7543227665706054,354.9754726963815,3.913365826966038,False
United_States_of_America.regions.Georgia:Sumter,189.6396126354623,12.076320036891861,716.2338574301532,43.04310970695384,False
United_States_of_America.regions.Illinois:Jefferson,17.257781876873416,9.45930366612866,62.14025477965764,25.639470979028733,False
United_States_of_America.regions.Iowa:Marshall,240.78510491122896,1.3050495734378602,630.5772932934448,3.1034147427959797,False
United_States_of_America.regions.Kentucky:Graves,36.66405349319807,8.313350242102835,124.75762993334837,22.921391216536662,False
United_States_of_America.regions.Louisiana:Assumption,52.8803320267466,1.102144339405119,389.0129738301242,3.157133140404194,False
United_States_of_America.regions.Massachusetts:Bristol,1028.1958727230804,41.7673507032511,58.20591162156407,5.942250435841515,False
United_States_of_America.regions.Massachusetts:Hampden,1450.6609407424487,122.60433479363616,186.0864470681736,23.448323459583577,False
United_States_of_America.regions.Massachusetts:Plymouth,1805.652524786719,69.87087848743371,218.33742036510304,11.44286894975204,False
United_States_of_America.regions.Virginia:Emporia city,35.62289601106756,0.8969333640765507,395.17751484730377,33.198701554023216,False
Brazil.regions.PE:Fernando de Noronha,40.1595572976712,1.910306663592345,648.9306878353867,4.261318931032021,False
Brazil.regions.CE,2206.2501729305973,119.7936361540235,118.8416936998424,2.929747031850875,False
United_States_of_America.regions.Georgia,4486.8934747521325,157.77726539082315,100.8410092892937,2.7600408087311457,False
United_States_of_America.regions.Michigan,16806.844938897855,1002.1039889324418,40.16274885128313,7.695404281585359,False
United_States_of_America.regions.Tennessee,2628.7124740604104,44.38206133271847,104.27262059302575,3.590446003382577,False
Brazil.regions.AM:Tapauá,58.329357190192184,0.7256461232604374,438.6847622058463,6.560380608151622,False
Denmark,1961.9046575974173,58.19921604795943,108.7575727335239,3.237059136942167,False
Puerto_Rico,1210.4688724925063,67.59119206824994,103.81420386870433,2.090836262351177,False
Sweden.regions.Stockholm,1770.0471524094996,149.08346783490893,65.44828374196541,5.605546749806913,False
United_States_of_America.regions.Washington:King,1715.765851971409,122.3576204749827,64.68472526464838,2.745417177271194,False
United_States_of_America.regions.Ohio:Marion,991.087387595112,1.619783260318192,1489.5644769448184,2.8542854336487404,False
Luxembourg,1549.551994466221,18.43324878948582,138.33658653259198,2.402741310216209,False
United_States_of_America.regions.Michigan:Genesee,930.3625778187686,89.18607332257321,102.72728447738113,18.839123924908236,False
United_States_of_America.regions.Massachusetts:Middlesex,2289.9837445238645,51.64399354392437,49.784456872448324,3.3076560994143605,False
United_States_of_America.regions.Missouri,2274.661517177773,60.38390592575513,105.60695930495801,3.2497863413196635,False
United_States_of_America.regions.Florida:Broward,1558.78994696795,34.62185842748444,60.58905589823188,2.4363564482528264,False
United_States_of_America.regions.Massachusetts:Essex,2112.029282914457,69.12381830758589,144.24642288571533,7.212661871558175,False
United_States_of_America.regions.New York:Suffolk,12374.591076781186,273.06894166474524,703.2243161892131,16.15595632853896,False
Brazil.regions.AM:Silves,17.524188204108682,0.8681245858184229,413.8708347862568,15.747896647470597,False
Brazil.regions.AP:Cutias,12.30550284629981,1.1195445920303606,408.27610149576947,5.064653522286173,False
Brazil.regions.GO:Aparecida do Rio Doce,0.5,1.0,37.074323550483484,40.42037186742118,False
Brazil.regions.GO:Colinas do Sul,0.0,1.0,27.337603901462,29.568302779420463,False
Brazil.regions.MG:Presidente Juscelino,26.428098078197486,0.8250497017892645,36.385847107384656,22.800798050808925,False
Brazil.regions.MT:Ponte Branca,8.89090909090909,0.12727272727272726,41.38813683866611,58.165653386884905,False
Brazil.regions.MT:Vale de São Domingos,8.0,0.18181818181818182,41.89542638655343,30.154415835032566,False
Brazil.regions.PA:Bannach,13.46202200104767,0.7438449449973809,159.45950069697298,26.129593233471038,False
Brazil.regions.PI:Júlio Borges,14.39167208848406,0.14118412491867274,9.764103895980407,24.333062853393773,False
United_States_of_America.regions.Colorado:Chaffee,23.600991468757204,4.685266313119668,57.50152845893472,27.84836464004684,False
United_States_of_America.regions.Florida:Liberty,62.53992497320472,1.8984458735262595,1120.4854905493046,4.234861079939905,False
United_States_of_America.regions.Georgia:Baker,47.76781185151026,0.0765506110214434,405.7399753177412,57.34402043112921,False
United_States_of_America.regions.Georgia:Webster,56.630620244408576,0.7655061102144339,155.164283108797,42.92760049880655,False
United_States_of_America.regions.Kansas:Clark,15.400611620795107,1.7889908256880733,616.5924799677489,3.990699827540372,False
United_States_of_America.regions.Kansas:Coffey,26.78568134655292,4.131888402121281,392.2000558624136,65.95466533654162,False
United_States_of_America.regions.Kansas:Kearny,29.65802027429935,1.8887895050685748,481.83748338510975,4.213320629656194,False
United_States_of_America.regions.Kansas:Meade,10.231941683233932,1.7726971504307487,367.6671511549489,3.9543535444260387,False
United_States_of_America.regions.Louisiana:Bienville,16.447313811390362,5.948812543232649,221.86581523326413,51.24468802046192,False
United_States_of_America.regions.Minnesota:Wilkin,55.417800322803785,0.7055568365229421,25.76452800195325,30.460379695041162,False
United_States_of_America.regions.Mississippi:Wilkinson,17.007378372146643,2.296518330643302,405.71185396889547,44.2478871337047,False
United_States_of_America.regions.Oklahoma:Greer,23.47901775420798,3.587041733917454,896.8945005282729,91.98077486290704,False
United_States_of_America.regions.South Dakota:Jerauld,53.94667175766831,1.0627465953926436,147.10907749658088,38.478726015831995,False
United_States_of_America.regions.Texas:Cottle,19.358311800172267,1.0508182601205858,198.02461890049062,45.06720822490362,False
United_States_of_America.regions.Texas:Donley,41.98985473829836,1.910306663592345,575.722780445365,4.261318931032021,False
United_States_of_America.regions.Texas:Sherman,24.451843491346878,1.86418359668924,524.8140121528347,4.158432257443262,False
United_States_of_America.regions.New Jersey:Monmouth,2308.74855891169,79.06041042195065,246.1998644434111,10.6604829780201,False
United_States_of_America.regions.Connecticut:Hartford,1878.7407193912843,157.95134885865806,86.43354757356462,15.584108280298615,False
United_States_of_America.regions.Connecticut:New Haven,2740.655752824533,137.63776804242565,192.47289945073697,13.7133769907421,False
United_States_of_America.regions.Virginia:Henrico,354.88390592575513,43.02859119206825,16.96944021359439,10.30593020663134,False
United_States_of_America.regions.New Jersey:Sussex,474.5590269771732,46.53216509107678,240.1948566015521,30.59512919961592,False
United_States_of_America.regions.New Jersey:Warren,359.42852201982936,27.146645146414574,259.9878001002547,24.048060833271325,False
United_States_of_America.regions.New Mexico:McKinley,302.03043578510494,4.001614018907079,373.1490690409283,5.344111576600568,False
Brazil.regions.AM,988.1109061563293,71.90338943970487,118.32115080308716,2.555247444346926,False
United_States_of_America.regions.Wisconsin:Milwaukee,1338.7007147798017,68.91399584966567,10.803605551271179,4.998943794743536,False
United_States_of_America.regions.Indiana:Marion,1419.8113903620012,48.70647913304128,41.86832239612931,4.234362667515061,False
United_States_of_America.regions.Michigan:Wayne,7670.3934747521325,467.5478441318884,302.9756801849327,23.879423319111027,False
United_States_of_America.regions.Illinois:Will,1092.033087387595,61.74902005994928,31.410141577807238,6.59236147340125,False
United_States_of_America.regions.Louisiana:St. Charles,251.21996771962188,16.137883329490432,451.9902878242623,29.920817115135005,False
United_States_of_America.regions.Louisiana:St. John the Baptist,372.39958496656675,32.31150564906617,875.9294329483008,75.61109908587298,False
Brazil.regions.MA:São Luís,898.551418030897,48.18538160018446,56.31562497742218,3.0429161634440254,False
United_States_of_America.regions.Ohio,4366.5410421950655,170.34124971178235,105.79969196833186,2.789268877452153,False
United_States_of_America.regions.Pennsylvania,10745.836292367998,228.3537007147798,59.26446456193058,2.7843886074186144,False
Ireland,2664.8147336868806,72.85796633617707,87.47503273268539,2.851449263657482,False
Panama,2116.7098224579204,54.314387825685955,91.487231411581,2.917172201611816,False
United_States_of_America.regions.South Carolina,1669.6228960110677,39.73945123357159,110.02729920176702,3.4566381413423937,False
United_States_of_America.regions.Mississippi,2079.528014756744,70.02421028360618,71.66875688521215,2.1258337364240854,False
United_States_of_America.regions.Florida:Miami-Dade,5019.967834908923,81.0041503343325,55.8275979514059,2.7265463725144987,False
Brazil.regions.MA:Igarapé Grande,47.0,0.0,421.7975696732783,0.0,False
Brazil.regions.RS:Boa Vista do Sul,13.14824515453117,0.7647983237297014,203.1575585006158,28.38653101989232,False
United_States_of_America.regions.Georgia:Crisp,50.58404427023288,0.8196910306663592,369.91356725945496,5.181001312840501,False
United_States_of_America.regions.Georgia:Lee,105.35669817846438,8.993543924371686,420.7806091267561,31.4813345783692,False
United_States_of_America.regions.Georgia:Thomas,65.20797786488356,10.674429329029282,147.9157316163811,24.04504372923516,False
United_States_of_America.regions.Georgia:Upson,104.37964030435786,10.721697025593729,496.6391320186913,42.86091888084365,False
United_States_of_America.regions.Indiana:Daviess,21.125778187687345,10.619206824994237,37.23614576761529,33.17985970839375,False
United_States_of_America.regions.Indiana:Decatur,95.49158404427023,17.244639151487206,458.40114194848576,67.79723441090204,False
United_States_of_America.regions.Kentucky:Hopkins,79.4838598109292,13.864768272999772,178.33182671954162,31.040733023925046,False
United_States_of_America.regions.Nebraska:Dakota,964.8795468097794,3.629994036970781,4963.560336120218,20.609302798350363,False
United_States_of_America.regions.New York:Sullivan,325.8577357620475,4.761355775881945,373.7188225285525,4.948458471164483,False
United_States_of_America.regions.Georgia:Dougherty,940.9830528014755,63.43693797555914,999.3801148913793,70.0340613035756,False
United_States_of_America.regions.New York:Dutchess,1266.9456997924833,22.710398893244175,310.97034279589263,5.992180534758304,False
United_States_of_America.regions.Pennsylvania:Luzerne,1105.0073783721466,21.33732995157943,230.7671199855213,5.12811950000125,False
Norway,2874.8787180078393,18.229190684805165,88.39758521795787,3.8929833434643566,False
Chile,2995.648489739451,22.636615171777724,127.36807384720983,4.134380517876984,False
United_States_of_America.regions.New York:Erie,1366.2871800783953,80.4415494581508,17.222770110513014,6.389361315702625,False
United_States_of_America.regions.Oklahoma,958.2665436937975,45.39428176158634,117.88667472283775,3.075283998371287,False
United_States_of_America.regions.Pennsylvania:Philadelphia,4138.087618169242,106.19552686188611,137.3808248051801,5.862243010123395,False
United_States_of_America.regions.New Jersey:Essex,5619.66532165091,350.50034586119443,570.2868816171681,40.7875791262117,False
United_States_of_America.regions.New Jersey:Morris,2289.8566981784643,123.47821074475445,337.5764379172235,22.331933370090905,False
United_States_of_America.regions.New Jersey:Somerset,1594.5200599492737,95.46575974175697,361.15158989717486,25.804057645788376,False
United_States_of_America.regions.Pennsylvania:Lehigh,1387.70163707632,19.4973483975098,254.25357461168423,3.601146786677543,False
United_States_of_America.regions.Nevada,1393.066866497579,45.03919760202905,96.39379970535165,2.7461193902027135,False
United_States_of_America.regions.Nebraska:Hall,601.1083698409037,13.478556605948814,941.1871216377239,21.06359653725527,False
Austria,5548.4918146184,62.05902697717316,80.2624891789944,3.545583026043287,False
United_States_of_America.regions.Delaware,1120.6957574360156,26.788102374913535,30.282283724466343,2.3319958637131686,False
United_States_of_America.regions.Pennsylvania:Berks,1226.6665898086233,38.88517408346783,169.8695431209844,7.572366969421417,False
Brazil.regions.GO:Professor Jamil,53.84103347333588,0.40091638029782356,61.48030346743762,42.60878247165505,False
Brazil.regions.MG:Belmiro Braga,45.731642189586125,0.9192256341789052,39.24554664862131,24.809398942400254,False
Brazil.regions.MG:Morro da Garça,29.883918459796146,0.8725934314835788,34.73136769272499,36.59429481446527,False
Brazil.regions.MS:Guia Lopes da Laguna,36.418400876232205,1.2814895947426068,471.06723143487045,2.8586174011077805,False
Brazil.regions.PR:Mirador,12.577415599534342,0.7043073341094296,219.48159205377394,37.564946480611724,False
Brazil.regions.SP:Uru,10.219058050383353,0.5147864184008764,216.4847850975951,63.49033184645202,False
United_States_of_America.regions.Arkansas:Lincoln,136.05649066174774,1.910306663592345,1190.1972083450787,4.261318931032021,False
United_States_of_America.regions.Georgia:Calhoun,9.202559372838367,1.0041503343324878,1025.331173537265,41.135170682686656,False
United_States_of_America.regions.Georgia:Clay,43.52778418261471,0.5349319806317732,596.9051019477005,74.05886506872001,False
United_States_of_America.regions.Georgia:Early,69.85635231727001,6.455383905925755,1170.8240046261976,75.48248356898891,False
United_States_of_America.regions.Georgia:Hancock,24.115056490661747,1.232418722619322,828.0529120928135,22.891030887935855,False
United_States_of_America.regions.Georgia:Quitman,59.61655522250403,1.0076089462762279,65.32465696853427,35.471530281770264,False
United_States_of_America.regions.Georgia:Randolph,50.112289601106745,9.15264007378372,1492.2391993462775,151.99835440065374,False
United_States_of_America.regions.Georgia:Terrell,58.424486972561674,10.274383214203366,1290.4802747377385,138.56707021204278,False
United_States_of_America.regions.Georgia:Turner,21.720544154945813,2.509799400507263,391.50804834672783,35.336067117534256,False
United_States_of_America.regions.Georgia:Wilcox,9.902467143186534,5.647913304127277,633.277645824653,77.2969289386124,False
United_States_of_America.regions.Illinois:Jasper,27.707632003689184,2.414111136730459,247.816536917688,38.1346403275513,False
United_States_of_America.regions.Iowa:Louisa,179.86937975559144,0.43463223426331565,2070.08201271923,14.539832282206378,False
United_States_of_America.regions.Iowa:Tama,96.12358773345629,3.03204980401199,806.3166589491369,23.569191217525987,False
United_States_of_America.regions.Louisiana:Red River,41.96264699100761,2.2676965644454694,122.78852924397091,43.08779815945742,False
United_States_of_America.regions.Nebraska:Colfax,118.58807931750059,1.6036430712474061,1368.6503722339746,4.388628646578726,False
United_States_of_America.regions.Nebraska:Dawson,136.9603412497118,1.8630389670278995,648.082910362849,4.060989638535961,False
United_States_of_America.regions.Nebraska:Hamilton,24.8935900391976,4.279455845054184,280.94780226491525,57.65190533832007,False
United_States_of_America.regions.Nebraska:Saline,215.7283044058745,1.660547396528705,1746.779380500622,3.7775718919105685,False
United_States_of_America.regions.Texas:Moore,189.7882176619783,2.2607793405579892,1067.4685427301847,13.328404168406953,False
United_States_of_America.regions.Alabama,2847.375144108831,84.72907539774037,84.32065296957131,2.4992074674309794,False
United_States_of_America.regions.New York:Orange,3747.6709707170853,80.5810468065483,847.7109948594422,18.72770918852276,False
Brazil.regions.AM:Manaus,823.5317039428177,60.801245100299745,103.04514686092332,2.7801663711753717,False
Brazil.regions.AL:Jequiá da Praia,9.017566688353936,1.5679895901106051,35.90100156529735,3.497712619310279,True
Brazil.regions.AL:Pão de Açúcar,2.0,0.0,10.06488700670894,0.0,True
Brazil.regions.AL:Quebrangulo,5.0181818181818185,0.8181818181818182,21.09071796551121,1.8251172637841981,True
Brazil.regions.BA:Araci,61.090799031477005,0.9455205811138014,136.66693055001608,2.4857484976217,True
Brazil.regions.BA:Castro Alves,30.81623931623931,1.8482905982905986,57.43128388543083,4.122979763748016,True
Brazil.regions.BA:Entre Rios,4.714285714285714,0.5238095238095238,10.39987268892148,1.1684613170258622,True
Brazil.regions.BA:Gongogi,57.651331719128336,0.004842615012106538,78.04313440448267,22.565043082274098,True
Brazil.regions.BA:Inhambupe,0.0,0.0,0.2739346941499363,0.0,True
Brazil.regions.BA:Itabela,33.438570729319636,1.828193832599119,73.58087685481685,4.078149931069439,True
Brazil.regions.BA:Jacobina,7.22762148337596,0.3580562659846547,20.776345390250373,1.5952714033485527,True
Brazil.regions.BA:Nilo Peçanha,23.80403458213257,0.8296109510086457,43.73381842457974,3.1718288390791156,True
Brazil.regions.BA:Nova Viçosa,8.124054462934945,1.0136157337367624,17.909905543614254,2.2610714799276415,True
Brazil.regions.CE:Amontada,56.830066866497575,0.7758819460456536,126.23540757311295,1.7591202087983642,True
Brazil.regions.CE:Beberibe,50.79824763661517,1.3511643993543925,118.27589064237817,3.0816198828350934,True
Brazil.regions.CE:Cedro,10.483870967741936,1.3757115749525617,17.599471541909484,3.068798266641151,True
Brazil.regions.CE:General Sampaio,14.552121529596649,0.8905185961236248,27.725446869267255,18.797393031110285,True
Brazil.regions.CE:Icó,58.288448236107904,1.8630389670278995,134.67430004430722,4.191826007740473,True
Brazil.regions.CE:Itaiçaba,58.33414043583535,1.5932203389830508,90.83185302770028,5.4617494949784104,True
Brazil.regions.CE:Itapiúna,25.72621670338474,1.1696374924894852,18.732048304375567,1.3823281043962485,True
Brazil.regions.CE:Lavras da Mangabeira,60.50887710398893,1.4191837675812773,131.30428520960024,2.7025944927589878,True
Brazil.regions.CE:Martinópole,23.305817610062892,1.7334905660377358,45.6521380740931,3.8668954606119605,True
Brazil.regions.CE:Ocara,8.226603575184017,0.5993690851735015,22.640856652242466,3.5929715503932576,True
Brazil.regions.CE:Orós,25.27358301622271,1.856599238934508,33.730597850516695,4.141513839109746,True
Brazil.regions.CE:Pedra Branca,50.53539312889093,0.8243025132580124,111.60577649675773,1.969339202335181,True
Brazil.regions.CE:Pereiro,31.466423024211966,1.838739150296939,52.1537397829167,4.101673359425682,True
Brazil.regions.CE:Quixeré,50.13478027867096,1.3759378349410505,95.61981771428934,1.9316879722957654,True
Brazil.regions.CE:Santana do Acaraú,55.87203135808162,1.2231957574360155,117.37550701789436,3.050294913166212,True
Brazil.regions.CE:Tabuleiro do Norte,47.180868167202576,1.3411039657020365,94.9008772342201,2.419237703635304,True
Brazil.regions.ES:Alto Rio Novo,0.0,0.0,10.530914189933316,0.0,True
Brazil.regions.ES:Baixo Guandu,5.704245973645682,0.849194729136164,30.36417988000693,1.3769667268347974,True
Brazil.regions.ES:Boa Esperança,61.47498270694028,1.910306663592345,124.21109657656353,4.261318931032021,True
Brazil.regions.ES:Brejetuba,43.77110993096123,1.8711276332094178,86.72276577060609,4.173922311917326,True
Brazil.regions.ES:Conceição do Castelo,5.806451612903226,1.2428842504743833,33.553053389618675,2.927600959310667,True
Brazil.regions.ES:Itarana,5.416666666666667,0.7222222222222222,6.2269655669783806,1.61106030074778,True
Brazil.regions.ES:Nova Venécia,58.73576204749826,1.235877334563062,132.35861434138943,2.9154212478763983,True
Brazil.regions.ES:Santa Teresa,58.90408116209362,1.910306663592345,120.35276840251372,4.261318931032021,True
Brazil.regions.ES:São Roque do Canaã,62.49642610099147,1.910306663592345,128.33905434024507,4.261318931032021,True
Brazil.regions.GO:Planaltina,26.507537688442213,0.2809502055733211,69.95276002101417,2.369218295118627,True
Brazil.regions.GO:Santa Helena de Goiás,26.428098078197486,1.7726971504307487,58.60771973381436,3.9543535444260387,True
Brazil.regions.MA:Bom Lugar,16.298020954598368,1.6123399301513388,28.792451322817833,3.59664487307622,True
Brazil.regions.MA:Brejo,13.804034582132568,0.9978386167146974,24.633725227333276,2.616813596076006,True
Brazil.regions.MA:Cedral,6.466666666666666,0.7777777777777778,7.663049097659085,1.734988016189917,True
Brazil.regions.MA:Duque Bacelar,17.29336437718277,1.6123399301513388,32.43866892355008,3.59664487307622,True
Brazil.regions.MA:Esperantinópolis,9.70141435306443,0.7642744892613933,36.0330095521042,2.119299176631692,True
Brazil.regions.MA:Lima Campos,8.28436018957346,1.6824644549763035,190.06721461754478,3.753071571920639,True
Brazil.regions.MA:Maracaçumé,2.8218859138533174,1.6123399301513388,34.81478512901598,3.59664487307622,True
Brazil.regions.MA:Palmeirândia,7.10997442455243,1.163682864450128,5.785303152237256,2.5958260600283922,True
Brazil.regions.MA:Peri Mirim,5.521821631878558,1.3757115749525617,105.06070857145626,3.068798266641151,True
Brazil.regions.MA:Presidente Juscelino,20.645129711209005,1.828193832599119,31.94358771031414,4.078149931069439,True
Brazil.regions.MA:Presidente Vargas,8.074168797953964,1.163682864450128,12.35028044470516,2.5958260600283922,True
Brazil.regions.MA:Tutóia,14.246445497630335,0.9052132701421801,15.840120086030629,0.875108889066428,True
Brazil.regions.MG:Cachoeira de Minas,1.5,0.0,3.2935408297090563,0.0,True
Brazil.regions.MG:Campestre,5.785714285714286,0.6428571428571428,10.988884144538893,1.4340207072590128,True
Brazil.regions.MG:Campos Gerais,53.29995763310268,1.8938003106905805,116.7986359040055,4.22449822813487,True
Brazil.regions.MG:Careaçu,1.5,0.0,9.222720024283948,0.0,True
Brazil.regions.MG:Conceição do Rio Verde,1.1,0.0,9.088159682945165,0.0,True
Brazil.regions.MG:Eugenópolis,0.5,0.0,5.523131283949221,0.0,True
Brazil.regions.MG:Imbé de Minas,24.75504322766571,1.7543227665706054,43.748477390906615,3.913365826966038,True
Brazil.regions.MG:Ipuiúna,56.27518756698822,1.8984458735262595,118.0650011482961,4.234861079939905,True
Brazil.regions.MG:Itamonte,23.418587896253605,1.7543227665706054,42.63539039614025,3.913365826966038,True
Brazil.regions.MG:Itatiaiuçu,18.18957345971564,1.6824644549763035,19.015348585186583,3.753071571920639,True
Brazil.regions.MG:Mar de Espanha,2.8388746803069056,0.6265984654731459,47.74695858962032,3.078890654019889,True
Brazil.regions.MG:Miradouro,1.4000000000000001,0.3333333333333333,22.69334731874081,0.7435662926528215,True
Brazil.regions.MG:Moema,20.54976303317536,1.6824644549763035,35.60516842892851,3.753071571920639,True
Brazil.regions.MG:Monte Carmelo,51.54930332261523,1.8984458735262595,115.78145127586491,4.234861079939905,True
Brazil.regions.MG:Padre Paraíso,7.377777777777777,0.7777777777777778,13.125623752744929,1.734988016189917,True
Brazil.regions.MG:Pedra Dourada,12.988614800759013,1.3757115749525617,10.62737484119804,3.068798266641151,True
Brazil.regions.MG:Planura,15.139697322467986,0.7380675203725262,15.9029947821804,4.645339796832293,True
Brazil.regions.MG:Poço Fundo,24.75504322766571,1.7543227665706054,51.65191619794484,3.913365826966038,True
Brazil.regions.MG:Santo Antônio do Amparo,1.0,0.0,4.679663061514097,0.0,True
Brazil.regions.MG:Senador Amaral,58.683882868342174,1.910306663592345,49.63907232381164,4.261318931032021,True
Brazil.regions.MG:São Brás do Suaçuí,55.370846730975344,1.8984458735262595,79.7372099193873,4.234861079939905,True
Brazil.regions.MT:Sinop,46.43947429098455,0.6479133041272769,131.09776082464933,3.378501677776638,True
Brazil.regions.PA:Maracanã,8.876777251184834,0.5924170616113744,55.164268851621856,1.4096357924953744,True
Brazil.regions.PA:Marapanim,28.123164218958618,0.8761682242990655,36.73939370762125,3.6186136811946716,True
Brazil.regions.PA:Mocajuba,9.812680115273777,1.3760806916426513,40.358677830500355,4.18280789735314,True
Brazil.regions.PA:São João de Pirabas,22.7123442808607,1.34484711211778,33.495604554952926,5.3999267352376386,True
Brazil.regions.PA:Tracuateua,26.390112579539892,1.828193832599119,50.85232319517259,4.078149931069439,True
Brazil.regions.PB:Brejo do Cruz,27.984709480122323,0.8547400611620795,57.77140962257477,3.036312918962687,True
Brazil.regions.PB:Casserengue,17.29336437718277,1.6123399301513388,28.430083702649025,3.59664487307622,True
Brazil.regions.PB:Imaculada,15.011641443538998,1.6123399301513388,15.551810462917397,3.59664487307622,True
Brazil.regions.PB:Joca Claudino,10.060514372163388,1.0136157337367624,13.263590071691837,2.2610714799276415,True
Brazil.regions.PB:Monteiro,11.530849825378347,1.6123399301513388,20.485932953125786,3.59664487307622,True
Brazil.regions.PB:Pombal,42.19383961763145,1.8711276332094178,91.31330847184746,4.173922311917326,True
Brazil.regions.PB:Santa Luzia,8.313253012048193,0.8652792990142388,14.327286806796776,3.1211815779277945,True
Brazil.regions.PB:São José de Caiana,2.1666666666666665,0.0,54.315009501377546,0.0,True
Brazil.regions.PB:São João do Rio do Peixe,44.93380614657211,1.8833727344365643,82.76785270941424,4.20123744548521,True
Brazil.regions.PE:Cumaru,11.82818229439497,1.650078575170246,35.900497549776006,3.6808284261755695,True
Brazil.regions.PE:Itapetim,33.22521699406121,0.8771128369118318,59.16690105497676,3.095003325999091,True
Brazil.regions.PE:Petrolândia,19.939707149009475,1.7097329888027564,43.032414454661804,3.81389945973088,True
Brazil.regions.PE:Salgueiro,44.09188379063869,1.4572284989624165,110.32312356573019,2.612508517033952,True
Brazil.regions.PI:Luzilândia,28.009626274065685,0.9966024915062288,57.66464760594815,0.8570050374207494,True
Brazil.regions.PI:União,17.82715802122972,1.856599238934508,39.37462747373873,4.141513839109746,True
Brazil.regions.PR:Alto Paraná,32.126068376068375,1.8482905982905986,45.64689096082166,4.122979763748016,True
Brazil.regions.PR:Assaí,44.673924588422736,1.8711276332094178,95.39815942157992,4.173922311917326,True
Brazil.regions.PR:Assis Chateaubriand,52.31531012220429,1.910306663592345,107.43157944730821,4.261318931032021,True
Brazil.regions.PR:Balsa Nova,59.52086695872723,1.910306663592345,107.05916926305872,4.261318931032021,True
Brazil.regions.PR:Ibaiti,63.283836753516255,1.910306663592345,140.09513207807615,4.261318931032021,True
Brazil.regions.PR:Itaipulândia,1.5,0.0,3.3709979733214466,0.0,True
Brazil.regions.PR:Palmas,63.42218123126584,1.910306663592345,141.7451646721819,4.261318931032021,True
Brazil.regions.PR:Ribeirão do Pinhal,15.483412322274882,0.7345971563981044,8.998971108439122,3.5219863648220042,True
Brazil.regions.RJ:Quissamã,38.154009559214025,1.8711276332094178,71.57037190954769,4.173922311917326,True
Brazil.regions.RJ:Sapucaia,48.62162785335486,0.5061102144339404,57.094854503673204,8.509207929315028,True
Brazil.regions.RJ:Sumidouro,57.40091638029782,1.9027618683976073,119.0878619831602,4.244488764856693,True
Brazil.regions.RJ:São Fidélis,36.23941562313656,1.8887895050685748,75.01988507915298,4.213320629656194,True
Brazil.regions.RJ:São Francisco de Itabapoana,47.2666130760986,0.9431939978563774,104.05232952866228,1.9815329573611518,True
Brazil.regions.RN:Alexandria,26.61664779161948,0.9173272933182334,38.256009948010885,3.3264678885938883,True
Brazil.regions.RN:Almino Afonso,3.0,0.3333333333333333,12.196528669792329,0.7435662926528215,True
Brazil.regions.RN:Baraúna,25.628140703517584,1.4641388761991776,43.548948230694315,3.12421783786451,True
Brazil.regions.RN:Baía Formosa,63.37491353470139,1.910306663592345,132.64949152143015,4.261318931032021,True
Brazil.regions.RN:Itajá,18.023696682464458,1.6824644549763035,13.333761814957183,3.753071571920639,True
Brazil.regions.RN:Jardim do Seridó,3.0,0.3333333333333333,4.632533173224004,0.7435662926528215,True
Brazil.regions.RN:Lajes Pintadas,30.841899167890368,1.828193832599119,9.03216693200727,4.078149931069439,True
Brazil.regions.RN:Pendências,13.061699650756694,1.1466821885913854,9.647588542319262,2.5195909424355105,True
Brazil.regions.RN:Taipu,63.260779340557995,0.9481208208439011,134.3946635049878,3.882666735553206,True
Brazil.regions.RO:Rolim de Moura,59.24302513258013,1.1839981554069632,134.2997597579304,2.942149131574392,True
Brazil.regions.RS:Antônio Prado,12.08105147864184,1.2814895947426068,22.12012636052738,2.8586174011077805,True
Brazil.regions.RS:Candelária,44.98230974632845,1.8775033377837118,97.31426942289814,4.188144588957398,True
Brazil.regions.RS:Capitão,6.944444444444445,0.7222222222222222,18.549646086043552,1.61106030074778,True
Brazil.regions.RS:Cerro Grande do Sul,63.42218123126584,1.8169241411113672,135.6832565432575,4.191077219693829,True
Brazil.regions.RS:Crissiumal,1.5,0.0,3.0486992086220854,0.0,True
Brazil.regions.RS:Humaitá,4.777777777777778,0.7222222222222222,48.77700671837388,1.61106030074778,True
Brazil.regions.RS:Ibirubá,3.9444444444444446,0.7222222222222222,3.7304069292291198,1.61106030074778,True
Brazil.regions.RS:Monte Belo do Sul,19.046621267679413,0.7642744892613933,15.874233662136,35.56563939172083,True
Brazil.regions.RS:Triunfo,25.89300736067298,1.8165089379600423,50.074587055384605,4.052084449708988,True
Brazil.regions.SC:Antônio Carlos,52.50449619552686,1.1182845284759049,41.5681134564021,30.4504446736958,True
Brazil.regions.SC:Atalanta,0.0,0.0,28.92194909711942,0.0,True
Brazil.regions.SC:Garuva,16.827706635622818,1.6123399301513388,32.91129452858106,3.59664487307622,True
Brazil.regions.SC:Itá,17.279874213836475,1.7334905660377358,59.67216322692864,3.8668954606119605,True
Brazil.regions.SC:Meleiro,38.948728219507316,1.856599238934508,67.53722897066012,4.141513839109746,True
Brazil.regions.SC:Nova Trento,56.174705251875686,1.8984458735262595,120.31882754473507,4.234861079939905,True
Brazil.regions.SC:Ouro,14.568081991215228,1.5153733528550513,22.311032479117248,3.380341637901919,True
Brazil.regions.SC:Serra Alta,0.0,0.0,28.415945314502462,0.0,True
Brazil.regions.SC:Tunápolis,23.305817610062892,1.7334905660377358,33.96831599598532,3.8668954606119605,True
Brazil.regions.SE:Canindé de São Francisco,20.0,1.3738156761412577,41.49231606482315,2.6904301866155,True
Brazil.regions.SE:Carira,16.31548311990687,1.6123399301513388,32.118415379395294,3.59664487307622,True
Brazil.regions.SE:Monte Alegre de Sergipe,0.0,0.0,4.422218426279443,0.0,True
Brazil.regions.SE:Pacatuba,60.10532687651333,1.9067796610169492,124.97456206447472,4.25345125034453,True
Brazil.regions.SE:Riachão do Dantas,11.248630887185104,0.5071193866374589,20.16995389909573,2.190612591318375,True
Brazil.regions.SP:Alambari,43.447158789166224,1.8711276332094178,65.52958709048161,4.173922311917326,True
Brazil.regions.SP:Auriflama,14.568081991215228,1.5153733528550513,28.46665276243463,3.380341637901919,True
Brazil.regions.SP:Barbosa,4.714285714285714,0.5238095238095238,6.792336155127949,1.1684613170258622,True
Brazil.regions.SP:Bocaina,15.534022394487511,1.7097329888027564,12.394263718868844,3.81389945973088,True
Brazil.regions.SP:Casa Branca,3.2857142857142856,0.5238095238095238,6.024960396668344,1.1684613170258622,True
Brazil.regions.SP:Fartura,40.51389626482563,1.499380421313507,69.82131950119303,3.1751020731662316,True
Brazil.regions.SP:Fernando Prestes,5.785714285714286,0.6428571428571428,6.811894547975383,1.4340207072590128,True
Brazil.regions.SP:Guararapes,57.286603643071246,1.910306663592345,122.07392982541054,4.261318931032021,True
Brazil.regions.SP:Ibirarema,10.99620493358634,1.3757115749525617,15.899621024322416,3.068798266641151,True
Brazil.regions.SP:Indiana,5.872727272727272,0.8181818181818182,66.89141741419209,1.8251172637841981,True
Brazil.regions.SP:Ipuã,3.1687979539641944,1.163682864450128,31.50688850037551,2.5958260600283922,True
Brazil.regions.SP:Jambeiro,11.686746987951809,1.2814895947426068,10.241767695893328,2.8586174011077805,True
Brazil.regions.SP:Joanópolis,62.14710629467375,1.910306663592345,126.62732208709346,4.261318931032021,True
Brazil.regions.SP:Junqueirópolis,30.70318445824154,1.6202683757260163,42.777404702504654,3.1756362824268014,True
Brazil.regions.SP:Nipoã,12.988614800759013,1.3757115749525617,15.070552287139872,3.068798266641151,True
Brazil.regions.SP:Ouroeste,1.5,0.0,4.074830838112236,0.0,True
Brazil.regions.SP:Piratininga,38.636181575433916,1.660547396528705,38.06491685381641,3.843343754002622,True
Brazil.regions.SP:Porangaba,11.112531969309462,1.163682864450128,18.134565160700163,2.5958260600283922,True
Brazil.regions.SP:Presidente Epitácio,18.630331753554504,0.8578199052132701,41.46718765968598,1.8930769508081782,True
Brazil.regions.SP:Rincão,48.31914893617022,0.9771473601260837,92.61502976554256,4.506926445076794,True
Brazil.regions.SP:Santa Rita do Passa Quatro,28.38901472253681,0.8725934314835788,59.88027912464948,1.001202740446238,True
Brazil.regions.SP:Santo Anastácio,10.76670317634173,0.4928806133625411,18.67365686018143,1.8629135248673236,True
Brazil.regions.SP:São Miguel Arcanjo,50.85007000127275,1.9027618683976073,106.41682380094825,4.244488764856693,True
Brazil.regions.SP:Tabapuã,0.0,0.0,5.829267270183714,0.0,True
Brazil.regions.SP:Tanabi,62.165552225040344,1.910306663592345,135.04675091777915,4.261318931032021,True
Brazil.regions.SP:Tarabai,38.01161626276788,1.856599238934508,57.20862380761493,4.141513839109746,True
Brazil.regions.SP:Torre de Pedra,11.153340635268346,1.2814895947426068,53.738852779234286,2.8586174011077805,True
Brazil.regions.SP:Álvaro de Carvalho,10.060514372163388,1.0136157337367624,10.225650557389825,2.2610714799276415,True
Faroe_Islands,115.06813465529169,1.910306663592345,226.39953130686786,4.261318931032021,True
Turks_and_Caicos_islands,54.25086465298593,1.0076089462762279,111.41255618751902,1.3917858478222913,True
United_States_of_America.regions.Alabama:Autauga,35.093267235416185,0.8485127968641919,91.18145418216342,1.8201064462294838,True
United_States_of_America.regions.Alabama:Blount,38.844362462531706,1.910306663592345,99.44353520417478,4.261318931032021,True
United_States_of_America.regions.Alabama:Colbert,44.281069863961264,0.5510721697025595,107.24604791879746,1.8007651867301704,True
United_States_of_America.regions.Alabama:Dale,37.71650910767812,1.910306663592345,89.39575745332421,4.261318931032021,True
United_States_of_America.regions.Alabama:DeKalb,10.677311505649065,0.4830528014756744,68.52889577409975,2.2655225553846985,True
United_States_of_America.regions.Alabama:Russell,22.593267235416185,1.910306663592345,71.5391438367824,4.261318931032021,True
United_States_of_America.regions.Arkansas:Lonoke,33.1355775881946,1.910306663592345,99.79452532742319,4.261318931032021,True
United_States_of_America.regions.Florida:Bradford,31.687110906156327,0.5960341249711782,34.75648906578311,2.694280057730589,True
United_States_of_America.regions.Florida:Columbia,28.63546230112981,1.545999538851741,93.75600936249721,3.753120503527901,True
United_States_of_America.regions.Florida:Gadsden,4.857505187917915,1.910306663592345,11.949594725339809,4.261318931032021,True
United_States_of_America.regions.Georgia:Bryan,27.69829375144109,0.2547844131888402,52.30440201522614,1.083522823987639,True
United_States_of_America.regions.Georgia:Camden,39.454922757666594,1.4537698870186764,98.03411612710998,3.4261804965870857,True
United_States_of_America.regions.Georgia:Dade,52.246253170394276,0.929213742218123,68.24631357986294,1.8263760390239594,True
United_States_of_America.regions.Georgia:Franklin,51.25109522711551,1.6439935439243718,87.39193377131153,3.12074280499676,True
United_States_of_America.regions.Georgia:Pike,32.33952040581047,0.44039658750288213,36.166962795677165,4.915279458070006,True
United_States_of_America.regions.Idaho:Madison,59.55199446622088,1.910306663592345,131.50784839664007,4.261318931032021,True
United_States_of_America.regions.Illinois:Franklin,58.15344708323726,1.910306663592345,127.41791281002263,4.261318931032021,True
United_States_of_America.regions.Illinois:Jackson,29.89439704865114,2.483283375605257,82.86457693427495,4.112743993343669,True
United_States_of_America.regions.Illinois:LaSalle,40.37860272077473,0.9522711551763893,121.58096998170168,3.3797100928022084,True
United_States_of_America.regions.Illinois:Monroe,17.47648143878257,4.7313811390362,25.480137706223726,14.246369928535545,True
United_States_of_America.regions.Indiana:Cass,734.0652524786718,0.9857044039658749,1974.7387258325914,2.759086932523181,True
United_States_of_America.regions.Indiana:Huntington,56.90142955960342,0.3539312889093844,123.12256825377683,1.2330295520209695,True
United_States_of_America.regions.Indiana:Jackson,29.593036661286607,1.6439935439243718,68.8253225366285,3.6592228453274855,True
United_States_of_America.regions.Indiana:Jefferson,39.798478210744754,1.910306663592345,67.72852226623579,4.261318931032021,True
United_States_of_America.regions.Indiana:Miami,29.4055798939359,1.910306663592345,59.98223088613401,4.261318931032021,True
United_States_of_America.regions.Iowa:Des Moines,52.32349550380447,1.4895088771039888,112.6642891938634,3.181436501057027,True
United_States_of_America.regions.Iowa:Muscatine,93.2167396818077,2.1939128429790182,225.23017426452307,5.205859195265101,True
United_States_of_America.regions.Iowa:Pottawattamie,55.844362462531706,1.6439935439243718,134.50341165411203,3.975593634733529,True
United_States_of_America.regions.Iowa:Warren,46.91653216509108,1.910306663592345,109.69247995384787,4.261318931032021,True
United_States_of_America.regions.Kentucky:Barren,49.731611713165776,1.910306663592345,110.50781560691402,4.261318931032021,True
United_States_of_America.regions.Kentucky:Christian,11.140534931980632,1.209361309661056,56.860367285943276,1.2769218009971561,True
United_States_of_America.regions.Kentucky:Floyd,56.80816232418723,1.910306663592345,122.32313341715187,4.261318931032021,True
United_States_of_America.regions.Kentucky:Gallatin,53.805535941251236,1.8938003106905805,109.45248468223471,4.22449822813487,True
United_States_of_America.regions.Kentucky:Grant,46.1821535623703,0.9061563292598571,71.27577077311277,4.966713027477978,True
United_States_of_America.regions.Kentucky:Meade,53.918837906386905,0.7678118515102604,106.99351587576398,1.2664629468188582,True
United_States_of_America.regions.Kentucky:Mercer,55.20890016140189,1.910306663592345,101.78991564018904,4.261318931032021,True
United_States_of_America.regions.Kentucky:Pulaski,35.471869956190915,0.3643071247406041,99.14661341819766,1.8820894278821723,True
United_States_of_America.regions.Kentucky:Rowan,51.57562491173564,1.8938003106905805,108.7160855234905,4.22449822813487,True
United_States_of_America.regions.Kentucky:Taylor,58.43025132580125,1.910306663592345,120.51640467404239,4.261318931032021,True
United_States_of_America.regions.Louisiana:Acadia,39.61863038967028,4.060410421950658,36.364761756148084,5.757212591468054,True
United_States_of_America.regions.Louisiana:Lafourche,299.63131196679734,11.810006917223888,233.94852230573645,10.754392026795013,True
United_States_of_America.regions.Louisiana:Rapides,112.20740142955961,4.23576204749827,24.87957136458512,1.4809635485860326,True
United_States_of_America.regions.Louisiana:St. James,124.80216739681806,10.112289601106756,753.0561281847527,52.728614064318286,True
United_States_of_America.regions.Louisiana:St. Landry,46.20059949273691,15.922296518330644,22.60973722046083,18.015845071398292,True
United_States_of_America.regions.Louisiana:St. Mary,65.24129582660824,9.006225501498733,119.30666903092776,18.135747298384874,True
United_States_of_America.regions.Louisiana:Terrebonne,134.80781646299286,10.539543463223428,49.169450003844894,8.357202730798104,True
United_States_of_America.regions.Massachusetts:Franklin,84.97382983629235,19.858196910306663,69.74467014802417,26.955582785325873,True
United_States_of_America.regions.Michigan:Branch,14.48086234724464,0.0,29.952682792451874,0.1284750887587375,True
United_States_of_America.regions.Michigan:Montcalm,48.64814387825686,1.32234263315656,119.01634627720075,3.3410146008983737,True
United_States_of_America.regions.Minnesota:Blue Earth,45.21351164399354,1.910306663592345,115.31355642097354,4.261318931032021,True
United_States_of_America.regions.Minnesota:Isanti,58.88551994466221,1.910306663592345,130.07684243176806,4.261318931032021,True
United_States_of_America.regions.Minnesota:Steele,54.60629467373761,1.910306663592345,116.96063737695093,4.261318931032021,True
United_States_of_America.regions.Mississippi:Alcorn,55.853585427715004,1.4537698870186764,120.5438142353364,3.025866392473126,True
United_States_of_America.regions.Mississippi:Jones,13.8683421720083,1.7719621858427483,59.230583928740806,4.058163951811491,True
United_States_of_America.regions.Mississippi:Lafayette,13.877680424256397,0.8669587272308048,50.0280010352184,1.5843513431561624,True
United_States_of_America.regions.Mississippi:Pike,19.28775651371916,1.6105602951348856,67.65580482461414,4.238284320335335,True
United_States_of_America.regions.Missouri:Lincoln,28.478556605948814,1.0076089462762279,81.08232024537031,2.731659843515513,True
United_States_of_America.regions.Missouri:Newton,55.61021443394051,1.3857505187917916,128.5604461051329,3.360576873197429,True
United_States_of_America.regions.Missouri:Pulaski,43.2965183306433,1.0076089462762279,103.54897431843516,2.545391930222021,True
United_States_of_America.regions.Missouri:Scott,28.204288678810233,1.3258012451002996,49.100608479454266,2.8769485565902064,True
United_States_of_America.regions.Missouri:Taney,55.973483975098,1.000691722388748,128.60010551122284,2.634915445830339,True
United_States_of_America.regions.New York:Columbia,33.05395434632234,8.723772192759972,21.227500927078626,13.844298412418135,True
United_States_of_America.regions.New York:Cortland,42.53204980401199,1.910306663592345,97.69923287696464,4.261318931032021,True
United_States_of_America.regions.New York:Jefferson,22.875720544154948,1.910306663592345,105.74763822607872,4.261318931032021,True
United_States_of_America.regions.New York:Livingston,31.853008992391057,0.6974867419875491,91.93872148734928,2.3335764228386213,True
United_States_of_America.regions.New York:Tioga,45.03504726769656,1.5471524094996543,103.48672105921862,3.507933759792284,True
United_States_of_America.regions.North Carolina:Dare,52.121743140419646,0.9499654138805625,110.47905641813739,1.6957769161406022,True
United_States_of_America.regions.North Carolina:Jackson,34.11662726556344,1.289204097714736,75.36447141741648,2.8489486824058057,True
United_States_of_America.regions.North Carolina:Polk,48.83248789485819,1.910306663592345,69.00295631881652,4.261318931032021,True
United_States_of_America.regions.North Carolina:Transylvania,57.96668203827531,1.910306663592345,124.95793578053346,4.261318931032021,True
United_States_of_America.regions.North Carolina:Wilkes,42.254323264929674,0.9386672815310121,67.59980900134089,2.8410426899320207,True
United_States_of_America.regions.Ohio:Brown,54.08266082545538,0.9433940511874567,119.9029738304847,2.0424959321694995,True
United_States_of_America.regions.Ohio:Champaign,55.52593958957805,1.114825916532165,120.84104374949803,2.2155924373707645,True
United_States_of_America.regions.Ohio:Darke,19.836753516255474,6.227807240027668,56.47735250079494,11.859679125639595,True
United_States_of_America.regions.Ohio:Defiance,50.89163015909615,1.5644454692183536,108.19604009530195,3.353236923066072,True
United_States_of_America.regions.Ohio:Madison,28.501383444777495,0.8254553839059257,63.40263743733703,1.8543181626618022,True
United_States_of_America.regions.Ohio:Mercer,48.0426562139728,0.9810929213742219,103.93081395792758,2.0044119500300708,True
United_States_of_America.regions.Ohio:Morrow,16.03204980401199,1.32234263315656,19.458930608682753,2.597018573140873,True
United_States_of_America.regions.Ohio:Perry,53.373645376988705,1.6439935439243718,113.15022058123138,3.5243036001304517,True
United_States_of_America.regions.Ohio:Preble,41.504957343786025,0.9453539312889094,87.65355651205041,1.9317702864173185,True
United_States_of_America.regions.Ohio:Washington,5.297901775420798,4.816693566981785,40.443637733595736,7.597572812591012,True
United_States_of_America.regions.Ohio:Williams,35.45008070094536,1.0225962646991007,64.75557528401443,1.8419621260248151,True
United_States_of_America.regions.Oklahoma:Pottawatomie,29.52190454231035,1.6140189070786255,95.51947632400832,1.236321093188269,True
United_States_of_America.regions.Pennsylvania:Armstrong,28.88217661978326,0.4680654830528015,88.80573105627967,2.033403304957188,True
United_States_of_America.regions.Pennsylvania:Indiana,16.103643071247404,1.8561217431404196,83.05687915342934,1.324775170044147,True
United_States_of_America.regions.Pennsylvania:Lycoming,19.627853354853585,0.8439013142725386,104.1701032397187,3.236649037697838,True
United_States_of_America.regions.South Carolina:Kershaw,53.29755591422642,1.171316578279917,34.766593537830985,2.1436323647539313,True
United_States_of_America.regions.South Carolina:Laurens,37.214088079317506,0.7274613788332949,103.3658513819812,2.508773800782885,True
United_States_of_America.regions.Tennessee:Cumberland,18.33790638690339,1.8630389670278995,67.5538374173525,4.183216326001543,True
United_States_of_America.regions.Tennessee:Marshall,45.224002766889555,0.9937744985012681,87.87006735787135,1.5950435416761624,True
United_States_of_America.regions.Tennessee:Trousdale,382.77057874106526,0.7908692644685266,3631.758937649154,5.65925355322727,True
United_States_of_America.regions.Tennessee:Unicoi,63.19737145492276,1.910306663592345,136.93170784209426,4.261318931032021,True
United_States_of_America.regions.Tennessee:Union,61.61793866728153,1.910306663592345,129.72326724443744,4.261318931032021,True
United_States_of_America.regions.Tennessee:Warren,58.079778648835614,1.910306663592345,128.3446527322556,4.261318931032021,True
United_States_of_America.regions.Texas:Aransas,62.34770578741065,1.910306663592345,134.92093254937774,4.261318931032021,True
United_States_of_America.regions.Texas:Bastrop,24.85519944662209,0.5176389209130735,99.11040544256626,2.691638304047732,True
United_States_of_America.regions.Texas:Henderson,43.6688955499193,1.910306663592345,118.62304747458373,4.261318931032021,True
United_States_of_America.regions.Texas:San Patricio,55.08000922296518,1.910306663592345,129.70652933592027,4.261318931032021,True
United_States_of_America.regions.Texas:Walker,69.95653677657367,0.9292137422181231,57.9693295974876,2.916821909784921,True
United_States_of_America.regions.Vermont:Grand Isle,60.86257781876873,1.910306663592345,97.01176234952456,4.261318931032021,True
United_States_of_America.regions.Vermont:Washington,41.15448466682039,1.5644454692183536,103.87068029608601,3.6691821124355872,True
United_States_of_America.regions.Virginia:Fluvanna,17.445699792483286,2.3495503804473135,50.61557079353829,8.494998374623211,True
United_States_of_America.regions.Virginia:Rockingham,52.823956652063636,1.4537698870186764,27.180260507341647,3.7042134780939775,True
United_States_of_America.regions.Virginia:Shenandoah,14.31473368688033,0.7816462992852203,32.234367628857214,1.7594237700362456,True
United_States_of_America.regions.Virginia:Washington,35.93532395665206,1.32234263315656,90.69782107892908,2.2973064788483666,True
United_States_of_America.regions.Virginia:Wise,44.711090615632926,0.9119206824994236,91.13140863295433,1.694095492782442,True
United_States_of_America.regions.Washington:Cowlitz,36.82430251325801,1.910306663592345,118.7263897907728,4.261318931032021,True
United_States_of_America.regions.West Virginia:Taylor,57.72838367535164,1.910306663592345,103.86667876065589,4.261318931032021,True
United_States_of_America.regions.Wisconsin:Dodge,42.215125662900626,1.209361309661056,118.39352958487602,3.463330163023177,True
United_States_of_America.regions.Wisconsin:Marathon,50.76135577588195,1.209361309661056,133.63896280653373,3.7447480543913283,True
United_States_of_America.regions.Wisconsin:Portage,60.025824302513264,1.910306663592345,137.49448698021757,4.261318931032021,True
United_States_of_America.regions.Wisconsin:Wood,62.49296748904772,1.910306663592345,141.06369263456997,4.261318931032021,True
Brazil.regions.AM:Autazes,113.26872246696037,12.112090063631914,296.43200789889994,31.139748484658124,False
Brazil.regions.AP:Serra do Navio,9.259726603575183,1.8165089379600423,362.2590950705076,4.052084449708988,False
United_States_of_America.regions.Idaho:Blaine,306.85519944662207,2.016370763200369,1468.9703001750017,12.352229244365294,False
United_States_of_America.regions.Nebraska:Custer,37.517062485589115,1.144108830989163,111.9843258191553,24.08066394529263,False
San_Marino,116.09003919760202,17.942241180539543,390.57666345247674,54.463117927743696,False
United_States_of_America.regions.Louisiana:Jefferson,2995.7256167857963,120.69979248328339,567.2602965386016,25.158491478944338,False
United_States_of_America.regions.Michigan:Macomb,2595.0871570209824,204.468526631312,163.81710118668028,20.345380295408575,False
United_States_of_America.regions.North Carolina,1720.4165321650912,25.514180308969333,126.69271845999667,4.010037352706579,False
United_States_of_America.regions.Pennsylvania:Lancaster,866.1292367996311,70.90385058796403,32.63917346982361,10.66808744353566,False
United_States_of_America.regions.Louisiana:East Baton Rouge,1050.8656905695182,54.576896472215815,111.7315071426056,9.465781226527291,False
United_States_of_America.regions.New Jersey:Ocean,2822.9318653447085,116.62439474290983,334.5895685832656,16.45581685475966,False
United_States_of_America.regions.New Jersey:Bergen,4262.270348166936,158.0781646299285,333.47831058296055,15.04955248076063,False
United_States_of_America.regions.Florida:Palm Beach,1192.170740142956,64.28522019829374,59.75284578836175,2.4920452688758585,False
United_States_of_America.regions.New York:Nassau,11475.335024210282,385.88886326954116,713.4444171184451,26.69219338023849,False
South_Africa,1244.4063869033896,8.969333640765505,141.44136766962595,4.244073645124968,False
Italy,2291.6908000922294,105.72169702559374,139.8305773520482,4.08507063314611,False
Brazil.regions.SP:São Paulo,1018.1373068941665,62.2354161863039,134.88460168764772,3.745652112197736,False
United_States_of_America.regions.New Jersey:Hudson,4454.116209361309,138.7940973022827,536.1788298992166,18.733640279474134,False
China,10793.164284067327,228.26147106294673,142.92689719735196,4.244812301388822,False
Brazil.regions.CE:Fortaleza,1823.2468296057182,92.8683421720083,72.9898459523552,2.605225401182961,False
Iran,17962.083813696103,1215.9041964491582,121.66926646547942,2.7727032797782547,False
Brazil.regions.RJ:Rio de Janeiro,980.8937053262624,48.652294212589354,128.15143829219642,3.517664589236008,False
United_States_of_America.regions.Texas:Harris,1408.3343324878947,16.307355314733687,112.47298939454231,3.8880621306383074,False
Saudi_Arabia,1527.399354392437,16.793866728153098,138.98319354645943,4.208991521049799,False
United_States_of_America.regions.Connecticut,6979.29813234955,318.72377219275995,78.21207728728066,7.3464454483813455,False
United_States_of_America.regions.New Jersey:Union,3862.890707862578,122.10053032049804,569.1693762231964,19.845563102463856,False
Pakistan,1198.198293751441,13.845976481438782,143.11247673123094,4.254373404490583,False
Romania,1335.3968180770119,43.00207516716625,136.52319992481267,4.037617244979957,False
Brazil.regions.SP,1328.14076550611,76.54830528014757,140.67704989632807,4.092559977986656,False
United_States_of_America.regions.Maryland:Prince George's,1163.9780954576897,31.6290062255015,45.31667473560324,3.08746820053155,False
United_States_of_America.regions.New York:Rockland,4123.20982245792,70.98455153331795,1148.2507770374223,20.171882245556862,False
United_States_of_America.regions.Kentucky,903.0335485358542,44.87203135808162,122.05325134132583,3.2183694363686475,False
United_States_of_America.regions.Louisiana,12769.552225040352,556.5540696333871,142.74143088031067,9.176256066104022,False
Brazil.regions.RJ,1208.7574360156789,65.18445930366613,136.3336612721794,3.8746368928731725,False
Brazil.regions.PE,882.1006456075628,84.4627622780724,133.80258663412204,3.3607185605637944,False
United_States_of_America.regions.Virginia,2733.5875028821765,69.56075628314504,110.9257076358311,3.4244681243802813,False
Brazil.regions.MA,1144.443739912382,59.36246253170395,126.6208714548893,3.398553793776683,False
Brazil,3331.69633387134,118.58081623241874,142.0857199048095,4.204258064135072,False
Peru,3217.8614249481207,85.11067558219968,133.4459061287531,3.990130346607988,False
Colombia,1353.080700945354,42.744985012681575,140.8516124088838,4.172263410047385,False
United_States_of_America.regions.Michigan:Oakland,3305.455729767121,216.07908692644685,130.11954525832965,14.45505981681071,False
Indonesia,1351.1913765275535,119.67373760664054,143.17779284549687,4.215953282241735,False
Poland,2727.9377449850126,69.66682038275306,136.35407637985315,4.073064166523933,False
Ecuador,1915.6747751902237,84.89393590039198,132.11688329453372,3.7549949853650526,False
United_States_of_America.regions.New Jersey:Mercer,1336.9240258243026,57.53631542540927,241.27905308275024,13.686462064916007,False
Serbia,1765.199907770348,39.15840442702329,117.50283218396733,3.68071304613325,False
United_States_of_America.regions.Indiana,3809.120359695642,146.52063638459765,86.16927696443072,2.52703599281212,False
United_States_of_America.regions.Colorado,3679.495964952732,122.12935208669587,78.69364175362401,2.3858762019874895,False
Morocco,555.9030435785105,39.64145722849896,141.9890898023284,4.1466306757578915,False
Turkey,41186.65125662901,899.920451925294,93.59570891818973,3.1658472610279262,False
United_States_of_America.regions.Louisiana:Orleans,3771.4858196910304,175.372377219276,839.601275971059,41.39604166093077,False
United_States_of_America.regions.Virginia:Colonial Heights city,13.543140407288318,3.2810825294748125,198.8919495592797,24.950874673079973,False
Netherlands,8425.793751441088,704.0131427253862,94.43362129638061,3.438317762274703,False
United_States_of_America.regions.Texas:Dallas,1155.670278994697,23.25570670970717,97.41223380653348,3.3115132619280745,False
