region,cases_distance,deaths_distance,cases_per_100k_distance,deaths_per_100k_distance,is_same_cluster
Brazil.regions.BA:Barreiras,19.187040748162993,0.0,291.4137929201571,0.0,False
Brazil.regions.BA:Bom Jesus da Lapa,2.0,0.0,9.967631369856022,0.0,False
Brazil.regions.BA:Campo Alegre de Lourdes,1.0980546792849633,0.0,37.72187970382338,0.0,False
Brazil.regions.BA:Campo Formoso,12.750601443464314,0.0,195.31381342728147,0.0,False
Brazil.regions.GO:Formosa,2.9117356305606554,0.0,117.72171177275322,0.0,False
Brazil.regions.GO:Jataí,11.936539746158985,0.0,283.795793902995,0.0,False
Brazil.regions.GO:Minaçu,0.832420591456736,0.0,22.550141933854118,0.0,False
Brazil.regions.GO:Padre Bernardo,0.0,0.0,11.350632212667172,0.0,False
Brazil.regions.GO:Quirinópolis,0.25,0.0,11.809397425692808,0.0,False
Brazil.regions.MA:Arame,5.388828039430449,0.0,11.584816692310536,0.0,False
Brazil.regions.MA:Parnarama,3.0,0.0,2.8471319643411395,0.0,False
Brazil.regions.MA:Tuntum,10.377057886351567,0.0,47.32464138805759,0.0,False
Brazil.regions.MG:Diamantina,3.8666666666666667,0.0,4.349632077923537,0.0,False
Brazil.regions.MG:Três Marias,2.8338590956887493,0.0,51.75715272215042,0.0,False
Brazil.regions.MG:Unaí,9.902731013842125,0.0,253.62314895372265,0.0,False
Brazil.regions.MS:Naviraí,7.989013933547695,0.0,130.33850829955986,0.0,False
Brazil.regions.MS:Nova Andradina,11.106614785992218,0.0,234.07283352555064,0.0,False
Brazil.regions.MS:Ponta Porã,19.08884435537742,0.0,290.76590747371523,0.0,False
Brazil.regions.MS:Sidrolândia,19.075484301937205,0.0,289.8693876322009,0.0,False
Brazil.regions.MT:Primavera do Leste,3.7096065069245996,0.0,150.56413266637918,0.0,False
Brazil.regions.MT:Sorriso,15.23908918406072,0.0,15.860613784610067,0.0,False
Brazil.regions.PA:Ipixuna do Pará,16.61137440758294,0.0,15.668412275843243,0.0,False
Brazil.regions.PA:Ulianópolis,21.749525616698293,0.0,10.028010474849077,0.0,False
Brazil.regions.PI:Floriano,16.695774083717204,0.0,29.429443108051977,0.0,False
Brazil.regions.RS:Alegrete,14.872023327393487,0.0,242.0369362904827,0.0,False
Brazil.regions.RS:Caçapava do Sul,1.6680497925311202,0.0,35.19545878568343,0.0,False
Brazil.regions.RS:Itaqui,0.5636363636363636,0.0,17.258027012221316,0.0,False
Brazil.regions.RS:Sant'Ana do Livramento,10.523580494321976,0.0,277.74269828072937,0.0,False
Brazil.regions.RS:São Borja,1.9555555555555557,0.0,11.932725599948878,0.0,False
Brazil.regions.RS:São Gabriel,15.48261896726291,0.0,234.1926701415292,0.0,False
Brazil.regions.RS:Uruguaiana,11.987006412419843,0.0,232.20500905501407,0.0,False
United_States_of_America.regions.California:Del Norte,12.78906513668579,0.0,222.30641297514742,0.0,False
United_States_of_America.regions.California:Humboldt,8.41750167000668,0.0,275.38507437500954,0.0,False
United_States_of_America.regions.California:Mendocino,11.861723446893789,0.0,281.85350525230143,0.0,False
United_States_of_America.regions.Colorado:Fremont,6.015364061456246,0.0,255.22946551629622,0.0,False
United_States_of_America.regions.Colorado:Mesa,13.167668670674683,0.0,270.43516536350864,0.0,False
United_States_of_America.regions.Hawaii:Hawaii,34.142818971275894,0.0,265.1312403463721,0.0,False
United_States_of_America.regions.Idaho:Jefferson,15.752839011356045,0.0,276.19199675086674,0.0,False
United_States_of_America.regions.Kansas:Butler,10.529058116232465,0.0,275.97247106010667,0.0,False
United_States_of_America.regions.Maine:Oxford,11.072945891783567,0.0,268.9480447587493,0.0,False
United_States_of_America.regions.Maine:Penobscot,33.91997327989312,0.0,256.49172005387777,0.0,False
United_States_of_America.regions.Minnesota:Becker,8.740995290823468,0.0,90.57595693042556,0.0,False
United_States_of_America.regions.Minnesota:Morrison,10.00400560785099,0.0,22.216013177904063,0.0,False
United_States_of_America.regions.Minnesota:Otter Tail,3.7120230381569472,0.0,241.8119747746445,0.0,False
United_States_of_America.regions.Nevada:Lyon,8.162992651970606,0.0,242.5232813761791,0.0,False
United_States_of_America.regions.New Mexico:Curry,4.478957915831663,0.0,253.83662888649297,0.0,False
United_States_of_America.regions.New York:Franklin,10.69311957247829,0.0,263.19554914371173,0.0,False
United_States_of_America.regions.Oregon:Coos,13.186967035764283,0.0,106.65782865695766,0.0,False
United_States_of_America.regions.South Dakota:Pennington,7.299799599198399,0.0,278.04273220746285,0.0,False
United_States_of_America.regions.Texas:Maverick,7.179024716098865,0.0,250.2411204479635,0.0,False
United_States_of_America.regions.Washington:Clallam,9.502872411489646,0.0,273.1763949609813,0.0,False
United_States_of_America.regions.Washington:Grays Harbor,11.635938543754177,0.0,280.04142651835144,0.0,False
United_States_of_America.regions.West Virginia:Randolph,13.866965955854843,0.0,247.49647074406272,0.0,False
United_States_of_America.regions.Wisconsin:Douglas,13.41122244488978,0.0,272.5194139629613,0.0,False
United_States_of_America.regions.Wisconsin:Oneida,14.465719237435007,0.0,265.48485414853945,0.0,False
Brazil.regions.AL:Canapi,0.959079283887468,0.0,22.384181336529497,0.0,False
Brazil.regions.AL:Maravilha,0.8666666666666666,0.0,8.553610025099909,0.0,False
Brazil.regions.AL:Olho d'Água do Casado,0.0,0.0,3.637208937429781,0.0,False
Brazil.regions.BA:Aiquara,4.465954606141524,0.0,48.293459603411925,0.0,False
Brazil.regions.BA:Araças,0.0,0.0,6.093948311052887,0.0,False
Brazil.regions.BA:Aurelino Leal,10.548472191690484,0.0,160.25738040675466,0.0,False
Brazil.regions.BA:Barra do Rocha,14.255629353636804,0.0,195.59178572751304,0.0,False
Brazil.regions.BA:Barro Preto,1.6803524934908873,0.0,16.069033219566133,0.0,False
Brazil.regions.BA:Caldeirão Grande,1.6941896024464835,0.0,36.448705950751005,0.0,False
Brazil.regions.BA:Conde,19.425517702070806,0.0,288.34013528546575,0.0,False
Brazil.regions.BA:Cravolândia,2.0438556418455915,0.0,21.867346349466807,0.0,False
Brazil.regions.BA:Dário Meira,0.9355345911949685,0.0,24.25181659746974,0.0,False
Brazil.regions.BA:Itamaraju,15.014398848092151,0.0,267.21581892399075,0.0,False
Brazil.regions.BA:Itatim,8.19520773796439,0.0,146.94992359279019,0.0,False
Brazil.regions.BA:Nordestina,1.4260768335273575,0.0,29.311294482383836,0.0,False
Brazil.regions.BA:Ponto Novo,0.6666666666666666,0.0,3.130969489738306,0.0,False
Brazil.regions.CE:Antonina do Norte,1.962085308056872,0.0,28.966941138380143,0.0,False
Brazil.regions.CE:Croatá,12.750601443464314,0.0,191.1820105337058,0.0,False
Brazil.regions.CE:Piquet Carneiro,0.0,0.0,8.409577554753994,0.0,False
Brazil.regions.CE:Quixelô,1.497734994337486,0.0,33.396149022327414,0.0,False
Brazil.regions.CE:São João do Jaguaribe,3.604385564184559,0.0,46.093720540078586,0.0,False
Brazil.regions.ES:Conceição da Barra,0.9108159392789374,0.0,30.428479713931907,0.0,False
Brazil.regions.ES:Domingos Martins,31.602558245774325,0.0,48.46300204746541,0.0,False
Brazil.regions.ES:Ibitirama,2.2997416020671837,0.0,35.95674437241508,0.0,False
Brazil.regions.ES:Pancas,12.323651452282158,0.0,27.357766627378613,0.0,False
Brazil.regions.ES:Rio Bananal,2.0586694604504974,0.0,20.478745961478356,0.0,False
Brazil.regions.ES:São Domingos do Norte,0.0,0.0,2.729397766994893,0.0,False
Brazil.regions.GO:Catalão,19.259853039412157,0.0,291.13939715503,0.0,False
Brazil.regions.GO:Guapó,11.207957792921523,0.0,167.61110251569576,0.0,False
Brazil.regions.GO:Jaraguá,2.3547400611620795,0.0,40.70832209322438,0.0,False
Brazil.regions.MA:Anapurus,17.5341574495771,0.0,88.37180559023011,0.0,False
Brazil.regions.MA:Buriticupu,39.05566600397614,0.0,34.42677987851265,0.0,False
Brazil.regions.MA:Cajari,12.828236824983733,0.0,43.02147759166185,0.0,False
Brazil.regions.MA:Cantanhede,3.6828087167070227,0.0,100.8675321725136,0.0,False
Brazil.regions.MA:Central do Maranhão,0.8928571428571429,0.0,8.113440847558715,0.0,False
Brazil.regions.MA:Coroatá,53.40512223515716,0.0,44.17328388195649,0.0,False
Brazil.regions.MA:Governador Edison Lobão,16.003058103975533,0.0,69.65455227930376,0.0,False
Brazil.regions.MA:Lago Verde,1.6666666666666667,0.0,4.768717215069147,0.0,False
Brazil.regions.MA:Nina Rodrigues,1.6666666666666667,0.0,13.99338397398248,0.0,False
Brazil.regions.MA:Olho d'Água das Cunhãs,14.572564612326044,0.0,65.1875550199902,0.0,False
Brazil.regions.MA:Peritoró,7.3899371069182385,0.0,19.426783377889045,0.0,False
Brazil.regions.MA:Senador Alexandre Costa,0.690537084398977,0.0,13.777815342666779,0.0,False
Brazil.regions.MA:São Bernardo,21.15856777493606,0.0,53.06774778325231,0.0,False
Brazil.regions.MA:Vargem Grande,12.0817843866171,0.0,49.101312373317285,0.0,False
Brazil.regions.MA:Água Doce do Maranhão,5.695509309967141,0.0,31.48405682723308,0.0,False
Brazil.regions.MG:Cana Verde,3.575447570332481,0.0,70.75103461939577,0.0,False
Brazil.regions.MG:Capinópolis,1.6680497925311202,0.0,31.986380181495917,0.0,False
Brazil.regions.MG:Cruzília,0.0,0.0,7.819805404045087,0.0,False
Brazil.regions.MG:Divinésia,12.750601443464314,0.0,168.77212458328506,0.0,False
Brazil.regions.MG:Divisa Nova,2.2322274881516586,0.0,30.421731362896214,0.0,False
Brazil.regions.MG:Goianá,6.088550983899821,0.0,69.84125328484359,0.0,False
Brazil.regions.MG:Inhapim,0.0,0.0,10.163649573956405,0.0,False
Brazil.regions.MG:Itaipé,0.0,0.0,6.469161049596155,0.0,False
Brazil.regions.MG:Itumirim,1.6680497925311202,0.0,22.95796805569311,0.0,False
Brazil.regions.MG:Lagoa Dourada,0.0,0.0,6.619165712391698,0.0,False
Brazil.regions.MG:Malacacheta,0.0,0.0,8.944221350301275,0.0,False
Brazil.regions.MG:Piranguçu,0.8849104859335039,0.0,13.897979877926229,0.0,False
Brazil.regions.MG:Poté,1.6680497925311202,0.0,32.12905377216423,0.0,False
Brazil.regions.MG:Sobrália,3.532946124574404,0.0,47.42352193107372,0.0,False
Brazil.regions.MG:São Francisco do Glória,0.7447973713033954,0.0,6.163782319784434,0.0,False
Brazil.regions.MG:Tombos,1.2486308871851042,0.0,19.703535194165443,0.0,False
Brazil.regions.PA:Bonito,14.88993710691824,0.0,67.12479219671019,0.0,False
Brazil.regions.PB:Cuité,0.0,0.0,9.38924732816545,0.0,False
Brazil.regions.PB:Lastro,0.0,0.0,22.230202026696098,0.0,False
Brazil.regions.PB:Picuí,0.0,0.0,8.959415827424198,0.0,False
Brazil.regions.PB:Pocinhos,1.2486308871851042,0.0,26.782484373514993,0.0,False
Brazil.regions.PB:Santa Helena,2.2997416020671837,0.0,31.082789081003078,0.0,False
Brazil.regions.PB:Soledade,0.8363636363636363,0.0,8.506276953209571,0.0,False
Brazil.regions.PB:São José do Bonfim,1.6666666666666663,0.0,23.214002130081493,0.0,False
Brazil.regions.PI:Anísio de Abreu,4.461773700305811,0.0,30.105328197933414,0.0,False
Brazil.regions.PI:Campo Maior,10.753870513722731,0.0,173.0288973684672,0.0,False
Brazil.regions.PI:Luís Correia,2.138254558328908,0.0,68.36530261360159,0.0,False
Brazil.regions.PI:São Pedro do Piauí,2.5982704402515724,0.0,13.89002696529479,0.0,False
Brazil.regions.PR:Alvorada do Sul,0.7799767171129219,0.0,22.113625496307034,0.0,False
Brazil.regions.PR:Anahy,0.0,0.0,21.3953835208047,0.0,False
Brazil.regions.PR:Boa Vista da Aparecida,2.9319627998042095,0.0,43.01123212021014,0.0,False
Brazil.regions.PR:Campo do Tenente,2.409942363112392,0.0,36.23767519268952,0.0,False
Brazil.regions.PR:Castro,16.682505399568036,0.0,270.1429948482504,0.0,False
Brazil.regions.PR:Centenário do Sul,0.5777777777777777,0.0,5.561785675164602,0.0,False
Brazil.regions.PR:Cruzeiro do Iguaçu,1.0,0.0,32.730536971913914,0.0,False
Brazil.regions.PR:Guaraci,1.8428040361125864,0.0,28.938839722186565,0.0,False
Brazil.regions.PR:Guaratuba,0.5181200453001132,0.0,42.79344959509508,0.0,False
Brazil.regions.PR:Jaguapitã,3.9804364183596688,0.0,63.90873475434667,0.0,False
Brazil.regions.PR:Mariópolis,17.362218370883884,0.0,246.4568561876448,0.0,False
Brazil.regions.PR:Nova Fátima,2.3584905660377355,0.0,35.78165156634316,0.0,False
Brazil.regions.PR:Pinhal de São Bento,3.2393162393162394,0.0,28.057947581522868,0.0,False
Brazil.regions.PR:Santa Mariana,2.2997416020671837,0.0,38.67709163726567,0.0,False
Brazil.regions.PR:São João,0.0,0.0,4.541480226400685,0.0,False
Brazil.regions.PR:Tupãssi,6.914132379248658,0.0,100.91157067072695,0.0,False
Brazil.regions.RJ:Cambuci,7.666666666666667,0.0,44.77260213676406,0.0,False
Brazil.regions.RJ:Cantagalo,9.327876412266544,0.0,152.3656100386356,0.0,False
Brazil.regions.RJ:Laje do Muriaé,1.0444444444444445,0.0,13.537840306001874,0.0,False
Brazil.regions.RJ:São José de Ubá,2.6607024519549376,0.0,36.50636727529905,0.0,False
Brazil.regions.RN:Antônio Martins,0.0,0.0,0.3103503855853269,0.0,False
Brazil.regions.RN:Barcelona,3.532946124574404,0.0,41.521906906858305,0.0,False
Brazil.regions.RN:Caiçara do Norte,1.0666666666666667,0.0,17.250829064315642,0.0,False
Brazil.regions.RN:Riacho da Cruz,1.8228404099560762,0.0,19.749613736328513,0.0,False
Brazil.regions.RN:Rodolfo Fernandes,0.0,0.0,8.08023743023469,0.0,False
Brazil.regions.RS:Bagé,9.727321309285236,0.0,270.10051055586433,0.0,False
Brazil.regions.RS:Butiá,0.8181818181818182,0.0,12.385576979993381,0.0,False
Brazil.regions.RS:Pinto Bandeira,1.2199170124481329,0.0,26.634274314718816,0.0,False
Brazil.regions.RS:São Jerônimo,0.0,0.0,10.182100177045118,0.0,False
Brazil.regions.RS:São José das Missões,2.2322274881516586,0.0,16.552319035741757,0.0,False
Brazil.regions.SC:Aurora,10.21328106986396,0.0,142.67614324741342,0.0,False
Brazil.regions.SC:Caxambu do Sul,0.8438516590761223,0.0,46.98467805621629,0.0,False
Brazil.regions.SC:Ipira,1.2323651452282158,0.0,49.55910614979306,0.0,False
Brazil.regions.SC:Ipuaçu,1.3333333333333333,0.0,17.079547204144376,0.0,False
Brazil.regions.SC:Peritiba,4.856269113149847,0.0,252.95864169512953,0.0,False
Brazil.regions.SC:Piratuba,3.4749708963911523,0.0,125.7927438554942,0.0,False
Brazil.regions.SC:Praia Grande,0.5272727272727272,0.0,8.186326514717495,0.0,False
Brazil.regions.SC:Santa Helena,2.3584905660377355,0.0,13.77728581295033,0.0,False
Brazil.regions.SC:São Domingos,10.114093959731544,0.0,154.14445686484382,0.0,False
Brazil.regions.SC:Taió,1.7767295597484276,0.0,39.44821148085343,0.0,False
Brazil.regions.SC:Tigrinhos,2.3584905660377355,0.0,13.189911803498276,0.0,False
Brazil.regions.SE:Itabi,0.0,0.0,6.089524471455826,0.0,False
Brazil.regions.SE:Nossa Senhora Aparecida,0.0,0.0,2.937347643388433,0.0,False
Brazil.regions.SP:Borborema,2.0526613816534542,0.0,43.040396230675945,0.0,False
Brazil.regions.SP:Brejo Alegre,1.4800759013282732,0.0,15.877800163370148,0.0,False
Brazil.regions.SP:Estrela d'Oeste,2.7463193657984144,0.0,41.717517721525475,0.0,False
Brazil.regions.SP:Flórida Paulista,0.959079283887468,0.0,21.19628422738234,0.0,False
Brazil.regions.SP:Guaimbê,1.0,0.0,20.385955900325946,0.0,False
Brazil.regions.SP:Herculândia,1.6666666666666667,0.0,14.956931865613683,0.0,False
Brazil.regions.SP:Jacupiranga,3.1849135673127287,0.0,10.530906964789244,0.0,False
Brazil.regions.SP:Marapoama,0.2,0.0,15.825029771049651,0.0,False
Brazil.regions.SP:Mendonça,1.0666666666666667,0.0,23.33804993342037,0.0,False
Brazil.regions.SP:Miguelópolis,2.064102564102564,0.0,50.86150320881016,0.0,False
Brazil.regions.SP:Rinópolis,5.397951142631994,0.0,85.0853084976012,0.0,False
Brazil.regions.SP:Sarapuí,1.4082687338501292,0.0,28.816007072293395,0.0,False
Brazil.regions.SP:Sarutaiá,1.4800759013282732,0.0,17.097186374065746,0.0,False
Brazil.regions.SP:Trabiju,0.0,0.0,43.69848872602225,0.0,False
Brazil.regions.TO:Praia Norte,8.5,0.0,98.35988251039029,0.0,False
United_States_of_America.regions.Georgia:Jones,6.3374749498998,0.0,208.4297505543829,0.0,False
United_States_of_America.regions.Idaho:Bannock,11.714896459585837,0.0,281.6983059071286,0.0,False
United_States_of_America.regions.Illinois:Knox,30.871850251979843,0.0,173.99113558586285,0.0,False
United_States_of_America.regions.Indiana:Gibson,14.339746158984635,0.0,273.484489290683,0.0,False
United_States_of_America.regions.Indiana:Knox,8.484953203743702,0.0,220.15370517137637,0.0,False
United_States_of_America.regions.Indiana:Ohio,15.341349365397463,0.0,205.84563438914273,0.0,False
United_States_of_America.regions.Kentucky:Bell,0.0,0.0,10.464725707899513,0.0,False
United_States_of_America.regions.Kentucky:Garrard,5.119856887298748,0.0,97.11482645908484,0.0,False
United_States_of_America.regions.Kentucky:Mason,14.869739478957916,0.0,256.6580974666975,0.0,False
United_States_of_America.regions.Kentucky:Powell,16.766536964980546,0.0,246.19074164631914,0.0,False
United_States_of_America.regions.Minnesota:McLeod,6.824857719845786,0.0,193.3305987624999,0.0,False
United_States_of_America.regions.Mississippi:Tate,16.732398129592518,0.0,170.75903607717268,0.0,False
United_States_of_America.regions.Missouri:Stone,15.489188178077065,0.0,254.18151105032246,0.0,False
United_States_of_America.regions.Nevada:Douglas,7.103006012024046,0.0,255.81946730974968,0.0,False
United_States_of_America.regions.New Mexico:Santa Fe,53.89498997995993,0.0,242.78151918532865,0.0,False
United_States_of_America.regions.North Carolina:Avery,0.0,0.0,8.610417749895031,0.0,False
United_States_of_America.regions.North Carolina:Mitchell,11.647823152210597,0.0,200.72922677182459,0.0,False
United_States_of_America.regions.Ohio:Fayette,5.7348029392117565,0.0,229.54827323014976,0.0,False
United_States_of_America.regions.Ohio:Van Wert,16.793275563258234,0.0,272.2227414060083,0.0,False
United_States_of_America.regions.Oregon:Deschutes,33.812291249165,0.0,264.77504341362885,0.0,False
United_States_of_America.regions.Oregon:Jackson,15.989979959919838,0.0,275.8503173337144,0.0,False
United_States_of_America.regions.Pennsylvania:Clearfield,5.643019372077488,0.0,270.2756570301521,0.0,False
United_States_of_America.regions.Pennsylvania:Venango,13.588336933045357,0.0,260.34106389168517,0.0,False
United_States_of_America.regions.Tennessee:Claiborne,15.27601870407482,0.0,275.65376915523996,0.0,False
United_States_of_America.regions.Tennessee:DeKalb,5.3466933867735476,0.0,205.27359983499719,0.0,False
United_States_of_America.regions.Tennessee:Dyer,7.621376085504341,0.0,216.82956483707238,0.0,False
United_States_of_America.regions.Tennessee:Lawrence,8.464347175458284,0.0,224.33053600318513,0.0,False
United_States_of_America.regions.Tennessee:White,10.594522378089513,0.0,256.219756944348,0.0,False
United_States_of_America.regions.Texas:Camp,8.582536854041795,0.0,173.52289442434179,0.0,False
United_States_of_America.regions.Texas:Chambers,19.3750167000668,0.0,205.01631016328014,0.0,False
United_States_of_America.regions.Texas:Kendall,9.63874415497662,0.0,258.6422933046924,0.0,False
United_States_of_America.regions.Texas:Upshur,9.95257181028724,0.0,264.6092265933446,0.0,False
United_States_of_America.regions.Texas:Wood,7.36594848533938,0.0,220.67344649595083,0.0,False
United_States_of_America.regions.Utah:Washington,12.318637274549099,0.0,273.96986254376094,0.0,False
United_States_of_America.regions.West Virginia:Upshur,16.060788243152974,0.0,274.15657676291136,0.0,False
Brazil.regions.AL:Inhapi,1.2486308871851042,0.0,26.73003771337984,0.0,False
Brazil.regions.AL:Jundiá,0.0,0.0,9.761237043119875,0.0,False
Brazil.regions.AL:Major Isidoro,2.8290468986384263,0.0,8.760416348600554,0.0,False
Brazil.regions.AL:Tanque d'Arca,1.8,0.0,31.133640630027873,0.0,False
Brazil.regions.BA:Canarana,18.260521042084168,0.0,283.939631229701,0.0,False
Brazil.regions.BA:Ibirapitanga,1.1350407450523865,0.0,33.75416751397171,0.0,False
Brazil.regions.BA:São José da Vitória,2.013669821240799,0.0,23.671515189809053,0.0,False
Brazil.regions.BA:Taperoá,4.3971631205673765,0.0,67.22398213541689,0.0,False
Brazil.regions.CE:Carnaubal,2.7155625657202944,0.0,21.141761966584966,0.0,False
Brazil.regions.CE:Ipaumirim,1.7351933431228586,0.0,38.50192303562483,0.0,False
Brazil.regions.CE:Jardim,3.532946124574404,0.0,61.169026433679115,0.0,False
Brazil.regions.CE:Marco,15.770642201834862,0.0,43.141672581586505,0.0,False
Brazil.regions.CE:Milagres,1.8425796114560382,0.0,49.36280939925871,0.0,False
Brazil.regions.CE:Pires Ferreira,0.5272727272727272,0.0,12.717809083437793,0.0,False
Brazil.regions.CE:Várzea Alegre,4.949273691491815,0.0,145.67336918940433,0.0,False
Brazil.regions.ES:Jaguaré,1.75,0.0,5.28295382389957,0.0,False
Brazil.regions.ES:Mantenópolis,1.0666666666666667,0.0,2.2392777645744917,0.0,False
Brazil.regions.ES:Muqui,2.924424972617744,0.0,8.363295952182042,0.0,False
Brazil.regions.GO:Aragoiânia,5.3821907013396375,0.0,85.51523272370117,0.0,False
Brazil.regions.GO:Santo Antônio de Goiás,0.2,0.0,3.827117568878667,0.0,False
Brazil.regions.MA:Magalhães de Almeida,7.1253602305475505,0.0,9.202047647684724,0.0,False
Brazil.regions.MG:Alpercata,11.07276324466916,0.0,159.35802062206588,0.0,False
Brazil.regions.MG:Alpinópolis,1.2486308871851042,0.0,27.13223235364036,0.0,False
Brazil.regions.MG:Bom Repouso,0.8578811369509044,0.0,21.7735083580619,0.0,False
Brazil.regions.MG:Botelhos,10.246537977339488,0.0,167.63280579741775,0.0,False
Brazil.regions.MG:Cajuri,0.2,0.0,9.32644829601785,0.0,False
Brazil.regions.MG:Campanha,0.0,0.0,8.305551585201439,0.0,False
Brazil.regions.MG:Carmópolis de Minas,2.0891840607210623,0.0,16.265797577440733,0.0,False
Brazil.regions.MG:Cipotânea,0.0,0.0,0.42789874524489235,0.0,False
Brazil.regions.MG:Cláudio,0.6521739130434783,0.0,18.90205323819113,0.0,False
Brazil.regions.MG:Estiva,0.40203850509626277,0.0,23.89167288323127,0.0,False
Brazil.regions.MG:Formiga,9.357457898957499,0.0,190.17707080571233,0.0,False
Brazil.regions.MG:Igaratinga,0.0,0.0,5.098048514452376,0.0,False
Brazil.regions.MG:Inconfidentes,0.0,0.0,0.6598634356004549,0.0,False
Brazil.regions.MG:Itamarati de Minas,1.0,0.0,31.6180733834952,0.0,False
Brazil.regions.MG:Lajinha,0.959079283887468,0.0,23.007560921342613,0.0,False
Brazil.regions.MG:Miraí,0.3333333333333333,0.0,5.425551316625229,0.0,False
Brazil.regions.MG:Oliveira,0.0,0.0,11.907322273940618,0.0,False
Brazil.regions.MG:Pitangui,0.0,0.0,10.73331946113513,0.0,False
Brazil.regions.MG:Recreio,0.7715582450832073,0.0,15.835765955249633,0.0,False
Brazil.regions.MG:Santa Bárbara,0.959079283887468,0.0,24.834445018912145,0.0,False
Brazil.regions.MG:São Gonçalo do Sapucaí,0.0,0.0,10.376724162791628,0.0,False
Brazil.regions.PA:Concórdia do Pará,26.817667044167614,0.0,47.0840892362667,0.0,False
Brazil.regions.PA:Quatipuru,2.442390139335477,0.0,81.3329574409303,0.0,False
Brazil.regions.PB:Mataraca,2.1742313323572477,0.0,28.24667378314775,0.0,False
Brazil.regions.PE:Buíque,0.6766428106701365,0.0,36.30392121513103,0.0,False
Brazil.regions.PE:Palmeirina,0.0,0.0,1.3073215399169165,0.0,False
Brazil.regions.PE:Terezinha,1.8888888888888888,0.0,26.010650645089456,0.0,False
Brazil.regions.PE:Tuparetama,3.2393162393162394,0.0,48.45615273512584,0.0,False
Brazil.regions.PI:Porto,1.9518542615484713,0.0,34.272959232409384,0.0,False
Brazil.regions.PR:Agudos do Sul,6.1875945537065045,0.0,59.710668494562505,0.0,False
Brazil.regions.PR:Capanema,0.0,0.0,9.077120061856677,0.0,False
Brazil.regions.PR:Laranjeiras do Sul,0.0,0.0,11.188264325655169,0.0,False
Brazil.regions.PR:Nova Londrina,2.5790067720090293,0.0,23.910698415119484,0.0,False
Brazil.regions.PR:Palotina,0.9947616553169197,0.0,34.68135057113073,0.0,False
Brazil.regions.PR:Realeza,0.8849104859335039,0.0,16.207951388119195,0.0,False
Brazil.regions.PR:Wenceslau Braz,3.2777777777777777,0.0,7.728348085799965,0.0,False
Brazil.regions.RN:Ielmo Marinho,2.912383749388155,0.0,48.706880913994674,0.0,False
Brazil.regions.RN:Itaú,10.38095238095238,0.0,179.31331723795657,0.0,False
Brazil.regions.RN:João Câmara,0.8780649436713055,0.0,41.243464903107764,0.0,False
Brazil.regions.RN:Pilões,1.1493411420204978,0.0,10.614189432487187,0.0,False
Brazil.regions.RN:Serra Caiada,0.3333333333333333,0.0,4.768717215069147,0.0,False
Brazil.regions.RN:Umarizal,0.3333333333333333,0.0,4.768717215069147,0.0,False
Brazil.regions.RS:Brochier,0.0,0.0,5.402165264528466,0.0,False
Brazil.regions.RS:Cruz Alta,1.7196819085487078,0.0,46.553292953550326,0.0,False
Brazil.regions.RS:Muçum,2.5385023898035053,0.0,28.724457617633526,0.0,False
Brazil.regions.RS:Nova Bassano,1.3555555555555556,0.0,10.480854308924258,0.0,False
Brazil.regions.RS:Não-Me-Toque,4.138994592429401,0.0,19.072478232516822,0.0,False
Brazil.regions.RS:Paverama,0.5038335158817087,0.0,11.610784202194361,0.0,False
Brazil.regions.RS:Planalto,2.237851662404092,0.0,16.758612599410082,0.0,False
Brazil.regions.RS:Tabaí,9.558740978348037,0.0,125.2805163900728,0.0,False
Brazil.regions.RS:Três Cachoeiras,6.663608562691131,0.0,42.30856362514185,0.0,False
Brazil.regions.RS:Westfália,1.2445095168374818,0.0,22.183964941989956,0.0,False
Brazil.regions.SC:Armazém,9.691255006675568,0.0,101.94817208434881,0.0,False
Brazil.regions.SC:Canoinhas,4.1555977229601515,0.0,23.282636702136937,0.0,False
Brazil.regions.SC:Luiz Alves,0.6545454545454545,0.0,8.889154010538242,0.0,False
Brazil.regions.SC:Luzerna,0.0,0.0,3.2839978710634465,0.0,False
Brazil.regions.SC:Palmitos,1.4858490566037734,0.0,21.927522858216445,0.0,False
Brazil.regions.SC:Planalto Alegre,1.099544567338972,0.0,98.93404756062226,0.0,False
Brazil.regions.SC:Rio Negrinho,8.57966336177081,0.0,155.84528423427318,0.0,False
Brazil.regions.SC:Treze de Maio,5.81146730687756,0.0,83.62079736178312,0.0,False
Brazil.regions.SC:Três Barras,6.843553459119495,0.0,25.8503439228544,0.0,False
Brazil.regions.SC:Águas de Chapecó,4.276729559748428,0.0,69.67139715457245,0.0,False
Brazil.regions.SE:Nossa Senhora da Glória,14.607214428857715,0.0,276.45304291717747,0.0,False
Brazil.regions.SE:São Francisco,0.0,0.0,12.546694756511139,0.0,False
Brazil.regions.SE:Tomar do Geru,1.934805467928496,0.0,40.81811810396009,0.0,False
Brazil.regions.SP:Bernardino de Campos,0.0,0.0,5.335932771866931,0.0,False
Brazil.regions.SP:Cedral,14.140811455847256,0.0,205.78071895290356,0.0,False
Brazil.regions.SP:Descalvado,0.0,0.0,11.340376688211178,0.0,False
Brazil.regions.SP:Divinolândia,0.959079283887468,0.0,19.05505686163864,0.0,False
Brazil.regions.SP:Duartina,5.605807743658212,0.0,86.46833175537624,0.0,False
Brazil.regions.SP:Guaiçara,0.8638426626323752,0.0,11.234632280607919,0.0,False
Brazil.regions.SP:Ibirá,7.255950108183785,0.0,120.62348576157224,0.0,False
Brazil.regions.SP:Inúbia Paulista,0.7715582450832073,0.0,12.030107528624074,0.0,False
Brazil.regions.SP:Panorama,1.0,1.0,1.6294704003573433,6.338340622425048,False
Brazil.regions.SP:Salto Grande,2.2322274881516586,0.0,35.523771641780975,0.0,False
Brazil.regions.SP:Santa Adélia,0.0,0.0,7.846203324794005,0.0,False
Brazil.regions.SP:Tabatinga,1.4800759013282732,0.0,29.418266281322627,0.0,False
Brazil.regions.SP:Tarumã,1.6680497925311202,0.0,31.502858262247795,0.0,False
Brazil.regions.TO:Buriti do Tocantins,0.0,0.0,5.494026160540539,0.0,False
United_States_of_America.regions.California:Butte,10.321042084168337,0.0,284.95787312900865,0.0,False
United_States_of_America.regions.California:El Dorado,21.69124916499666,0.0,270.37062852248096,0.0,False
United_States_of_America.regions.Georgia:Hart,8.758583834335338,0.0,245.87001777798463,0.0,False
United_States_of_America.regions.Georgia:Liberty,12.857047428189713,0.0,238.03530320115695,0.0,False
United_States_of_America.regions.Hawaii:Kauai,8.84435537742151,0.0,266.7473004822276,0.0,False
United_States_of_America.regions.Ohio:Ashland,13.878423513694056,0.0,279.836941996425,0.0,False
United_States_of_America.regions.Ohio:Scioto,6.725541299117882,0.0,182.3716777435312,0.0,False
United_States_of_America.regions.South Carolina:Oconee,4.651569806279224,0.0,261.49818483219116,0.0,False
United_States_of_America.regions.Virginia:Powhatan,6.94516464471404,0.0,233.47373242718936,0.0,False
United_States_of_America.regions.West Virginia:Raleigh,13.216566466265865,0.0,281.1251021031619,0.0,False
United_States_of_America.regions.Wisconsin:St. Croix,7.453707414829659,0.0,275.3458930579589,0.0,False
United_Arab_Emirates,24.488577154308615,0.0,291.74608904722885,0.0,False
Brazil.regions.AL:Cajueiro,0.9090909090909091,0.0,10.391703195353688,0.0,False
Brazil.regions.BA:Irecê,4.288416075650119,0.0,99.42379931865989,0.0,False
Brazil.regions.ES:Cachoeiro de Itapemirim,7.141616566466267,0.0,285.635120144369,0.0,False
Brazil.regions.MG:Raposos,0.3958090803259604,0.0,27.490450423712126,0.0,False
Brazil.regions.PB:Nova Floresta,1.8228404099560762,0.0,30.983719767681357,0.0,False
Brazil.regions.PR:Paiçandu,9.629539951573848,0.0,149.6453885285534,0.0,False
Brazil.regions.RS:Portão,2.577777777777778,0.0,6.978925495439421,0.0,False
Brazil.regions.RS:São Sebastião do Caí,10.262109185161185,0.0,218.070770810595,0.0,False
Brazil.regions.SC:Balneário Piçarras,5.4612635462301125,0.0,130.62403106218875,0.0,False
Brazil.regions.SP:Birigui,16.85264635124298,0.0,171.96589017419203,0.0,False
Brazil.regions.SP:Bom Jesus dos Perdões,0.7308868501529052,0.0,38.06131684149293,0.0,False
Brazil.regions.SP:Holambra,3.5596330275229358,0.0,8.673106815793181,0.0,False
Brazil.regions.AC:Assis Brasil,1.8228404099560762,0.0,26.90144286449434,0.0,False
Brazil.regions.AC:Marechal Thaumaturgo,8.133333333333333,0.0,34.10288706435599,0.0,False
Brazil.regions.AC:Mâncio Lima,0.849825378346915,0.0,27.936987699577696,0.0,False
Brazil.regions.AC:Santa Rosa do Purus,0.3333333333333333,0.0,6.278081838187358,0.0,False
Brazil.regions.AC:Xapuri,8.123399301513388,0.0,14.139431561687683,0.0,False
Brazil.regions.AM:Guajará,7.476190476190475,0.0,36.51643185515517,0.0,False
Brazil.regions.AP:Serra do Navio,20.90455212922173,0.0,403.8571916206169,0.0,False
Brazil.regions.BA:Curaçá,6.008010680907877,0.0,62.45505882223685,0.0,False
Brazil.regions.BA:Morro do Chapéu,0.0,0.0,11.482329884836956,0.0,False
Brazil.regions.GO:Jussara,0.0,0.0,8.894310536862381,0.0,False
Brazil.regions.GO:Mineiros,5.312570781426953,0.0,40.03440317237046,0.0,False
Brazil.regions.GO:Niquelândia,1.8986083499005966,0.0,46.07585491860771,0.0,False
Brazil.regions.MA:Amarante do Maranhão,20.235849056603776,0.0,25.813819326235844,0.0,False
Brazil.regions.MA:Bom Jardim,9.201368876080691,0.0,18.956617012393426,0.0,False
Brazil.regions.MA:Carolina,5.9,0.0,14.063225873088754,0.0,False
Brazil.regions.MA:Fernando Falcão,7.469879518072289,0.0,61.771285335068356,0.0,False
Brazil.regions.MA:Formosa da Serra Negra,3.5,0.0,15.011004472611578,0.0,False
Brazil.regions.MA:Grajaú,1.6115810019518542,0.0,35.6661306619765,0.0,False
Brazil.regions.MA:Mirador,0.5272727272727272,0.0,17.090889410783543,0.0,False
Brazil.regions.MA:Riachão,0.7119386637458927,0.0,24.559983738565506,0.0,False
Brazil.regions.MA:São Raimundo das Mangabeiras,8.416666666666666,0.0,37.13182333727508,0.0,False
Brazil.regions.MA:Tasso Fragoso,0.0,0.0,2.5704398742885353,0.0,False
Brazil.regions.MG:Campina Verde,0.0,0.0,9.241578335508784,0.0,False
Brazil.regions.MS:Alcinópolis,16.78443579766537,0.0,236.02648840782334,0.0,False
Brazil.regions.MS:Bela Vista,0.8695652173913044,0.0,19.968682667073754,0.0,False
Brazil.regions.MS:Bonito,7.800511508951406,0.0,17.348388436911954,0.0,False
Brazil.regions.MS:Camapuã,0.0,0.0,7.012737598091987,0.0,False
Brazil.regions.MS:Coxim,5.071317610506991,0.0,112.45609061837855,0.0,False
Brazil.regions.MS:Miranda,5.605807743658212,0.0,90.93391614219244,0.0,False
Brazil.regions.MS:Paraíso das Águas,3.9804364183596688,0.0,53.79967171578376,0.0,False
Brazil.regions.MS:Rio Verde de Mato Grosso,19.425517702070806,0.0,287.1462368540335,0.0,False
Brazil.regions.MS:Sonora,8.112148552245069,0.0,126.11491729969681,0.0,False
Brazil.regions.MT:Alta Floresta,11.236816874400768,0.0,200.47893173967134,0.0,False
Brazil.regions.MT:Alto Araguaia,1.0,0.0,3.8041562660854087,0.0,False
Brazil.regions.MT:Campo Novo do Parecis,13.075743048897412,0.0,202.8005516231322,0.0,False
Brazil.regions.MT:Campo Verde,0.6,0.0,10.673173284134805,0.0,False
Brazil.regions.MT:Confresa,5.424688561721404,0.0,23.947438537903636,0.0,False
Brazil.regions.MT:Nobres,0.0,0.0,7.785546533053034,0.0,False
Brazil.regions.MT:Nossa Senhora do Livramento,0.0,0.0,6.739565688790976,0.0,False
Brazil.regions.MT:Nova Lacerda,0.37084398976982097,0.0,5.847291782852076,0.0,False
Brazil.regions.MT:Nova Monte Verde,19.425517702070806,0.0,281.3149337169182,0.0,False
Brazil.regions.MT:Nova Xavantina,0.0,0.0,9.627570191104326,0.0,False
Brazil.regions.MT:Pontes e Lacerda,5.301812450748621,0.0,99.21005084982497,0.0,False
Brazil.regions.MT:Poxoréu,1.6763678696158324,0.0,35.25024968702795,0.0,False
Brazil.regions.MT:Rosário Oeste,13.633776091081593,0.0,59.50179381825012,0.0,False
Brazil.regions.MT:Santa Rita do Trivelato,0.0,0.0,14.856869643798102,0.0,False
Brazil.regions.MT:Tapurah,5.777777777777778,0.0,35.148629659263754,0.0,False
Brazil.regions.MT:União do Sul,12.005874947545111,0.0,158.9698916825786,0.0,False
Brazil.regions.MT:Vila Rica,3.0,0.0,1.0566013601311148,0.0,False
Brazil.regions.MT:Água Boa,1.0181818181818183,0.0,11.952989402487509,0.0,False
Brazil.regions.PA:Afuá,1.9657637321294206,0.0,63.563916841227424,0.0,False
Brazil.regions.PA:Brasil Novo,3.822222222222222,0.0,17.14689855415503,0.0,False
Brazil.regions.PA:Mojuí dos Campos,2.6785714285714284,0.0,12.031472517088268,0.0,False
Brazil.regions.PA:Rio Maria,1.3708523096942096,0.0,20.829693203523657,0.0,False
Brazil.regions.PA:Rurópolis,0.0,0.0,12.326345666193385,0.0,False
Brazil.regions.PA:Água Azul do Norte,1.8700890518596125,0.0,40.429830240224284,0.0,False
Brazil.regions.PI:Bom Jesus,10.235560588901473,0.0,21.35186983309556,0.0,False
Brazil.regions.PI:Pimenteiras,7.241914983759358,0.0,111.80358288618721,0.0,False
Brazil.regions.PI:Ribeiro Gonçalves,1.3571428571428572,0.0,17.949714407319497,0.0,False
Brazil.regions.RO:Alta Floresta D'Oeste,2.1012805587892895,0.0,39.248660043395745,0.0,False
Brazil.regions.RO:Governador Jorge Teixeira,0.7156398104265405,0.0,11.750612816158045,0.0,False
Brazil.regions.RO:Itapuã do Oeste,1.8490634005763689,0.0,33.779325253207084,0.0,False
Brazil.regions.RO:Machadinho D'Oeste,1.2005856515373354,0.0,35.778261475415064,0.0,False
Brazil.regions.RO:Pimenta Bueno,1.8250342622201918,0.0,51.09609727071982,0.0,False
Brazil.regions.RO:São Miguel do Guaporé,0.0,0.0,9.959270532405876,0.0,False
Brazil.regions.RR:Bonfim,10.540146960587844,0.0,212.18531975296224,0.0,False
Brazil.regions.RR:Cantá,4.393060400220305,0.0,157.17630128974852,0.0,False
Brazil.regions.RR:Normandia,2.0514786418400877,0.0,9.6028368937841,0.0,False
Brazil.regions.RR:São João da Baliza,3.7228915662650603,0.0,40.64531026313587,0.0,False
Brazil.regions.RR:Uiramutã,0.5272727272727272,0.0,12.378801433721527,0.0,False
Brazil.regions.TO:Araguaçu,0.0,0.0,2.5649282097254638,0.0,False
Brazil.regions.TO:Goiatins,3.1777777777777776,0.0,18.22537128249116,0.0,False
Brazil.regions.TO:Ponte Alta do Tocantins,2.3111111111111113,0.0,27.00639817228635,0.0,False
United_States_of_America.regions.Alaska:Juneau City and Borough,8.261723446893788,0.0,217.7513475701743,0.0,False
United_States_of_America.regions.Alaska:Petersburg Borough,11.110665597433842,0.0,126.69950856139837,0.0,False
United_States_of_America.regions.Alaska:Sitka City and Borough,2.4552683896620278,0.0,37.65719110832098,0.0,False
United_States_of_America.regions.Arizona:Greenlee,16.463150018705573,0.0,242.9735655624739,0.0,False
United_States_of_America.regions.California:Plumas,13.961867704280156,0.0,233.4316351204725,0.0,False
United_States_of_America.regions.California:Trinity,0.7818181818181817,0.0,8.382016965707953,0.0,False
United_States_of_America.regions.California:Tuolumne,16.77537796976242,0.0,269.27758674017923,0.0,False
United_States_of_America.regions.Colorado:Baca,12.387660311958406,0.0,130.82324038456832,0.0,False
United_States_of_America.regions.Colorado:Bent,0.5272727272727272,0.0,8.663585481617234,0.0,False
United_States_of_America.regions.Colorado:Cheyenne,2.489594742606791,0.0,226.6087700992009,0.0,False
United_States_of_America.regions.Colorado:Grand,15.989044756179025,0.0,263.5502076901806,0.0,False
United_States_of_America.regions.Colorado:Huerfano,18.485637942551772,0.0,264.09649610257446,0.0,False
United_States_of_America.regions.Colorado:Lincoln,17.65731462925852,0.0,243.8615373885741,0.0,False
United_States_of_America.regions.Colorado:Park,11.424849699398797,0.0,241.71954778689943,0.0,False
United_States_of_America.regions.Colorado:Prowers,6.092921374221812,0.0,115.95553678163695,0.0,False
United_States_of_America.regions.Colorado:Rio Blanco,14.83286418015482,0.0,210.81332799032626,0.0,False
United_States_of_America.regions.Colorado:Saguache,11.378210116731518,0.0,160.63725685877225,0.0,False
United_States_of_America.regions.Colorado:Washington,13.70073480293921,0.0,165.1385782222353,0.0,False
United_States_of_America.regions.Colorado:Yuma,14.895791583166332,0.0,237.01815804036016,0.0,False
United_States_of_America.regions.Idaho:Bingham,17.293921175684705,0.0,285.5206805145782,0.0,False
United_States_of_America.regions.Idaho:Caribou,14.140811455847256,0.0,202.6305043275101,0.0,False
United_States_of_America.regions.Idaho:Fremont,18.068804275217104,0.0,274.2190014458159,0.0,False
United_States_of_America.regions.Maine:Somerset,9.37739380849532,0.0,241.93484866006997,0.0,False
United_States_of_America.regions.Maine:Washington,13.909218859957777,0.0,220.37699703618915,0.0,False
United_States_of_America.regions.Minnesota:Aitkin,3.699769870773588,0.0,68.32948931355051,0.0,False
United_States_of_America.regions.Minnesota:Beltrami,14.840881763527053,0.0,278.83039843629655,0.0,False
United_States_of_America.regions.Minnesota:Koochiching,14.75784677691529,0.0,221.69889527137553,0.0,False
United_States_of_America.regions.Minnesota:Lake,1.2486308871851042,0.0,22.77164145987104,0.0,False
United_States_of_America.regions.Minnesota:Marshall,2.4233927498497896,0.0,21.176461628993316,0.0,False
United_States_of_America.regions.Minnesota:Roseau,12.005874947545111,0.0,179.46988805497338,0.0,False
United_States_of_America.regions.Montana:Carbon,12.435606674226468,0.0,191.83721866107913,0.0,False
United_States_of_America.regions.Montana:Glacier,10.834799437016184,0.0,187.47527289057064,0.0,False
United_States_of_America.regions.Montana:Hill,19.425517702070806,0.0,286.14406496136303,0.0,False
United_States_of_America.regions.Montana:Jefferson,18.27241148964596,0.0,274.3323109537667,0.0,False
United_States_of_America.regions.Montana:Lewis and Clark,10.853039412157647,0.0,271.4485164873629,0.0,False
United_States_of_America.regions.Montana:Liberty,16.78443579766537,0.0,213.8748340677417,0.0,False
United_States_of_America.regions.Montana:Meagher,19.425517702070806,0.0,241.80879852402316,0.0,False
United_States_of_America.regions.Montana:Musselshell,16.7579766536965,0.0,232.99171867982565,0.0,False
United_States_of_America.regions.Montana:Park,14.536673346693389,0.0,247.9845703673685,0.0,False
United_States_of_America.regions.Montana:Pondera,5.336485421591805,0.0,71.8768953314493,0.0,False
United_States_of_America.regions.Montana:Ravalli,16.042752171008686,0.0,282.13241447457415,0.0,False
United_States_of_America.regions.Montana:Richland,9.402066388217193,0.0,148.01740778336134,0.0,False
United_States_of_America.regions.Montana:Roosevelt,15.00668002672011,0.0,242.96629999402708,0.0,False
United_States_of_America.regions.Montana:Stillwater,10.351625547613558,0.0,152.02678424075452,0.0,False
United_States_of_America.regions.Montana:Wheatland,2.7463193657984144,0.0,15.347103116888729,0.0,False
United_States_of_America.regions.Nebraska:Holt,1.9518542615484713,0.0,32.296228787877254,0.0,False
United_States_of_America.regions.New Mexico:Guadalupe,10.460872836719338,0.0,287.84933657402826,0.0,False
United_States_of_America.regions.New Mexico:Harding,2.8338590956887493,0.0,105.1522303907189,0.0,False
United_States_of_America.regions.New Mexico:Hidalgo,0.0,0.0,9.514715434354253,0.0,False
United_States_of_America.regions.New Mexico:Roosevelt,10.398797595190382,0.0,238.01206661347553,0.0,False
United_States_of_America.regions.New Mexico:Taos,9.722244488977957,0.0,243.32507989113915,0.0,False
United_States_of_America.regions.New York:Hamilton,17.312090848363393,0.0,223.21957780087138,0.0,False
United_States_of_America.regions.North Dakota:Bottineau,0.0,0.0,1.61234564864802,0.0,False
United_States_of_America.regions.North Dakota:Dunn,12.47561790247161,0.0,130.12416742705597,0.0,False
United_States_of_America.regions.North Dakota:Grant,16.462256809338523,0.0,198.67718585866658,0.0,False
United_States_of_America.regions.North Dakota:McKenzie,9.245136186770427,0.0,175.09325248715243,0.0,False
United_States_of_America.regions.North Dakota:McLean,15.711265164644717,0.0,239.65397932863218,0.0,False
United_States_of_America.regions.North Dakota:Mountrail,13.670849220103987,0.0,118.33054933127396,0.0,False
United_States_of_America.regions.North Dakota:Richland,6.19575743601568,0.0,115.81675066685833,0.0,False
United_States_of_America.regions.North Dakota:Stutsman,4.378984392174106,0.0,123.61605810942116,0.0,False
United_States_of_America.regions.North Dakota:Williams,6.974319066147861,0.0,216.9562326026744,0.0,False
United_States_of_America.regions.Oklahoma:Beaver,3.718002517834662,0.0,80.50653012415978,0.0,False
United_States_of_America.regions.Oklahoma:Cimarron,2.983097304705345,0.0,17.278688092535088,0.0,False
United_States_of_America.regions.Oregon:Baker,1.2903225806451615,0.0,28.101569170688727,0.0,False
United_States_of_America.regions.Oregon:Crook,14.83286418015482,0.0,222.40966703580935,0.0,False
United_States_of_America.regions.Oregon:Curry,9.971932638331998,0.0,179.50960423468766,0.0,False
United_States_of_America.regions.Oregon:Jefferson,9.60196779964222,0.0,54.52372408627016,0.0,False
United_States_of_America.regions.Oregon:Morrow,12.334669338677356,0.0,220.0126136889729,0.0,False
United_States_of_America.regions.Oregon:Union,16.740146960587843,0.0,278.47710578694324,0.0,False
United_States_of_America.regions.Oregon:Wallowa,16.741634241245137,0.0,239.95955525134715,0.0,False
United_States_of_America.regions.South Dakota:Corson,9.687572054415496,0.0,122.66636791652274,0.0,False
United_States_of_America.regions.South Dakota:Fall River,17.54787616990641,0.0,250.15221325958805,0.0,False
United_States_of_America.regions.South Dakota:Hand,2.4552683896620278,0.0,22.522491627843703,0.0,False
United_States_of_America.regions.South Dakota:Lyman,17.91983967935872,0.0,226.71894457576082,0.0,False
United_States_of_America.regions.South Dakota:Meade,18.265865063460254,0.0,284.58789153379115,0.0,False
United_States_of_America.regions.South Dakota:Spink,13.23101586230172,0.0,185.18238594540065,0.0,False
United_States_of_America.regions.South Dakota:Stanley,4.374292185730464,0.0,208.52891084812376,0.0,False
United_States_of_America.regions.South Dakota:Tripp,0.8571428571428571,0.0,19.826229482211357,0.0,False
United_States_of_America.regions.South Dakota:Ziebach,1.4800759013282732,0.0,15.686579463532572,0.0,False
United_States_of_America.regions.Texas:Andrews,8.757481182302186,0.0,140.470527629995,0.0,False
United_States_of_America.regions.Texas:Duval,4.265056648777579,0.0,80.51417465517768,0.0,False
United_States_of_America.regions.Texas:Gaines,17.8309953239813,0.0,280.13851581202533,0.0,False
United_States_of_America.regions.Texas:La Salle,4.395861148197597,0.0,65.11609961426669,0.0,False
United_States_of_America.regions.Texas:Reeves,0.31969309462915596,0.0,14.678152775376324,0.0,False
United_States_of_America.regions.Texas:Val Verde,12.592384769539077,0.0,267.5236820592233,0.0,False
United_States_of_America.regions.Utah:Carbon,10.434553131597465,0.0,196.25760254388257,0.0,False
United_States_of_America.regions.Utah:Duchesne,8.97695285010556,0.0,190.8700911174288,0.0,False
United_States_of_America.regions.Utah:Iron,5.685237140948564,0.0,253.06541925292134,0.0,False
United_States_of_America.regions.Utah:Juab,10.292663617171007,0.0,172.70383015152723,0.0,False
United_States_of_America.regions.Utah:Sevier,3.8037825059101658,0.0,72.00053521580023,0.0,False
United_States_of_America.regions.Washington:Adams,22.32758851035404,0.0,147.10955779007722,0.0,False
United_States_of_America.regions.Washington:Ferry,19.425517702070806,0.0,279.099238612793,0.0,False
United_States_of_America.regions.Washington:Kittitas,10.518236472945892,0.0,267.49884452523514,0.0,False
United_States_of_America.regions.Washington:Lincoln,18.686038744154974,0.0,276.30892685699894,0.0,False
United_States_of_America.regions.Washington:Skamania,17.558450233800937,0.0,268.482444199337,0.0,False
United_States_of_America.regions.Washington:Whitman,11.021376085504341,0.0,262.92477471117087,0.0,False
United_States_of_America.regions.Wyoming:Big Horn,6.591103965702036,0.0,109.1304409217747,0.0,False
United_States_of_America.regions.Wyoming:Crook,10.79676886359464,0.0,157.96385056069263,0.0,False
United_States_of_America.regions.Wyoming:Goshen,16.196392785571142,0.0,260.12640318458716,0.0,False
United_States_of_America.regions.Wyoming:Hot Springs,16.586506346025384,0.0,208.72202081067442,0.0,False
United_States_of_America.regions.Wyoming:Niobrara,8.731234866828087,0.0,97.36501325775997,0.0,False
United_States_of_America.regions.Wyoming:Sheridan,9.967802271209084,0.0,248.21725846554313,0.0,False
United_States_of_America.regions.Wyoming:Uinta,10.03341208234897,0.0,196.6537890027985,0.0,False
United_States_of_America.regions.Wyoming:Washakie,14.042084168336673,0.0,207.13102927764163,0.0,False
United_States_of_America.regions.Arizona:Maricopa,17.189044756179026,0.0,292.1383981766434,0.0,False
United_States_of_America.regions.Virginia:Lexington city,11.646639690358903,0.0,170.18943850223314,0.0,False
United_States_of_America.regions.Virginia:Hopewell city,10.680346620450607,0.0,153.09814853853533,0.0,False
Brazil.regions.GO:Goianira,5.742397137745975,0.0,108.31722348261977,0.0,False
Brazil.regions.MG:Nova Lima,33.938410153640625,0.0,234.9184251320128,0.0,False
Brazil.regions.MG:Pedro Leopoldo,1.793948126801153,0.0,46.26829955499505,0.0,False
Brazil.regions.PB:Esperança,3.2021206096752817,0.0,29.683588620877305,0.0,False
Brazil.regions.RN:Brejinho,2.0605355064027937,0.0,35.90984927204578,0.0,False
Brazil.regions.RS:Pelotas,3.9489645958583837,0.0,286.5859518653164,0.0,False
Brazil.regions.SC:Barra Velha,6.997924832833757,0.0,147.47178496928134,0.0,False
Brazil.regions.SC:Morro da Fumaça,11.47167487684729,0.0,200.48821714695922,0.0,False
Brazil.regions.SP:Iperó,0.8125915080527086,0.0,30.593683462464558,0.0,False
Brazil.regions.SP:Iracemápolis,13.67735470941884,0.0,264.36585389369577,0.0,False
Seychelles,13.1687374749499,0.0,281.5524171653191,0.0,False
United_States_of_America.regions.Virginia:Norton city,2.160347190497944,0.0,15.105892670246098,0.0,False
Brazil.regions.MG:Ipatinga,12.205076820307282,0.0,289.08977584778495,0.0,False
Brazil.regions.BA:Madre de Deus,1.4771784232365146,0.0,18.51737390360922,0.0,False
United_States_of_America.regions.Virginia:Salem city,5.854708066149173,0.0,149.72520227707145,0.0,False
Brazil.regions.RS:Campo Bom,16.93253173012692,0.0,286.97463514438084,0.0,False
United_States_of_America.regions.Virginia:Fredericksburg city,19.67067468269873,0.0,154.11924500993828,0.0,False
Brazil.regions.PR:Almirante Tamandaré,10.218331462775906,0.0,255.99753052117126,0.0,False
Brazil.regions.RS:Imbé,8.22347266881029,0.0,128.07148080331055,0.0,False
Brazil.regions.RS:Sapiranga,15.495791583166334,0.0,286.1395704293153,0.0,False
United_States_of_America.regions.Virginia:Waynesboro city,5.227237354085603,0.0,187.33501318588344,0.0,False
Fiji,10.149899799599199,0.0,290.37705331666206,0.0,False
Brazil.regions.MG:Pará de Minas,5.5199446622089,0.0,155.19099402539794,0.0,False
Brazil.regions.MG:Visconde do Rio Branco,0.9523809523809524,0.0,9.719221487372295,0.0,False
Brazil.regions.PB:Belém,5.833333333333333,0.0,24.83315694799076,0.0,False
Brazil.regions.PE:Orobó,1.809145129224652,0.0,42.539434536975584,0.0,False
Brazil.regions.PR:Ponta Grossa,7.641816967267869,0.0,288.43677234880244,0.0,False
Brazil.regions.RN:Jaçanã,1.4914529914529915,0.0,30.25985347087571,0.0,False
Brazil.regions.SC:Guaramirim,4.836292367996311,0.0,147.42894410798593,0.0,False
Brazil.regions.SC:São Bento do Sul,9.132776434381183,0.0,171.00992903673793,0.0,False
Brazil.regions.SC:São Miguel do Oeste,6.654465592972182,0.0,19.622356428871637,0.0,False
Brazil.regions.SE:General Maynard,0.0,0.0,15.580279914864281,0.0,False
Brazil.regions.SE:Santana do São Francisco,0.5272727272727272,0.0,8.995924802935189,0.0,False
Brazil.regions.SP:Capivari,0.0,0.0,12.51300862412008,0.0,False
Brazil.regions.SP:Pirapora do Bom Jesus,22.033639143730888,0.0,83.83974015378432,0.0,False
United_States_of_America.regions.Texas:Gregg,23.633934535738145,0.0,256.8968749668494,0.0,False
Lesotho,0.0,0.0,14.258716285372289,0.0,False
Timor_Leste,6.297929191716767,0.0,290.77879425262506,0.0,False
Brazil.regions.PR:Araucária,8.116636967438845,0.0,238.2998076197287,0.0,False
Brazil.regions.PR:Matinhos,16.485596707818928,0.0,258.02980119117865,0.0,False
Brazil.regions.RJ:Pinheiral,12.266741911211437,0.0,19.183480648440984,0.0,False
Brazil.regions.RN:Passa e Fica,16.78443579766537,0.0,246.89501349812735,0.0,False
Brazil.regions.SE:Pedrinhas,0.2,0.0,6.752884994453053,0.0,False
Brazil.regions.SP:Aparecida,3.3446200150489087,0.0,66.72667476261365,0.0,False
Brazil.regions.SP:Artur Nogueira,7.034816693566981,0.0,154.46393289612718,0.0,False
Saint_Lucia,10.647962591850368,0.0,284.3787678189406,0.0,False
United_States_of_America.regions.Virginia:Galax city,14.677354709418838,0.0,246.6651443072908,0.0,False
United_States_of_America.regions.Virginia:Poquoson city,14.966733466933869,0.0,242.0408921836918,0.0,False
Brazil.regions.AC:Acrelândia,7.975133646525189,0.452778227766078,116.82605157451454,2.9678698726145663,True
Brazil.regions.AC:Brasiléia,1.4444444444444444,0.0,5.003904729747952,0.0,True
Brazil.regions.AC:Capixaba,0.17777777777777776,0.0,6.398770676481942,0.0,True
Brazil.regions.AC:Porto Acre,12.74825854527782,0.0,221.41254356945342,0.0,True
Brazil.regions.AC:Rodrigues Alves,3.4,0.0,8.937377145072539,0.0,True
Brazil.regions.AM:Anamã,11.378950506857484,0.0,53.73028148199571,0.0,True
Brazil.regions.AM:Boa Vista do Ramos,23.864671437865976,0.31229668184775533,97.97892233086966,1.6259524228029125,True
Brazil.regions.AM:Manaquiri,39.32281808622503,3.459516298633018,80.10231900837091,10.775630894356075,True
Brazil.regions.AM:Urucurituba,20.3194168323393,0.4870775347912525,53.99683344207903,2.1117603936321374,True
Brazil.regions.AP:Vitória do Jari,15.888193202146692,0.5813953488372092,51.86558916908012,3.649459223132316,True
Brazil.regions.BA:Boa Vista do Tupim,1.2486308871851042,0.0,26.785964199156243,0.0,True
Brazil.regions.BA:Lafaiete Coutinho,0.1111111111111111,0.0,15.530344356702093,0.0,True
Brazil.regions.BA:Manoel Vitorino,0.7818181818181817,0.0,8.115136034174453,0.0,True
Brazil.regions.BA:Mirante,3.9277652370203158,0.2821670428893905,59.06859441850455,3.265444310720872,True
Brazil.regions.BA:Morpará,1.1346153846153844,0.0,11.848261660471373,0.0,True
Brazil.regions.BA:Oliveira dos Brejinhos,1.4067278287461773,0.0,30.460885942233897,0.0,True
Brazil.regions.BA:Potiraguá,0.7715582450832073,0.0,11.501434501591994,0.0,True
Brazil.regions.BA:Remanso,1.6251830161054173,0.0,29.537261783914083,0.0,True
Brazil.regions.BA:Vereda,0.8095238095238095,1.0,14.856198226247988,16.116035455278002,True
Brazil.regions.CE:Aiuaba,1.1610541727672035,0.0,28.76467409119975,0.0,True
Brazil.regions.CE:Arneiroz,9.725902238465052,0.0,117.93924774485149,0.0,True
Brazil.regions.CE:Independência,4.832929782082324,1.0593220338983051,129.37903625732486,4.046611788136241,True
Brazil.regions.CE:Santa Quitéria,9.463813229571986,1.2607003891050583,215.7896638264243,2.884699881255425,True
Brazil.regions.GO:Aparecida do Rio Doce,0.0,1.0,26.11422022221374,40.42037186742118,True
Brazil.regions.GO:Bom Jardim de Goiás,0.0,0.0,2.99521396847404,0.0,True
Brazil.regions.GO:Britânia,1.0295728368017525,0.0,14.64056931133767,0.0,True
Brazil.regions.GO:Caçu,5.428571428571429,0.0,25.849832042539624,0.0,True
Brazil.regions.GO:Corumbaíba,1.0741687979539642,0.0,18.000067236816307,0.0,True
Brazil.regions.GO:Córrego do Ouro,0.0,0.0,28.667634345338328,0.0,True
Brazil.regions.GO:Ipameri,2.3703170028818445,0.03962536023054755,44.930547915045466,0.14684217243115638,True
Brazil.regions.GO:Mara Rosa,2.166240409207161,0.948849104859335,18.28650332434169,9.984732240969535,True
Brazil.regions.GO:Montividiu,11.174983512859972,0.0,166.9378303693098,0.0,True
Brazil.regions.GO:Porangatu,3.555555555555556,0.0,6.6912054849429525,0.0,True
Brazil.regions.GO:Portelândia,0.0,0.0,10.625286898796547,0.0,True
Brazil.regions.GO:Santa Fé de Goiás,2.2701421800947874,0.0,30.024028629934957,0.0,True
Brazil.regions.GO:Santa Rita do Araguaia,0.0,0.0,2.8854115812512973,0.0,True
Brazil.regions.GO:Urutaí,0.0,0.0,18.245931688125886,0.0,True
Brazil.regions.MA:Feira Nova do Maranhão,1.9047619047619049,0.0,20.09401313540946,0.0,True
Brazil.regions.MA:Fortaleza dos Nogueiras,4.997071742313324,0.0,23.210302095449315,0.0,True
Brazil.regions.MA:Itinga do Maranhão,28.6363044892648,0.910865322055953,79.32446768636213,3.5033281617536662,True
Brazil.regions.MA:Jenipapo dos Vieiras,0.6,0.0,4.617989368489305,0.0,True
Brazil.regions.MA:Junco do Maranhão,3.688863807373965,0.0,154.39933942099242,0.0,True
Brazil.regions.MA:Lajeado Novo,0.7715582450832073,0.0,12.099147789895147,0.0,True
Brazil.regions.MA:Montes Altos,1.2448132780082988,0.0,9.975539640591537,0.0,True
Brazil.regions.MA:Nova Colinas,0.0,0.0,4.267399617794043,0.0,True
Brazil.regions.MA:São Domingos do Azeitão,0.4,0.0,5.566858034669194,0.0,True
Brazil.regions.MA:São Francisco do Maranhão,0.0,0.0,6.11614345519925,0.0,True
Brazil.regions.MA:São Pedro dos Crentes,0.11508951406649616,0.0,16.406893556198874,0.0,True
Brazil.regions.MA:Sítio Novo,13.21885913853318,0.0,48.67685731989145,0.0,True
Brazil.regions.MG:Abadia dos Dourados,1.1892583120204603,0.0,17.020154254881437,0.0,True
Brazil.regions.MG:Carlos Chagas,3.532946124574404,0.0,59.540313696841935,0.0,True
Brazil.regions.MG:Coromandel,2.9791113471410866,0.0,56.732299907811615,0.0,True
Brazil.regions.MG:Delfinópolis,0.0,0.0,0.2493622159130915,0.0,True
Brazil.regions.MG:Jequitinhonha,1.045643153526971,0.946058091286307,31.779833152284354,3.7259583761423616,True
Brazil.regions.MG:Marliéria,5.484994640943194,0.0,71.49661187085319,0.0,True
Brazil.regions.MG:Matias Cardoso,0.6138107416879796,0.0,13.919457417656186,0.0,True
Brazil.regions.MG:Monte Alegre de Minas,2.2284417549167923,0.0,11.465605323753659,0.0,True
Brazil.regions.MG:Morro da Garça,2.8338590956887493,1.0,20.110496095471106,40.61738424045491,True
Brazil.regions.MG:Perdizes,1.2486308871851042,0.7667031763417306,25.98419756364394,4.742102773019115,True
Brazil.regions.MG:Presidente Juscelino,2.6483180428134556,0.9755351681957186,27.78673048504143,26.793055979009022,True
Brazil.regions.MG:Riachinho,0.0,0.0,2.015099531146477,0.0,True
Brazil.regions.MG:Riacho dos Machados,0.7715582450832073,0.0,14.796770291782854,0.0,True
Brazil.regions.MG:Sacramento,0.4666666666666666,0.0,10.802414753830115,0.0,True
Brazil.regions.MG:Salto da Divisa,0.0,0.0,0.03878112159494229,0.0,True
Brazil.regions.MS:Amambai,1.8181818181818181,0.0,13.357531737428696,0.0,True
Brazil.regions.MS:Batayporã,15.542418169672679,1.9334669338677353,241.4459036261701,17.066527794754485,True
Brazil.regions.MS:Chapadão do Sul,9.37104506232023,0.0,172.91064081697112,0.0,True
Brazil.regions.MS:Guia Lopes da Laguna,60.107883817427386,0.0,596.4952146656293,0.0,True
Brazil.regions.MS:São Gabriel do Oeste,0.7715582450832073,0.0,21.608795597483716,0.0,True
Brazil.regions.MS:Tacuru,0.0,0.0,5.649641949916582,0.0,True
Brazil.regions.MT:Acorizal,0.2,0.0,5.39070844730691,0.0,True
Brazil.regions.MT:Alto Paraguai,0.0,0.0,5.500234068595958,0.0,True
Brazil.regions.MT:Guarantã do Norte,0.6666666666666666,0.0,9.652737900884608,0.0,True
Brazil.regions.MT:Jangada,1.5723514211886305,0.0,16.702254432372413,0.0,True
Brazil.regions.MT:Ponte Branca,0.7715582450832073,0.9531013615733737,38.107595747268256,60.47597471912268,True
Brazil.regions.PA:Bagre,5.618155619596542,1.1203170028818443,25.13116475983493,3.652453307083899,True
Brazil.regions.PA:Bom Jesus do Tocantins,0.38904899135446686,0.0,28.574942219115098,0.0,True
Brazil.regions.PA:Brejo Grande do Araguaia,0.0,0.0,0.7560161438524275,0.0,True
Brazil.regions.PA:Cachoeira do Arari,7.092790387182911,2.963951935914553,39.317641587848634,12.47087110663758,True
Brazil.regions.PA:Curionópolis,7.492113564668769,1.9279705573080967,30.794715473933884,10.753363585855858,True
Brazil.regions.PA:Curralinho,9.227303070761016,0.886181575433912,49.291421094387815,2.5725196685842775,True
Brazil.regions.PA:Floresta do Araguaia,1.0,0.0,4.4558758374848235,0.0,True
Brazil.regions.PA:Nova Esperança do Piriá,26.552593659942367,1.4553314121037464,92.1176065264059,6.810798446760326,True
Brazil.regions.PA:Oeiras do Pará,12.874059115109235,3.001652285661832,134.1884040227454,9.232444284146876,True
Brazil.regions.PA:Palestina do Pará,0.9,0.4,10.955922009700434,5.270786664909737,True
Brazil.regions.PA:Ponta de Pedras,35.103975535168196,3.318042813455657,72.65291366030809,10.675126483030876,True
Brazil.regions.PA:Sapucaia,0.8928571428571429,0.0,17.613867627257022,0.0,True
Brazil.regions.PA:Soure,10.99394856278366,0.0,24.965217725514776,0.0,True
Brazil.regions.PA:São Geraldo do Araguaia,12.506884523590966,0.042225078024600696,206.006161420031,0.16994034702217853,True
Brazil.regions.PB:São José de Espinharas,1.6343635411210056,0.0,15.398270157737743,0.0,True
Brazil.regions.PE:Floresta,1.6764275256222547,1.903367496339678,26.69716420104718,5.790063262676598,True
Brazil.regions.PI:Alto Longá,0.0,0.0,7.315100191068739,0.0,True
Brazil.regions.PI:Aroazes,2.2997416020671837,0.0,30.975992800197766,0.0,True
Brazil.regions.PI:Bertolínia,1.9518542615484713,0.0,25.900422101250193,0.0,True
Brazil.regions.PI:Caracol,7.491879678011581,0.0,112.85569558513899,0.0,True
Brazil.regions.PI:Colônia do Piauí,2.0605355064027937,0.0,30.72283407745464,0.0,True
Brazil.regions.PI:Corrente,4.902737752161384,0.0,25.233463446836403,0.0,True
Brazil.regions.PI:Dirceu Arcoverde,0.0,0.0,0.042851117465321664,0.0,True
Brazil.regions.PI:Fartura do Piauí,2.537103746397695,0.0,33.565234069803125,0.0,True
Brazil.regions.PI:Francisco Ayres,2.2322274881516586,0.0,26.29036130447738,0.0,True
Brazil.regions.PI:Juazeiro do Piauí,0.0,0.0,3.9486858867385255,0.0,True
Brazil.regions.PI:Júlio Borges,0.8556461001164144,1.611175785797439,8.263362480943073,28.632944478362166,True
Brazil.regions.PI:Lagoa do Barro do Piauí,3.4107750851191665,0.0,41.8718938712566,0.0,True
Brazil.regions.PI:Lagoa do Sítio,0.0,0.0,5.0100546518758104,0.0,True
Brazil.regions.PI:Landri Sales,2.866666666666667,0.0,58.718714580791925,0.0,True
Brazil.regions.PI:Marcos Parente,1.3469985358711567,0.0,14.583625787768932,0.0,True
Brazil.regions.PI:Nazaré do Piauí,2.8338590956887493,0.0,41.221935026912924,0.0,True
Brazil.regions.PI:Nova Santa Rita,0.0,0.0,8.556216896173444,0.0,True
Brazil.regions.PI:Passagem Franca do Piauí,0.0,0.0,8.879565952752214,0.0,True
Brazil.regions.PI:Pavussu,0.0,0.6,12.88993211873055,16.317650258362793,True
Brazil.regions.PI:Queimada Nova,2.10691823899371,0.0,31.92477744838952,0.0,True
Brazil.regions.PI:Ribeira do Piauí,3.9804364183596688,0.0,50.11087071384286,0.0,True
Brazil.regions.PI:Santa Luz,1.4800759013282732,1.0,20.320931756281418,17.06484641638225,True
Brazil.regions.PI:Socorro do Piauí,0.0,1.0,7.5804756255301395,21.88662727073758,True
Brazil.regions.PI:São Francisco do Piauí,2.4552683896620278,1.0,34.17889678020119,15.569048731122528,True
Brazil.regions.PI:São João da Fronteira,0.0,0.0,2.2446593445310565,0.0,True
Brazil.regions.PI:São Lourenço do Piauí,2.2997416020671837,0.0,27.761872878718115,0.0,True
Brazil.regions.PI:São Miguel da Baixa Grande,2.0605355064027937,0.0,15.619446840884075,0.0,True
Brazil.regions.PR:Guaraqueçaba,0.959079283887468,0.8056265984654731,14.931023612578144,10.550374521548889,True
Brazil.regions.RO:Alto Paraíso,2.0410082768999245,0.3329571106094808,57.53318152829823,1.5538412852785177,True
Brazil.regions.RO:Cabixi,0.0,0.0,4.519149559611838,0.0,True
Brazil.regions.RO:Cujubim,1.7958656330749354,1.0,33.966463784906914,3.96589331746976,True
Brazil.regions.RO:Espigão D'Oeste,1.0214772132006287,0.0,35.70734173546439,0.0,True
Brazil.regions.RO:Monte Negro,1.3472485768500948,0.0,28.334068125288862,0.0,True
Brazil.regions.RO:Primavera de Rondônia,1.1629125196437928,0.0,106.00925374769994,0.0,True
Brazil.regions.RO:Santa Luzia D'Oeste,1.0,0.0,16.486765983737904,0.0,True
Brazil.regions.RO:Vale do Paraíso,4.0,0.0,58.95392161486581,0.0,True
Brazil.regions.RR:São Luiz,8.151411976767475,0.06208692169036652,97.7591567695122,0.7774470534731595,True
Brazil.regions.RS:Campestre da Serra,2.7463193657984144,0.0,27.415525199787616,0.0,True
Brazil.regions.RS:Coxilha,0.5242966751918159,0.0,31.457374086771996,0.0,True
Brazil.regions.RS:Derrubadas,2.409942363112392,0.0,19.370979970616055,0.0,True
Brazil.regions.RS:Encruzilhada do Sul,7.306605574646812,1.0,131.78552567340424,3.864435599180739,True
Brazil.regions.RS:Eugênio de Castro,1.2486308871851042,0.0,14.832305642497335,0.0,True
Brazil.regions.RS:Hulha Negra,0.0,0.0,0.45181765821640774,0.0,True
Brazil.regions.RS:Piratini,19.425517702070806,0.0,287.3709853671873,0.0,True
Brazil.regions.RS:Pontão,0.5015290519877676,0.0,34.581649418168446,0.0,True
Brazil.regions.RS:Quaraí,4.0973952434881085,1.7072480181200453,19.021804242984906,7.525225980165051,True
Brazil.regions.RS:Rosário do Sul,2.983097304705345,0.0,54.44613939889707,0.0,True
Brazil.regions.RS:Santa Bárbara do Sul,2.4552683896620278,0.0,36.9222115208693,0.0,True
Brazil.regions.SC:Vargem,0.0,0.0,26.065265391530545,0.0,True
Brazil.regions.SC:Água Doce,1.5985686402081978,0.0,21.71155854347977,0.0,True
Brazil.regions.SP:Barra do Turvo,9.073091999077702,0.09338252248097763,132.64832394422157,1.219252154079875,True
Brazil.regions.SP:Borebi,1.6360856269113149,0.0,44.61728890257678,0.0,True
Brazil.regions.SP:Paulistânia,3.3970614268012036,0.012391573729863693,49.73925585137611,0.6760269356172227,True
Brazil.regions.SP:Piquerobi,0.9017295597484276,0.0,30.07952169100531,0.0,True
Brazil.regions.SP:Santo Antônio do Aracanguá,0.30275229357798167,0.0,11.048098034824825,0.0,True
Brazil.regions.TO:Alvorada,0.7110438729198185,0.0,8.419804765478867,0.0,True
Brazil.regions.TO:Ananás,1.8228404099560762,0.0,29.911682210573208,0.0,True
Brazil.regions.TO:Aragominas,0.8,0.0,16.954702818147886,0.0,True
Brazil.regions.TO:Arapoema,0.0,0.0,0.7472880657665169,0.0,True
Brazil.regions.TO:Aurora do Tocantins,0.5636363636363636,0.0,24.125391219262347,0.0,True
Brazil.regions.TO:Barrolândia,1.171960569550931,0.0,28.56567906962864,0.0,True
Brazil.regions.TO:Cariri do Tocantins,11.427764440050842,0.0,316.43891161977535,0.0,True
Brazil.regions.TO:Cristalândia,0.0,0.0,0.5868485858028585,0.0,True
Brazil.regions.TO:Dianópolis,12.750601443464314,0.0,192.2012736131511,0.0,True
Brazil.regions.TO:Filadélfia,0.0,0.0,3.0143720607449307,0.0,True
Brazil.regions.TO:Itaguatins,6.933333333333334,0.0,120.98261597643875,0.0,True
Brazil.regions.TO:Maurilândia do Tocantins,6.219364599092284,0.0,207.8993346893344,0.0,True
Brazil.regions.TO:Miracema do Tocantins,0.6887966804979253,0.0,26.595471909291774,0.0,True
Brazil.regions.TO:Nova Olinda,20.230487166055525,0.0,154.0806380856619,0.0,True
Brazil.regions.TO:Oliveira de Fátima,1.8,0.0,237.49240950587168,0.0,True
Brazil.regions.TO:Pedro Afonso,0.7857142857142857,0.0,1.8202164409390553,0.0,True
Brazil.regions.TO:Presidente Kennedy,0.4,0.0,23.696019907452712,0.0,True
Brazil.regions.TO:Pugmil,2.8909090909090907,0.0,142.51748787692995,0.0,True
Brazil.regions.TO:Santa Fé do Araguaia,1.0,0.0,12.317916512407043,0.0,True
Brazil.regions.TO:Silvanópolis,0.2,0.0,5.382481040973104,0.0,True
Brazil.regions.TO:São Bento do Tocantins,1.3333333333333333,0.0,30.41588874951766,0.0,True
Brazil.regions.TO:Tabocão,2.3040482342807924,0.0,169.23950812212783,0.0,True
United_States_of_America.regions.Alabama:Bullock,5.27000668002672,0.41683366733466937,130.65883493433873,4.126657433270659,True
United_States_of_America.regions.Alabama:Choctaw,24.696993987975954,0.618570474281897,68.05605918633131,4.913579110984965,True
United_States_of_America.regions.Alabama:Clarke,28.12408877369188,1.064312327879475,82.59804662491,4.505597865885509,True
United_States_of_America.regions.Alabama:Conecuh,8.09079863923538,0.0,154.8725017607456,0.0,True
United_States_of_America.regions.Alabama:Coosa,7.397595190380763,0.8777555110220442,117.56981803118846,8.231787592816694,True
United_States_of_America.regions.Alabama:Greene,33.547227788911144,1.768871075484302,373.2302363984711,21.808298304577754,True
United_States_of_America.regions.Alabama:Lowndes,47.64863059452238,3.350033400133601,408.1818636910504,34.444102407295915,True
United_States_of_America.regions.Alabama:Marengo,37.77822311289246,3.193052772211089,38.01940420512883,16.927597795743463,True
United_States_of_America.regions.Alabama:Monroe,9.131091854419411,1.1812824956672445,220.24699021388,5.697595599610497,True
United_States_of_America.regions.Alabama:Perry,5.498155406963338,0.0,74.3962782138215,0.0,True
United_States_of_America.regions.Alabama:Sumter,60.024766180321734,2.558174335952114,367.7263617359493,20.58561467733253,True
United_States_of_America.regions.Alabama:Washington,7.176352705410823,1.4368737474949898,127.95197560429555,8.801137740383378,True
United_States_of_America.regions.Arkansas:Arkansas,17.137940964722823,0.0,262.1029316456423,0.0,True
United_States_of_America.regions.Arkansas:Bradley,13.058784235136942,0.6392785571142285,218.70341742740618,5.939594510027208,True
United_States_of_America.regions.Arkansas:Chicot,13.029258517034068,0.0,211.80676605669152,0.0,True
United_States_of_America.regions.Arkansas:Cleveland,12.902471609886437,0.0,194.2247782628367,0.0,True
United_States_of_America.regions.Arkansas:Dallas,14.140811455847256,0.0,202.3393741952324,0.0,True
United_States_of_America.regions.Arkansas:Desha,10.19438877755511,0.0,199.80381137226337,0.0,True
United_States_of_America.regions.Arkansas:Fulton,1.0515247108307046,0.0,32.548063070385176,0.0,True
United_States_of_America.regions.Arkansas:Lafayette,9.394264602392681,0.749472202674173,132.03174450335777,11.31449581331783,True
United_States_of_America.regions.Arkansas:Lee,11.812732868945405,0.9185161185809168,184.91226354361524,10.370510540599714,True
United_States_of_America.regions.Arkansas:Madison,11.16179380083535,0.0,168.33757794400236,0.0,True
United_States_of_America.regions.Arkansas:Monroe,12.44431319608505,0.0,176.1229222359152,0.0,True
United_States_of_America.regions.Arkansas:Montgomery,2.3584905660377355,0.0,36.91865334697257,0.0,True
United_States_of_America.regions.Arkansas:Nevada,17.00071994240461,0.0,247.85998205233628,0.0,True
United_States_of_America.regions.Arkansas:Perry,12.489992800575953,0.0,208.73034229280924,0.0,True
United_States_of_America.regions.Arkansas:Pike,17.79225116900468,0.0,267.35871028823425,0.0,True
United_States_of_America.regions.Arkansas:Prairie,13.903413089373682,0.0,202.4562211624577,0.0,True
United_States_of_America.regions.Arkansas:Searcy,15.374081496325985,0.0,225.20996639820035,0.0,True
United_States_of_America.regions.Arkansas:Stone,14.58370073480294,0.0,235.40220481478374,0.0,True
United_States_of_America.regions.Arkansas:Woodruff,19.425517702070806,0.0,276.48502790820356,0.0,True
United_States_of_America.regions.California:Colusa,17.507682030728127,0.0,278.61922442492164,0.0,True
United_States_of_America.regions.California:Glenn,13.952790294627386,0.0,262.2111579650686,0.0,True
United_States_of_America.regions.Colorado:Chaffee,31.580227120908486,10.403473613894457,88.27990951255373,51.10765186625298,True
United_States_of_America.regions.Colorado:Lake,5.072373540856032,0.0,85.0690319648715,0.0,True
United_States_of_America.regions.Colorado:Morgan,235.93319973279895,10.655310621242483,594.4359476847687,36.65649725210707,True
United_States_of_America.regions.Colorado:Otero,12.713426853707416,0.6813627254509018,246.62751662538454,3.7277750599130197,True
United_States_of_America.regions.Colorado:Ouray,10.271709197723519,0.9785202863961814,136.26335205246056,19.760102713977815,True
United_States_of_America.regions.Colorado:Pitkin,26.570073480293924,1.8096192384769538,106.0916834361068,10.185283044278458,True
United_States_of_America.regions.Florida:Glades,13.001151907847373,0.9925125989920807,226.12513318986015,7.186391999073787,True
United_States_of_America.regions.Florida:Lafayette,9.08661244229501,0.0,137.58708887837827,0.0,True
United_States_of_America.regions.Florida:Liberty,102.05326876513315,0.0,1200.971684269505,0.0,True
United_States_of_America.regions.Florida:Taylor,10.080780528745278,0.0,172.50245212718173,0.0,True
United_States_of_America.regions.Georgia:Baker,4.371810287241149,1.9218436873747495,453.3138504080725,63.2601608747449,True
United_States_of_America.regions.Georgia:Calhoun,70.50701402805612,3.8911155644622584,1177.0499363873719,62.87147462372368,True
United_States_of_America.regions.Georgia:Charlton,15.56379425517702,0.0,255.90736186994468,0.0,True
United_States_of_America.regions.Georgia:Clay,7.524878413767301,2.4826038159371495,563.4155083710951,87.60069922149432,True
United_States_of_America.regions.Georgia:Early,149.17835671342687,14.63259853039412,1372.2043081034412,143.59763032771465,True
United_States_of_America.regions.Georgia:Echols,6.273857257417803,0.0,57.88859712062142,0.0,True
United_States_of_America.regions.Georgia:Hancock,76.54217373059168,2.4234158623583717,872.8885964699803,28.655739178885796,True
United_States_of_America.regions.Georgia:Miller,5.277889111556446,0.0,129.71292485217677,0.0,True
United_States_of_America.regions.Georgia:Quitman,10.460942997888809,0.9236453201970444,82.18259497988547,40.17595999117199,True
United_States_of_America.regions.Georgia:Randolph,112.84969939879761,14.451569806279226,1674.0806399025419,213.21289180110986,True
United_States_of_America.regions.Georgia:Screven,8.247470817120623,0.8988326848249026,161.90176932845944,6.43586341704785,True
United_States_of_America.regions.Georgia:Stewart,7.4568093385214,0.0,126.80326780420799,0.0,True
United_States_of_America.regions.Georgia:Talbot,6.997530864197532,0.9652076318742985,107.9037868047726,15.580429893047596,True
United_States_of_America.regions.Georgia:Taliaferro,1.9518542615484713,0.0,22.832134018018127,0.0,True
United_States_of_America.regions.Georgia:Taylor,7.817635270541083,1.8770875083500336,129.1040000531163,23.405081151496674,True
United_States_of_America.regions.Georgia:Warren,9.559446315001871,0.0,113.58101645814249,0.0,True
United_States_of_America.regions.Georgia:Webster,10.411673151750973,1.195330739299611,102.26723354215245,45.85081470270851,True
United_States_of_America.regions.Georgia:Wilkes,5.649966599866399,0.1736806947227789,115.01114929909262,1.7764211386189928,True
United_States_of_America.regions.Georgia:Wilkinson,15.303501945525293,2.100389105058366,115.20331843821913,23.45755087177089,True
United_States_of_America.regions.Idaho:Bonner,14.618855218855222,0.0,255.21143930112308,0.0,True
United_States_of_America.regions.Idaho:Gooding,5.102867325449537,0.0,149.95130303431958,0.0,True
United_States_of_America.regions.Illinois:Brown,5.2592980618124665,0.0,82.77801375013968,0.0,True
United_States_of_America.regions.Illinois:Calhoun,13.44678811121764,0.0,186.14978030500626,0.0,True
United_States_of_America.regions.Illinois:Gallatin,12.497603068072868,0.0,166.84594343460319,0.0,True
United_States_of_America.regions.Illinois:Hamilton,3.0662151993980435,0.0,47.44108780118174,0.0,True
United_States_of_America.regions.Illinois:Henderson,1.7358824570720481,0.0,27.15988148074452,0.0,True
United_States_of_America.regions.Illinois:Jasper,23.904718193501008,4.683311914815495,191.1765157271981,48.73373480557226,True
United_States_of_America.regions.Illinois:Pike,14.140811455847256,0.0,210.180422503049,0.0,True
United_States_of_America.regions.Illinois:Pope,0.959079283887468,0.0,13.006156200959653,0.0,True
United_States_of_America.regions.Illinois:Schuyler,7.318422872953654,0.0,102.85171507262399,0.0,True
United_States_of_America.regions.Illinois:Stark,11.116728951417896,0.0,154.63679371070648,0.0,True
United_States_of_America.regions.Indiana:Benton,3.844319399785637,0.0,41.441031067339004,0.0,True
United_States_of_America.regions.Iowa:Adair,19.111556446225784,0.0,273.8386121809795,0.0,True
United_States_of_America.regions.Iowa:Adams,0.0,0.0,13.45620260243276,0.0,True
United_States_of_America.regions.Iowa:Allamakee,30.465597862391448,2.3460253841015364,91.89951533523413,17.14053762038092,True
United_States_of_America.regions.Iowa:Audubon,12.741488963711184,0.2843247287691732,160.4104337977987,5.173302925203298,True
United_States_of_America.regions.Iowa:Calhoun,2.0534311157674177,0.0,33.733854500761296,0.0,True
United_States_of_America.regions.Iowa:Cherokee,1.646870717222476,0.0,12.514315010309485,0.0,True
United_States_of_America.regions.Iowa:Clarke,7.917545541706615,0.0,137.03347686145383,0.0,True
United_States_of_America.regions.Iowa:Davis,6.890611541774333,0.0,66.46536190291941,0.0,True
United_States_of_America.regions.Iowa:Franklin,9.253207698476345,0.0,152.05688117117194,0.0,True
United_States_of_America.regions.Iowa:Fremont,0.9335038363171356,0.0,13.53321698151177,0.0,True
United_States_of_America.regions.Iowa:Greene,6.091061686949223,0.0,99.50008218553317,0.0,True
United_States_of_America.regions.Iowa:Guthrie,3.78526000748223,0.5738870183314627,64.57658793814946,5.368949558718896,True
United_States_of_America.regions.Iowa:Hancock,17.55858383433534,0.0,264.8130718761542,0.0,True
United_States_of_America.regions.Iowa:Harrison,10.588510354041416,0.0,206.6217712063186,0.0,True
United_States_of_America.regions.Iowa:Howard,7.4563980172572055,0.0,124.67016330596893,0.0,True
United_States_of_America.regions.Iowa:Humboldt,1.895614435815441,0.0,10.247636917271794,0.0,True
United_States_of_America.regions.Iowa:Ida,3.8055555555555554,0.0,55.74567861070445,0.0,True
United_States_of_America.regions.Iowa:Keokuk,14.498856152513,0.0,231.2892833881495,0.0,True
United_States_of_America.regions.Iowa:Kossuth,18.954575818303272,0.0,282.2804795281798,0.0,True
United_States_of_America.regions.Iowa:Lucas,0.5,0.0,5.813953488372094,0.0,True
United_States_of_America.regions.Iowa:Lyon,6.181474313863476,0.0,126.82144177190993,0.0,True
United_States_of_America.regions.Iowa:Monona,12.043286573146293,0.0,189.1527917563085,0.0,True
United_States_of_America.regions.Iowa:Monroe,11.099544567338972,0.4879635653871178,140.2755879698951,6.331433312405836,True
United_States_of_America.regions.Iowa:Osceola,5.506053268765133,0.0,118.75449937519838,0.0,True
United_States_of_America.regions.Iowa:Palo Alto,0.4219948849104859,0.0,10.72906403987133,0.0,True
United_States_of_America.regions.Iowa:Pocahontas,0.9329971181556196,0.0,12.254558348988636,0.0,True
United_States_of_America.regions.Iowa:Ringgold,0.0,0.0,6.1270318447803,0.0,True
United_States_of_America.regions.Iowa:Sac,0.5866946045049765,0.0,12.683192580785365,0.0,True
United_States_of_America.regions.Iowa:Shelby,8.484436741767764,0.0,171.3745708132102,0.0,True
United_States_of_America.regions.Iowa:Taylor,18.629462738301555,0.0,264.3243581993561,0.0,True
United_States_of_America.regions.Iowa:Van Buren,12.905873550317994,0.0,184.9540065655297,0.0,True
United_States_of_America.regions.Iowa:Wayne,2.15295966474594,0.0,30.052582540180868,0.0,True
United_States_of_America.regions.Iowa:Worth,10.617718179819743,0.0,153.10385260917636,0.0,True
United_States_of_America.regions.Kansas:Anderson,0.7715582450832073,0.0,12.618296453508725,0.0,True
United_States_of_America.regions.Kansas:Brown,0.7979502196193266,0.0,14.46626934297676,0.0,True
United_States_of_America.regions.Kansas:Clay,16.93921175684703,0.6606546426185704,248.64262134547977,8.256119002981386,True
United_States_of_America.regions.Kansas:Cloud,12.9260884238947,0.0,195.16047647723616,0.0,True
United_States_of_America.regions.Kansas:Coffey,25.840614562458246,6.645958583834335,273.47424201749936,81.25637099687411,True
United_States_of_America.regions.Kansas:Doniphan,16.181028724114896,0.0,236.36201449406357,0.0,True
United_States_of_America.regions.Kansas:Grant,6.778029445073613,0.0,93.62945658932323,0.0,True
United_States_of_America.regions.Kansas:Jackson,17.798263193052772,0.0,272.26328688688056,0.0,True
United_States_of_America.regions.Kansas:Linn,15.455177020708083,0.0,234.4231376563687,0.0,True
United_States_of_America.regions.Kansas:Nemaha,2.0204402515723268,0.0,34.96868305381575,0.0,True
United_States_of_America.regions.Kansas:Pratt,16.133160537826015,0.0,234.1973274295286,0.0,True
United_States_of_America.regions.Kansas:Rice,0.8220294426919034,0.0,22.18858955460753,0.0,True
United_States_of_America.regions.Kansas:Sumner,16.744154976619907,0.9218436873747495,276.08967994564415,4.036800172424021,True
United_States_of_America.regions.Kansas:Wilson,4.622057001239158,0.0,68.69979473913521,0.0,True
United_States_of_America.regions.Kentucky:Cumberland,12.102598717516033,0.0,170.95618205111293,0.0,True
United_States_of_America.regions.Kentucky:Hickman,0.8200091365920512,0.0,43.48811546065379,0.0,True
United_States_of_America.regions.Louisiana:Bienville,39.84168336673346,11.079091516366066,163.44684195804635,83.67261926112882,True
United_States_of_America.regions.Louisiana:Caldwell,17.109179885251436,0.0,102.96086286497656,0.0,True
United_States_of_America.regions.Louisiana:Catahoula,15.427521710086841,1.690180360721443,106.97167876031851,17.80261597557871,True
United_States_of_America.regions.Louisiana:Claiborne,28.05023380093521,5.767535070140281,102.63415645316444,36.80622252801711,True
United_States_of_America.regions.Louisiana:East Carroll,6.393760831889081,0.0,89.54266345756328,0.0,True
United_States_of_America.regions.Louisiana:Madison,10.847695390781563,0.0,204.74984405036088,0.0,True
United_States_of_America.regions.Louisiana:Red River,9.504679625629949,4.719942404607632,68.95734293469705,55.91023933437138,True
United_States_of_America.regions.Louisiana:Winn,16.752171008684034,1.8697394789579158,53.96495372304545,13.447493375704227,True
United_States_of_America.regions.Maine:Franklin,4.750968603874416,0.6813627254509018,214.04899860622788,2.256242675091565,True
United_States_of_America.regions.Michigan:Alcona,3.104806934594169,0.8037825059101656,61.761698391619184,7.724964016435997,True
United_States_of_America.regions.Michigan:Chippewa,18.75751503006012,0.12024048096192384,287.7445634985441,0.3219376180404398,True
United_States_of_America.regions.Michigan:Lake,7.857833778795977,0.0,124.20360397559053,0.0,True
United_States_of_America.regions.Michigan:Menominee,5.774818401937046,0.0,128.21612458548174,0.0,True
United_States_of_America.regions.Michigan:Montmorency,4.8439485948312395,0.0,74.53765537974114,0.0,True
United_States_of_America.regions.Michigan:Oscoda,13.361867704280158,0.40155642023346305,200.213832263095,4.8726661841216234,True
United_States_of_America.regions.Michigan:Presque Isle,8.069366479550922,0.0,131.36311892767918,0.0,True
United_States_of_America.regions.Minnesota:Big Stone,18.808283233132933,0.0,260.17498822036805,0.0,True
United_States_of_America.regions.Minnesota:Chippewa,11.16239316239316,0.0,84.90544531135204,0.0,True
United_States_of_America.regions.Minnesota:Cottonwood,10.944132469402449,0.0,20.4142524841889,0.0,True
United_States_of_America.regions.Minnesota:Faribault,13.728390113560454,0.0,242.82380950118184,0.0,True
United_States_of_America.regions.Minnesota:Grant,1.3620488940628641,0.0,16.8993951981574,0.0,True
United_States_of_America.regions.Minnesota:Jackson,6.901135604542418,0.0,154.85140176292262,0.0,True
United_States_of_America.regions.Minnesota:Lincoln,17.55243820975284,0.0,241.48019310951346,0.0,True
United_States_of_America.regions.Minnesota:Mahnomen,18.0875083500334,0.44422177688710757,250.15179897949915,8.037303725115027,True
United_States_of_America.regions.Minnesota:Murray,6.079591018444266,0.0,56.43099732160846,0.0,True
United_States_of_America.regions.Minnesota:Pine,46.94328423829413,0.0,74.91812507643627,0.0,True
United_States_of_America.regions.Minnesota:Pipestone,9.39980824544583,0.0,151.37463374970605,0.0,True
United_States_of_America.regions.Minnesota:Pope,2.1659751037344397,0.0,14.024293425012003,0.0,True
United_States_of_America.regions.Minnesota:Red Lake,7.617899249732047,0.0,93.47842654744143,0.0,True
United_States_of_America.regions.Minnesota:Redwood,11.392341619887729,0.0,181.17264019750726,0.0,True
United_States_of_America.regions.Minnesota:Renville,17.36005344021376,0.0,271.1391743688058,0.0,True
United_States_of_America.regions.Minnesota:Rock,6.600214362272241,0.0,74.16092190824136,0.0,True
United_States_of_America.regions.Minnesota:Swift,7.763323541754091,0.0,129.4856531461858,0.0,True
United_States_of_America.regions.Minnesota:Yellow Medicine,14.19812084885793,0.0,214.8275782525222,0.0,True
United_States_of_America.regions.Mississippi:Amite,9.30786828422877,0.2494974003466205,94.782806279381,2.0289290098936363,True
United_States_of_America.regions.Mississippi:Benton,11.382231128924513,0.0,177.13297720902378,0.0,True
United_States_of_America.regions.Mississippi:Carroll,44.68077753779698,2.7336213102951765,367.9528541855368,27.481866998041383,True
United_States_of_America.regions.Mississippi:Choctaw,10.955511022044089,1.2999331997327987,169.90502268892587,15.833534710509122,True
United_States_of_America.regions.Mississippi:Claiborne,9.151187904967603,0.037437005039596835,45.600023846680074,0.4165220854427774,True
United_States_of_America.regions.Mississippi:Franklin,9.236339345357383,0.5470941883767535,142.41401965549434,7.093143891828777,True
United_States_of_America.regions.Mississippi:Greene,8.57457898957498,0.8209703287890937,157.20607333863276,6.042767030686692,True
United_States_of_America.regions.Mississippi:Humphreys,4.44622578490314,2.796927187708751,89.63809064412635,34.68411691107081,True
United_States_of_America.regions.Mississippi:Kemper,42.65063460253841,3.6633266533066133,355.4337704139727,37.603435160199275,True
United_States_of_America.regions.Mississippi:Noxubee,43.781830327321316,0.8597194388777556,325.28092758332025,8.253042515865946,True
United_States_of_America.regions.Mississippi:Perry,4.818303273213092,0.9552438209752839,135.775454721633,7.9783163866640265,True
United_States_of_America.regions.Mississippi:Quitman,10.12812291249165,0.0,142.07979224835609,0.0,True
United_States_of_America.regions.Mississippi:Sharkey,15.933199732798931,0.0,195.41556367471074,0.0,True
United_States_of_America.regions.Mississippi:Tallahatchie,11.243553774215096,0.7748830995323981,221.4169002876614,5.611435292435356,True
United_States_of_America.regions.Mississippi:Tunica,10.337608550434203,1.4024048096192383,98.47326676318526,14.559850598206381,True
United_States_of_America.regions.Mississippi:Wilkinson,37.126653306613235,5.688042752171008,374.73323514938625,65.91011300314031,True
United_States_of_America.regions.Missouri:Atchison,18.547762191048765,0.0,256.0291302774571,0.0,True
United_States_of_America.regions.Missouri:Bates,15.346693386773548,0.8076152304609219,258.4097506535568,4.993910650883761,True
United_States_of_America.regions.Missouri:Bollinger,16.8623914495658,0.0,262.8433217275992,0.0,True
United_States_of_America.regions.Missouri:Caldwell,14.439494573141099,0.0,215.24633378383925,0.0,True
United_States_of_America.regions.Missouri:Carroll,1.2506118453255017,0.0,16.615047371679875,0.0,True
United_States_of_America.regions.Missouri:Carter,17.554575818303274,0.9619238476953909,244.74895247275003,16.080305043386677,True
United_States_of_America.regions.Missouri:Chariton,15.662658650634604,0.0,227.90596148962703,0.0,True
United_States_of_America.regions.Missouri:Clark,14.83286418015482,0.0,211.82700028850647,0.0,True
United_States_of_America.regions.Missouri:Daviess,4.602048857368007,0.0,71.43139888552629,0.0,True
United_States_of_America.regions.Missouri:Dent,0.0,0.0,7.884781324781063,0.0,True
United_States_of_America.regions.Missouri:Gentry,12.371692060946271,0.0,175.81315525969583,0.0,True
United_States_of_America.regions.Missouri:Harrison,12.757198443579767,0.0,188.45776242932902,0.0,True
United_States_of_America.regions.Missouri:Holt,6.2316784869976365,0.0,81.81876155254898,0.0,True
United_States_of_America.regions.Missouri:Howard,10.848720100713386,0.0,164.35906905582218,0.0,True
United_States_of_America.regions.Missouri:Iron,8.005600101820033,0.0,123.1534502633072,0.0,True
United_States_of_America.regions.Missouri:Lewis,2.0748683220466515,0.9744168547780285,19.38076911246435,9.967439185536298,True
United_States_of_America.regions.Missouri:Linn,11.551460239268122,0.9438775510204082,186.3439497753664,7.918435830708118,True
United_States_of_America.regions.Missouri:Macon,16.48312757201646,0.0,250.38838102296805,0.0,True
United_States_of_America.regions.Missouri:Maries,16.529218106995884,0.0,241.66853796625983,0.0,True
United_States_of_America.regions.Missouri:Oregon,11.354385228703315,0.0,170.37886666310447,0.0,True
United_States_of_America.regions.Missouri:Ralls,19.219104876419507,0.0,280.5080333008262,0.0,True
United_States_of_America.regions.Missouri:Ripley,15.132201039861354,0.0,247.56322686130247,0.0,True
United_States_of_America.regions.Missouri:Schuyler,0.0,0.0,7.153075822603716,0.0,True
United_States_of_America.regions.Missouri:Scotland,9.298468317247167,0.0,126.15939051667722,0.0,True
United_States_of_America.regions.Missouri:Shelby,19.425517702070806,0.0,275.5111395590031,0.0,True
United_States_of_America.regions.Missouri:St. Clair,9.402121281992162,0.0,141.29379841335404,0.0,True
United_States_of_America.regions.Missouri:Worth,12.452886928628711,0.0,136.17048621032856,0.0,True
United_States_of_America.regions.Montana:Deer Lodge,16.273290136789058,0.0,241.93668304396303,0.0,True
United_States_of_America.regions.Montana:Lake,16.03861055444222,0.0,276.00549049904606,0.0,True
United_States_of_America.regions.Nebraska:Burt,7.0313580816232415,0.0,97.37734157268581,0.0,True
United_States_of_America.regions.Nebraska:Butler,11.607364135245176,0.0,136.22521484889987,0.0,True
United_States_of_America.regions.Nebraska:Cedar,1.9978386167146975,0.0,15.57986792115549,0.0,True
United_States_of_America.regions.Nebraska:Clay,3.88861985472155,0.0,63.653369811554825,0.0,True
United_States_of_America.regions.Nebraska:Cuming,7.935363680544306,0.0,141.00626520444996,0.0,True
United_States_of_America.regions.Nebraska:Dixon,15.019230769230768,0.0,281.05764309186816,0.0,True
United_States_of_America.regions.Nebraska:Fillmore,0.9079784630445424,0.0,6.079570798666132,0.0,True
United_States_of_America.regions.Nebraska:Hamilton,26.784340195747554,6.5659804252446845,228.23575460605264,70.42021048095972,True
United_States_of_America.regions.Nebraska:Howard,16.325100133511352,0.0,261.2900733809866,0.0,True
United_States_of_America.regions.Nebraska:Jefferson,1.565275016567263,0.0,21.95061091795504,0.0,True
United_States_of_America.regions.Nebraska:Johnson,10.188878235858102,0.0,127.58421692213405,0.0,True
United_States_of_America.regions.Nebraska:Kearney,14.719438877755511,0.0,204.42706556481747,0.0,True
United_States_of_America.regions.Nebraska:Merrick,3.2390042223786066,0.0,54.134563741397216,0.0,True
United_States_of_America.regions.Nebraska:Nance,3.3144192256341793,0.0,48.23627424332738,0.0,True
United_States_of_America.regions.Nebraska:Nemaha,19.425517702070806,0.0,277.86983562177363,0.0,True
United_States_of_America.regions.Nebraska:Phelps,7.512943432406519,0.0,126.68153609351519,0.0,True
United_States_of_America.regions.Nebraska:Pierce,8.890161639302534,0.0,127.51994621670923,0.0,True
United_States_of_America.regions.Nebraska:Polk,6.4573437860272085,0.0,94.06779023909019,0.0,True
United_States_of_America.regions.Nebraska:Red Willow,1.8870596565763853,0.0,41.97003354305206,0.0,True
United_States_of_America.regions.Nebraska:Richardson,0.0,0.0,1.5915934761038173,0.0,True
United_States_of_America.regions.Nebraska:Stanton,5.7648356054530865,0.0,68.99572836308126,0.0,True
United_States_of_America.regions.Nebraska:Thurston,10.039755351681956,0.0,137.30981180899727,0.0,True
United_States_of_America.regions.Nebraska:Wayne,7.920325824105893,0.0,120.72864311284626,0.0,True
United_States_of_America.regions.Nevada:Storey,0.0,0.0,9.948032201506118,0.0,True
United_States_of_America.regions.New Hampshire:Coos,13.483462350457422,0.0,219.01923242422558,0.0,True
United_States_of_America.regions.New York:Essex,4.102338009352037,0.0,225.7123682054889,0.0,True
United_States_of_America.regions.New York:Lewis,11.358675305975522,0.0,235.27374329754724,0.0,True
United_States_of_America.regions.North Carolina:Jones,6.34482361079087,1.878256859580355,80.86960721455009,19.94114937445966,True
United_States_of_America.regions.North Carolina:Tyrrell,4.415026833631485,0.0,69.35752417395065,0.0,True
United_States_of_America.regions.North Dakota:Rolette,7.695049000890925,0.0,126.45770894833373,0.0,True
United_States_of_America.regions.North Dakota:Stark,27.32211088844355,1.8129592518370072,165.96457036113588,5.757436729769148,True
United_States_of_America.regions.Oklahoma:Atoka,15.44802564967938,0.0,228.2829066565659,0.0,True
United_States_of_America.regions.Oklahoma:Caddo,52.67802271209084,6.441549766199065,80.63191675781435,22.396042577703444,True
United_States_of_America.regions.Oklahoma:Choctaw,17.366065464261858,0.0,271.35823471770937,0.0,True
United_States_of_America.regions.Oklahoma:Coal,0.0,0.0,3.8922105021992923,0.0,True
United_States_of_America.regions.Oklahoma:Craig,11.637274549098196,0.0,219.85678493006134,0.0,True
United_States_of_America.regions.Oklahoma:Johnston,5.186046511627906,0.0,87.40244442883044,0.0,True
United_States_of_America.regions.Oklahoma:Kingfisher,10.333783327708403,0.0,185.80558875922418,0.0,True
United_States_of_America.regions.Oklahoma:Latimer,15.81629926519706,0.967935871743487,245.78657248716308,9.609211473677025,True
United_States_of_America.regions.Oklahoma:Love,15.979947624392068,0.0,239.57702933442818,0.0,True
United_States_of_America.regions.Oklahoma:McCurtain,9.953377902885292,0.0,201.69773078854206,0.0,True
United_States_of_America.regions.Oklahoma:Noble,15.17982631930528,0.0,237.7751501968366,0.0,True
United_States_of_America.regions.Oklahoma:Nowata,7.66370883882149,0.0,142.39136283227052,0.0,True
United_States_of_America.regions.Oklahoma:Okfuskee,9.315980629539952,0.0,141.1150936976091,0.0,True
United_States_of_America.regions.Oklahoma:Woodward,15.464056699291259,0.0,230.76320335073618,0.0,True
United_States_of_America.regions.Pennsylvania:Cameron,18.296013864818025,0.0,250.19017899847162,0.0,True
United_States_of_America.regions.Pennsylvania:Forest,11.526662166722916,0.0,165.92635656906933,0.0,True
United_States_of_America.regions.Pennsylvania:Potter,16.722778891115567,0.0,269.80501809161603,0.0,True
United_States_of_America.regions.Pennsylvania:Sullivan,13.938865430512207,0.0,196.969900865601,0.0,True
United_States_of_America.regions.South Carolina:Allendale,1.7737728819050704,1.722015227604082,54.34388894042314,19.820617260636304,True
United_States_of_America.regions.South Dakota:Beadle,9.742818971275886,1.4889779559118235,205.2293284189144,8.06902918718812,True
United_States_of_America.regions.South Dakota:Bon Homme,17.30794923179693,0.0,247.04678090775732,0.0,True
United_States_of_America.regions.South Dakota:Brown,34.76138944555779,0.0,150.11908080859695,0.0,True
United_States_of_America.regions.South Dakota:Grant,3.893738140417457,0.0,54.9027272889552,0.0,True
United_States_of_America.regions.South Dakota:Hamlin,17.80589254766031,0.0,251.0863631787105,0.0,True
United_States_of_America.regions.South Dakota:McCook,17.43620574482298,0.7394789579158317,238.92678604018093,13.238076582811166,True
United_States_of_America.regions.South Dakota:Moody,5.355473965287049,0.0,84.7919158511137,0.0,True
United_States_of_America.regions.South Dakota:Turner,7.569618430525558,0.0,126.18685947905023,0.0,True
United_States_of_America.regions.Tennessee:Perry,11.872411489645959,0.0,184.83527307321228,0.0,True
United_States_of_America.regions.Tennessee:Van Buren,6.362095749187969,0.0,85.25134543796472,0.0,True
United_States_of_America.regions.Texas:Blanco,15.201736806947228,0.0,248.15854610598925,0.0,True
United_States_of_America.regions.Texas:Bosque,2.988179669030733,0.0,77.48929942391186,0.0,True
United_States_of_America.regions.Texas:Callahan,8.7211498111624,0.5046160302140159,155.33372352847005,3.619135266542465,True
United_States_of_America.regions.Texas:Childress,3.002203084318045,0.0,43.897152623000686,0.0,True
United_States_of_America.regions.Texas:Comanche,14.166531670176575,0.6398833630325611,223.07579353635825,4.692947290301144,True
United_States_of_America.regions.Texas:Dawson,5.059179265658748,0.9445644348452125,108.04188475392887,7.42115363643316,True
United_States_of_America.regions.Texas:Delta,11.207957792921523,0.0,156.30956752835377,0.0,True
United_States_of_America.regions.Texas:Eastland,17.343219772879092,0.0,274.8626685082446,0.0,True
United_States_of_America.regions.Texas:Frio,8.05671576170587,0.0,79.2888048638755,0.0,True
United_States_of_America.regions.Texas:Gonzales,19.032885144986228,1.435282682650251,75.04751486167065,6.888144563278067,True
United_States_of_America.regions.Texas:Hamilton,7.995174150230801,0.0,121.61898978982792,0.0,True
United_States_of_America.regions.Texas:Houston,27.736831564189867,0.0,92.04736235254704,0.0,True
United_States_of_America.regions.Texas:Jackson,10.798931195724784,0.1736806947227789,226.07557369061956,1.1766984737315642,True
United_States_of_America.regions.Texas:Karnes,17.51356045424182,0.0,273.27303545598465,0.0,True
United_States_of_America.regions.Texas:Lavaca,15.967935871743489,0.4969939879759519,270.0929500738073,2.4659818794083153,True
United_States_of_America.regions.Texas:Leon,12.08477366255144,0.0,225.8262274795143,0.0,True
United_States_of_America.regions.Texas:Newton,14.22161023813381,0.0,223.6932610784767,0.0,True
United_States_of_America.regions.Texas:Nolan,1.8544733861834657,0.0,40.73795761245884,0.0,True
United_States_of_America.regions.Texas:Robertson,16.82752171008684,0.0,270.8887722443811,0.0,True
United_States_of_America.regions.Texas:Sabine,9.433940511874567,0.0,144.20717311030634,0.0,True
United_States_of_America.regions.Texas:San Augustine,6.898914628219666,0.992062206382634,108.33767464901267,12.04397482557526,True
United_States_of_America.regions.Texas:Scurry,9.439935439243717,0.0,150.4807774515816,0.0,True
United_States_of_America.regions.Texas:Terry,12.453306613226454,0.0,215.0348309033802,0.0,True
United_States_of_America.regions.Texas:Trinity,8.432531668808517,0.0,155.60208251090648,0.0,True
United_States_of_America.regions.Texas:Uvalde,15.381563126252505,0.0,268.30455753252807,0.0,True
United_States_of_America.regions.Texas:Yoakum,3.2750188111361926,0.0,51.67762481871135,0.0,True
United_States_of_America.regions.Texas:Young,16.664662658650638,0.8650634602538411,271.01615825247495,4.803239646051311,True
United_States_of_America.regions.Texas:Zapata,9.076784282277467,0.0,150.38313032020392,0.0,True
United_States_of_America.regions.Utah:Morgan,13.217368069472277,0.0,225.95468335673579,0.0,True
United_States_of_America.regions.Utah:Sanpete,1.9454477050413845,0.0,53.06051786619205,0.0,True
United_States_of_America.regions.Utah:Summit,281.29071476285907,0.0,423.7588418907552,0.0,True
United_States_of_America.regions.Virginia:Craig,9.827108686529584,0.0,125.23109006042144,0.0,True
United_States_of_America.regions.Virginia:King and Queen,13.904280155642025,0.0,199.19330317506154,0.0,True
United_States_of_America.regions.Washington:Douglas,50.87374749498998,1.289245156980628,132.73584982260792,2.96862731580425,True
United_States_of_America.regions.Washington:Jefferson,6.093520374081496,0.0,223.25002210172948,0.0,True
United_States_of_America.regions.Washington:Wahkiakum,12.425004589682395,0.0,157.1074235232957,0.0,True
United_States_of_America.regions.West Virginia:Pendleton,12.79109011137361,0.0,182.8354234913765,0.0,True
United_States_of_America.regions.West Virginia:Ritchie,1.9518542615484713,0.0,31.762854520234942,0.0,True
United_States_of_America.regions.West Virginia:Tucker,16.760187040748164,0.0,238.68437710200422,0.0,True
United_States_of_America.regions.Wisconsin:Ashland,15.852918287937744,0.0,242.01507918234523,0.0,True
United_States_of_America.regions.Wisconsin:Buffalo,13.410894941634243,0.980544747081712,220.4926408556807,7.524708365295926,True
United_States_of_America.regions.Wisconsin:Burnett,0.2380952380952381,1.0,6.2738742474181715,6.48760866744518,True
United_States_of_America.regions.Wisconsin:Florence,12.526845637583893,0.0,163.2741609573403,0.0,True
United_States_of_America.regions.Wisconsin:Jackson,10.548073325851101,0.9135802469135802,204.47694147935724,4.425617627833068,True
United_States_of_America.regions.Wisconsin:Menominee,15.680382310059937,0.0,213.78703356311203,0.0,True
United_States_of_America.regions.Wisconsin:Rusk,12.103096410978186,0.0,199.6372337055428,0.0,True
United_States_of_America.regions.Wisconsin:Washburn,6.914132379248658,0.0,106.85945480256137,0.0,True
Brazil.regions.BA:Ubatã,6.477057874106524,0.0,138.12797132175658,0.0,False
Brazil.regions.MG:Ipaba,9.565838645856234,0.0,160.20119761274182,0.0,False
Brazil.regions.MG:Matozinhos,12.663392141138734,0.0,193.84349537965187,0.0,False
Brazil.regions.MG:Ouro Branco,1.9266589057043073,0.0,31.15867643189429,0.0,False
Brazil.regions.PB:Alagoinha,8.674963396778917,0.0,41.35181795739637,0.0,False
Brazil.regions.PB:Sertãozinho,1.2046035805626598,0.0,30.64913309549796,0.0,False
Brazil.regions.PE:Belém de Maria,0.0,1.0,6.0232062298177285,8.282945415389712,False
Brazil.regions.PE:Fernando de Noronha,9.654241816967268,0.0,548.4864125077534,0.0,False
Brazil.regions.PE:Santa Maria do Cambucá,1.3286163522012577,0.0,33.688482892534964,0.0,False
Brazil.regions.PE:São Vicente Ferrer,2.140201805629315,0.0,61.1056843577773,0.0,False
Brazil.regions.RS:Bom Princípio,4.269449715370018,0.0,13.16229457126424,0.0,False
Brazil.regions.RS:Gramado,0.0,0.0,11.546160477179178,0.0,False
Brazil.regions.SC:Maravilha,5.977777777777778,0.0,13.474356455484799,0.0,False
Brazil.regions.SC:Pinhalzinho,0.6954612005856515,0.0,23.300656187938255,0.0,False
Brazil.regions.SC:Pomerode,16.27187708750835,0.0,279.79197917306743,0.0,False
Brazil.regions.SC:Sangão,6.044901384809064,0.0,108.96451296765744,0.0,False
Brazil.regions.SP:Conchal,1.4562598218962808,0.0,38.273527225063475,0.0,False
Brazil.regions.SP:Estiva Gerbi,8.952526409571083,0.0,133.53592602437757,0.0,False
Brazil.regions.SP:Lindóia,1.0172955974842766,0.0,17.93579557174309,0.0,False
Brazil.regions.SP:Matão,10.95330739299611,0.0,246.14601359534075,0.0,False
Brazil.regions.SP:Palmares Paulista,0.0,0.0,6.773194959708383,0.0,False
Brazil.regions.SP:Rio das Pedras,1.4944013781223084,0.0,41.88627236685591,0.0,False
Brazil.regions.SP:Salto de Pirapora,8.703501945525293,0.0,232.09754027751987,0.0,False
Brazil.regions.SP:Santa Fé do Sul,1.0803314121037464,0.0,34.890838411551506,0.0,False
Brazil.regions.SP:Santo Antônio de Posse,6.010220125786163,0.0,8.345674897622429,0.0,False
Brazil.regions.SP:Vargem Grande do Sul,1.105290728129911,0.0,35.16798553719278,0.0,False
United_States_of_America.regions.Georgia:Catoosa,19.869071476285903,0.0,232.58553269758642,0.0,False
United_States_of_America.regions.Tennessee:Washington,26.07014028056112,0.0,256.27188084087703,0.0,False
Brazil.regions.AL:Branquinha,1.0723514211886305,0.0,20.892399676692754,0.0,False
Brazil.regions.AL:Capela,2.094563727729557,0.0,30.93335375335209,0.0,False
Brazil.regions.AL:Olivença,0.3177004538577912,0.0,12.836801418432712,0.0,False
Brazil.regions.AL:São José da Tapera,4.571428571428571,0.0,8.027755953009192,0.0,False
Brazil.regions.BA:Conceição do Coité,8.102659925258301,0.0,168.3446492617833,0.0,False
Brazil.regions.BA:Guanambi,0.0,0.0,13.122453535573323,0.0,False
Brazil.regions.BA:Itororó,15.34413246940245,0.0,254.399603028656,0.0,False
Brazil.regions.BA:Ituberá,9.43739912381831,0.0,155.70544513605057,0.0,False
Brazil.regions.BA:Porto Seguro,6.8299265197060794,0.0,280.6726524489467,0.0,False
Brazil.regions.BA:Presidente Dutra,0.5272727272727272,0.0,15.245247835383111,0.0,False
Brazil.regions.BA:Presidente Tancredo Neves,0.5272727272727272,0.0,18.241761486931786,0.0,False
Brazil.regions.BA:Saubara,1.9790454016298022,0.0,34.80424671779443,0.0,False
Brazil.regions.BA:Teofilândia,0.8095238095238095,0.0,6.270252322337695,0.0,False
Brazil.regions.BA:Valente,2.9172576832151305,0.0,88.30481530998095,0.0,False
Brazil.regions.CE:Abaiara,2.409942363112392,0.0,40.26308779561077,0.0,False
Brazil.regions.CE:Ipu,4.654178674351585,0.0,29.56639285535679,0.0,False
Brazil.regions.ES:Anchieta,15.568424566088119,0.0,34.93877361260001,0.0,False
Brazil.regions.ES:Guaçuí,11.331658291457286,0.0,8.185374802541892,0.0,False
Brazil.regions.ES:Iconha,2.8131212723658052,0.0,12.262969754074623,0.0,False
Brazil.regions.ES:Irupi,1.1512105984467793,0.0,33.832253012590186,0.0,False
Brazil.regions.MA:Dom Pedro,9.187429218573046,0.0,40.08755693282752,0.0,False
Brazil.regions.MA:Presidente Dutra,56.37920489296636,0.0,78.29020389985696,0.0,False
Brazil.regions.MG:Além Paraíba,7.831257078142697,0.0,21.103907197972195,0.0,False
Brazil.regions.MG:Arceburgo,1.8906469056679351,0.0,40.31968659508712,0.0,False
Brazil.regions.MG:Borda da Mata,9.215125662900622,0.0,150.9857736136499,0.0,False
Brazil.regions.MG:Brumadinho,7.927130774235524,0.0,16.935953855777505,0.0,False
Brazil.regions.MG:Guaranésia,6.914132379248658,0.0,107.96343081514584,0.0,False
Brazil.regions.MG:Machado,11.802325581395351,0.0,192.05601407922254,0.0,False
Brazil.regions.MG:Maria da Fé,0.0,0.0,7.211437207463559,0.0,False
Brazil.regions.MG:Orizânia,0.0,0.0,1.8342135060206104,0.0,False
Brazil.regions.MG:Piranguinho,0.0,0.0,2.6728338229645368,0.0,False
Brazil.regions.MG:Santa Margarida,1.6680497925311202,0.0,31.999732233949004,0.0,False
Brazil.regions.MS:Ladário,1.1079759217456735,0.0,54.12081995956002,0.0,False
Brazil.regions.PA:Mãe do Rio,14.275925079945178,0.0,21.651226913261244,0.0,False
Brazil.regions.PB:Ingá,0.8545454545454546,0.0,8.692359489977035,0.0,False
Brazil.regions.PB:Massaranduba,2.3624288425047437,0.0,6.890414236620823,0.0,False
Brazil.regions.PB:Nova Olinda,0.0,0.0,2.503396177956118,0.0,False
Brazil.regions.PB:Princesa Isabel,0.5734597156398105,0.0,32.29374935971245,0.0,False
Brazil.regions.PE:Alagoinha,2.485479671540156,0.0,50.859765866829626,0.0,False
Brazil.regions.PE:Brejo da Madre de Deus,5.0465657741559955,0.0,29.39040979449495,0.0,False
Brazil.regions.PE:Lagoa do Ouro,2.4552683896620278,0.0,41.824138251196615,0.0,False
Brazil.regions.PE:Pesqueira,3.3899805275269963,0.0,68.46591213877171,0.0,False
Brazil.regions.PE:Riacho das Almas,0.6666666666666666,0.0,6.19427260954762,0.0,False
Brazil.regions.PI:Demerval Lobão,1.8207610146862487,0.0,52.04520391872093,0.0,False
Brazil.regions.PR:Cambará,0.0,0.0,10.362933979592299,0.0,False
Brazil.regions.PR:Jacarezinho,3.2393162393162394,0.0,58.10881193684645,0.0,False
Brazil.regions.PR:Mandirituba,13.0062436719541,0.0,222.7704020816255,0.0,False
Brazil.regions.PR:Marechal Cândido Rondon,17.17652987760979,0.0,269.8391212777235,0.0,False
Brazil.regions.PR:Nova Esperança,1.2785119921683799,0.0,38.48952112873736,0.0,False
Brazil.regions.PR:Paraíso do Norte,1.595821325648415,0.0,21.12446153392528,0.0,False
Brazil.regions.PR:Santo Antônio da Platina,0.7857142857142857,0.0,10.423573240419135,0.0,False
Brazil.regions.RJ:Conceição de Macabu,1.0587371512481645,0.0,38.236385936524435,0.0,False
Brazil.regions.RJ:Macuco,1.9689800210304942,0.0,22.25797308601522,0.0,False
Brazil.regions.RJ:Porciúncula,12.854503870513723,0.0,210.70452095417153,0.0,False
Brazil.regions.RN:Portalegre,1.36629798308393,0.0,21.514836109197088,0.0,False
Brazil.regions.RN:Poço Branco,2.8867521367521363,0.0,51.87282507804257,0.0,False
Brazil.regions.RN:Santa Cruz,4.187537268932619,0.0,84.8823360545971,0.0,False
Brazil.regions.RN:São Paulo do Potengi,1.288632792037716,0.0,34.02451653726734,0.0,False
Brazil.regions.RS:Nova Araçá,8.111273792093705,0.0,189.37256676333467,0.0,False
Brazil.regions.RS:Paraí,18.291917167668675,0.0,264.345847730167,0.0,False
Brazil.regions.RS:Pareci Novo,12.005874947545111,0.0,161.06756832545136,0.0,False
Brazil.regions.RS:Rolante,18.231128924515698,0.0,281.9319046657725,0.0,False
Brazil.regions.RS:Sarandi,9.629539951573848,0.0,147.98434442002664,0.0,False
Brazil.regions.RS:São Vendelino,0.0,0.0,30.27699592501102,0.0,False
Brazil.regions.SC:Fraiburgo,4.685534591194969,0.0,25.974180247875918,0.0,False
Brazil.regions.SC:Santo Amaro da Imperatriz,10.056134723336006,0.0,180.8245920436571,0.0,False
Brazil.regions.SC:São Carlos,7.639386189258313,0.0,57.05835067959544,0.0,False
Brazil.regions.SC:São Lourenço do Oeste,16.7060788243153,0.0,276.7618127001416,0.0,False
Brazil.regions.SC:Trombudo Central,1.6680497925311202,0.0,24.582568407175323,0.0,False
Brazil.regions.SE:Amparo de São Francisco,0.6666666666666666,0.0,61.4622164531591,0.0,False
Brazil.regions.SE:Cedro de São João,4.972181551976575,0.0,91.80224666599766,0.0,False
Brazil.regions.SP:Cajati,3.8304416403785493,0.0,28.187150516048828,0.0,False
Brazil.regions.SP:Chavantes,2.916857012334399,0.0,48.39654593205311,0.0,False
Brazil.regions.SP:Guapiaçu,2.6698292220113853,0.0,12.134515740330361,0.0,False
Brazil.regions.SP:Igarapava,5.224586288416076,0.0,96.70678744643008,0.0,False
Brazil.regions.SP:Monte Azul Paulista,1.4006116207951071,0.0,35.25219016960168,0.0,False
Brazil.regions.SP:Nova Europa,2.223903177004538,0.0,12.176562680357332,0.0,False
Brazil.regions.SP:Nova Guataporanga,1.3838862559241707,0.0,67.44755216135026,0.0,False
Brazil.regions.SP:Pracinha,0.59953434225844,0.0,16.342589548583405,0.0,False
Brazil.regions.SP:Tupi Paulista,17.602201257861637,0.0,87.53144678040947,0.0,False
Brazil.regions.SP:Álvares Machado,0.7232704402515723,0.0,33.49445176249396,0.0,False
French_Polynesia,32.96152304609218,0.0,272.98438218177137,0.0,False
United_States_of_America.regions.Alabama:Limestone,15.208416833667334,0.0,256.2546336825536,0.0,False
United_States_of_America.regions.Kentucky:Boyle,9.936915077989603,0.0,228.45376208802065,0.0,False
United_States_of_America.regions.New Mexico:Los Alamos,10.667156232788692,0.0,186.62852763010102,0.0,False
United_States_of_America.regions.North Carolina:Watauga,14.143887775551104,0.0,278.9159009298643,0.0,False
United_States_of_America.regions.Wisconsin:Eau Claire,9.493520374081495,0.0,264.046254716196,0.0,False
Vietnam,9.288577154308618,0.0,292.18515933318935,0.0,False
Brazil.regions.AM:Atalaia do Norte,1.071090047393365,0.0,35.39219766473043,0.0,False
Brazil.regions.AM:Lábrea,13.820512820512821,0.0,66.04231695414946,0.0,False
United_States_of_America.regions.Alaska:Valdez-Cordova Census Area,1.2486308871851042,0.0,21.302051684163526,0.0,False
Brazil.regions.SC:Navegantes,19.898329993319972,0.0,243.26758233047875,0.0,False
United_States_of_America.regions.Virginia:Radford city,18.004676018704075,0.0,278.9449408585437,0.0,False
Brazil.regions.AM:Apuí,16.07161125319693,0.0,54.031506966092934,0.0,False
Brazil.regions.AM:Japurá,9.044444444444444,0.0,354.6817811634804,0.0,False
Brazil.regions.MS:Corumbá,8.080151070079731,0.0,181.5985635679418,0.0,False
United_States_of_America.regions.Alaska:Nome Census Area,6.2316784869976365,0.0,93.46148748501223,0.0,False
United_States_of_America.regions.Alaska:Southeast Fairbanks Census Area,14.099225897255453,0.0,201.3725157855145,0.0,False
Brazil.regions.BA:Cruz das Almas,1.5164212910532278,0.0,45.27342706868787,0.0,False
Brazil.regions.MG:Sabará,10.036873747494989,0.0,282.9427662104871,0.0,False
Brazil.regions.MG:Sete Lagoas,15.437541750167004,0.0,290.12073689826155,0.0,False
Brazil.regions.MG:São Joaquim de Bicas,2.6785714285714284,0.0,2.6569926466279603,0.0,False
Brazil.regions.SP:Pedreira,1.3767019667170952,0.0,18.77421864992612,0.0,False
Brazil.regions.MG:Coronel Fabriciano,15.95684702738811,0.0,288.12889955580187,0.0,False
Brazil.regions.PR:Piraquara,3.887227304714989,0.0,215.3323555862698,0.0,False
Brazil.regions.RS:Dois Irmãos,17.846359385437545,0.0,284.31621828351183,0.0,False
United_States_of_America.regions.Virginia:Bristol city,18.572478289913164,0.0,281.15555181540043,0.0,False
Brazil.regions.GO:Senador Canedo,4.284834623504574,0.0,215.23524234405545,0.0,False
Brazil.regions.RJ:Armação dos Búzios,11.122540250447226,0.0,57.10369061322003,0.0,False
Brazil.regions.SC:Brusque,28.409774696707107,0.0,247.15010428749642,0.0,False
Brazil.regions.SC:Capivari de Baixo,5.321282304759216,0.0,72.21330341331667,0.0,False
Brazil.regions.SP:Cosmópolis,4.166666666666667,0.0,37.63192110888689,0.0,False
United_States_of_America.regions.Virginia:Staunton city,4.05911510923444,0.0,151.0625750970256,0.0,False
Brazil.regions.RS:Estância Velha,16.42311289245157,0.0,284.13875456789947,0.0,False
Brazil.regions.SP:Águas de São Pedro,9.227602905569007,0.0,112.94364056918275,0.0,False
Brazil.regions.MG:Sarzedo,12.010546500479387,0.0,199.2394900801916,0.0,False
Brazil.regions.RS:Capão da Canoa,14.769271877087508,0.0,280.81639171807944,0.0,False
Brazil.regions.AM:Pauini,0.5272727272727272,0.0,12.957844085455461,0.0,False
Brazil.regions.PA:Novo Progresso,12.901597209473104,0.0,207.91481766980306,0.0,False
Brazil.regions.RR:Caracaraí,4.732246798603027,0.0,10.320665397922102,0.0,False
United_States_of_America.regions.Nevada:Nye,8.802271209084838,0.0,229.60154628274088,0.0,False
Gibraltar,108.36138944555778,0.0,128.44681059164742,0.0,False
Brazil.regions.AL:Barra de São Miguel,3.503445305770887,0.0,34.542818358951024,0.0,False
Brazil.regions.AL:Olho d'Água das Flores,1.54434250764526,0.0,40.546425642069565,0.0,False
Brazil.regions.AL:São Sebastião,16.35474006116208,0.0,36.10634545299307,0.0,False
Brazil.regions.BA:Irará,0.0,0.0,13.03429662603649,0.0,False
Brazil.regions.CE:Crato,4.602905569007264,0.0,140.66343983396698,0.0,False
Brazil.regions.ES:Bom Jesus do Norte,5.035460992907802,0.0,46.099594403883856,0.0,False
Brazil.regions.ES:Ibatiba,1.5333333333333332,0.0,4.593195072347487,0.0,False
Brazil.regions.MG:Itanhandu,5.865805856582891,0.0,124.96117588690538,0.0,False
Brazil.regions.MG:Itaú de Minas,0.6352683461117197,0.0,17.45252943499774,0.0,False
Brazil.regions.MG:Rodeiro,3.5,0.0,41.187744026268696,0.0,False
Brazil.regions.PB:Caldas Brandão,2.0,0.0,35.57745327664157,0.0,False
Brazil.regions.PB:Itabaiana,9.602558245774325,0.0,31.128696113077257,0.0,False
Brazil.regions.PB:Juarez Távora,2.0,0.0,24.29209546664205,0.0,False
Brazil.regions.PB:Logradouro,2.0,0.0,54.945925917119425,0.0,False
Brazil.regions.PB:Pilõezinhos,4.27972760607648,0.0,104.26400580087113,0.0,False
Brazil.regions.PB:Queimadas,4.206170052671181,0.0,53.71943197014401,0.0,False
Brazil.regions.PB:Remígio,9.892116182572614,0.0,26.379364073707766,0.0,False
Brazil.regions.PB:Serra da Raiz,0.6053550640279395,0.0,72.66693076311064,0.0,False
Brazil.regions.PB:Solânea,8.821428571428571,0.0,23.096762480633085,0.0,False
Brazil.regions.PE:Quipapá,8.070510372915871,0.0,135.15411518745077,0.0,False
Brazil.regions.PE:Vertentes,1.897681005487697,0.0,57.15347774243562,0.0,False
Brazil.regions.PR:Campo Magro,14.758972554539055,0.0,222.84444705866284,0.0,False
Brazil.regions.RJ:Areal,2.817966903073286,0.0,62.8842563109786,0.0,False
Brazil.regions.RN:Monte Alegre,12.478599221789885,0.0,230.79387221092048,0.0,False
Brazil.regions.RS:Flores da Cunha,4.130507343124166,0.0,86.45262080324248,0.0,False
Brazil.regions.RS:Nova Prata,3.830690826727067,0.0,26.357924202185504,0.0,False
Brazil.regions.SC:Governador Celso Ramos,4.01073187895848,0.0,132.33258399525616,0.0,False
Brazil.regions.SP:Espírito Santo do Pinhal,2.450052576235541,0.0,51.726166813311764,0.0,False
Brazil.regions.SP:Tietê,1.5138816134101623,0.0,34.01526249712151,0.0,False
United_States_of_America.regions.Minnesota:Carver,10.168336673346692,0.0,280.3079282521974,0.0,False
United_States_of_America.regions.North Carolina:Lincoln,3.8376753507014016,0.0,265.92207189360346,0.0,False
Brazil.regions.BA:Santo Antônio de Jesus,0.9196740395809081,0.0,41.53789472684093,0.0,False
Brazil.regions.MG:Igarapé,2.147846332945285,0.0,31.684631801820736,0.0,False
Brazil.regions.RJ:Porto Real,9.427507343684429,0.0,167.4479683224004,0.0,False
United_States_of_America.regions.Virginia:Covington city,0.6354009077155824,0.0,10.968433372505167,0.0,False
Brazil.regions.PE:Santa Cruz do Capibaribe,2.9871452208221965,0.0,134.86555795515685,0.0,False
Brazil.regions.SE:Barra dos Coqueiros,45.25513585155732,0.0,111.20183802421273,0.0,False
Brazil.regions.SP:Américo Brasiliense,2.987145220822197,0.0,113.38944706734722,0.0,False
Grenada,8.599465597862391,0.0,276.69786471359276,0.0,False
United_States_of_America.regions.Alaska:Bethel Census Area,11.831724716743599,0.0,179.67790902689833,0.0,False
Brazil.regions.AL:Pão de Açúcar,2.6666666666666665,0.0,2.062163831968299,0.0,False
Brazil.regions.AL:Quebrangulo,3.4493192133131614,0.0,22.548905018333716,0.0,False
Brazil.regions.BA:Castro Alves,3.5383747178329568,0.0,42.15320812421031,0.0,False
Brazil.regions.BA:Entre Rios,0.0,0.0,11.912661937213183,0.0,False
Brazil.regions.BA:Inhambupe,0.0,0.0,11.80151807309904,0.0,False
Brazil.regions.CE:Cedro,1.0175695461200587,0.0,25.3571411858109,0.0,False
Brazil.regions.CE:Martinópole,2.2995361166335324,0.0,39.14287039325091,0.0,False
Brazil.regions.CE:Orós,13.347495131881749,0.0,42.6470204468974,0.0,False
Brazil.regions.CE:Pereiro,1.047466453034248,0.0,31.733735023424618,0.0,False
Brazil.regions.ES:Itarana,2.422222222222222,0.0,19.2977553746711,0.0,False
Brazil.regions.ES:São Roque do Canaã,17.772211088844355,0.0,270.83877266096863,0.0,False
Brazil.regions.MA:Bom Lugar,1.1576741749607125,0.0,30.417878505294365,0.0,False
Brazil.regions.MA:Cedral,1.1454545454545455,0.0,5.348435658714978,0.0,False
Brazil.regions.MA:Duque Bacelar,2.15295966474594,0.0,36.29537007754325,0.0,False
Brazil.regions.MA:Lima Campos,29.638242894056845,0.0,230.87384844660502,0.0,False
Brazil.regions.MA:Palmeirândia,3.3187294633077764,0.0,8.16055266698619,0.0,False
Brazil.regions.MA:Peri Mirim,18.13278008298755,0.0,107.30145658510848,0.0,False
Brazil.regions.MA:Presidente Juscelino,10.136592051164916,0.0,53.899013353473904,0.0,False
Brazil.regions.MG:Cachoeira de Minas,0.0,0.0,5.645893569516787,0.0,False
Brazil.regions.MG:Campestre,0.0,0.0,9.556685960097017,0.0,False
Brazil.regions.MG:Campos Gerais,7.502679528403,0.0,126.52343044193789,0.0,False
Brazil.regions.MG:Careaçu,0.0,0.0,0.49331557397266756,0.0,False
Brazil.regions.MG:Conceição do Rio Verde,1.0,0.0,0.3587552326338841,0.0,False
Brazil.regions.MG:Eugenópolis,0.0,0.0,5.436972044320523,0.0,False
Brazil.regions.MG:Imbé de Minas,2.4552683896620278,0.0,34.99030388685403,0.0,False
Brazil.regions.MG:Itamonte,1.2392312789927105,0.0,34.101106062782456,0.0,False
Brazil.regions.MG:Itatiaiuçu,0.9310938845822566,0.0,15.982081626171782,0.0,False
Brazil.regions.MG:Moema,2.2997416020671837,0.0,33.90342428928196,0.0,False
Brazil.regions.MG:Monte Carmelo,5.525136820669466,0.0,130.11300506998785,0.0,False
Brazil.regions.MG:Padre Paraíso,0.32727272727272727,0.0,14.45181118264897,0.0,False
Brazil.regions.MG:Pedra Dourada,1.6680497925311202,0.0,15.451802561262575,0.0,False
Brazil.regions.MG:Poço Fundo,2.4552683896620278,0.0,43.4760221203173,0.0,False
Brazil.regions.MG:Santo Antônio do Amparo,0.9333333333333332,0.0,3.869804366754899,0.0,False
Brazil.regions.MG:Senador Amaral,8.462309542902966,0.0,112.46732724652497,0.0,False
Brazil.regions.PA:Tracuateua,4.752814488497307,0.0,29.974003658420887,0.0,False
Brazil.regions.PB:Casserengue,2.15295966474594,0.0,31.716253106861448,0.0,False
Brazil.regions.PB:Imaculada,0.5552645364064954,0.0,20.186616841814228,0.0,False
Brazil.regions.PB:Joca Claudino,0.959079283887468,0.0,14.114297339838867,0.0,False
Brazil.regions.PB:Pombal,2.851802403204273,0.0,82.38932645074549,0.0,False
Brazil.regions.PB:São José de Caiana,3.2,0.0,51.741969128499115,0.0,False
Brazil.regions.PB:São João do Rio do Peixe,4.22778771615981,0.0,83.59149393734421,0.0,False
Brazil.regions.PE:Cumaru,5.426540284360191,0.0,35.83179440771083,0.0,False
Brazil.regions.PE:Petrolândia,0.6171383647798742,0.0,39.62143640786479,0.0,False
Brazil.regions.PI:União,18.876975169300223,0.0,18.650609129940204,0.0,False
Brazil.regions.PR:Alto Paraná,2.0413844996237773,0.0,31.40551622362877,0.0,False
Brazil.regions.PR:Assis Chateaubriand,6.430341811112911,0.0,200.77343064686113,0.0,False
Brazil.regions.PR:Balsa Nova,10.300095877277085,0.0,169.87542529474138,0.0,False
Brazil.regions.PR:Ibaiti,15.741130730601002,0.0,240.67128836733087,0.0,False
Brazil.regions.PR:Saudade do Iguaçu,0.0,0.0,3.875666536610739,0.0,False
Brazil.regions.RJ:Sumidouro,9.10306663592345,0.0,148.00545721368465,0.0,False
Brazil.regions.RJ:São Fidélis,15.107181136120044,0.0,70.6602374518,0.0,False
Brazil.regions.RN:Almino Afonso,0.0,0.0,6.813172536418745,0.0,False
Brazil.regions.RN:Baía Formosa,12.450882117080996,0.0,182.6989970740182,0.0,False
Brazil.regions.RN:Itajá,0.43601895734597157,0.0,8.352971293776854,0.0,False
Brazil.regions.RN:Lajes Pintadas,0.6191874694077337,0.0,24.06419419882732,0.0,False
Brazil.regions.RS:Antônio Prado,1.4800759013282732,0.0,27.81750668698465,0.0,False
Brazil.regions.RS:Capitão,0.2,0.0,19.103927420020202,0.0,False
Brazil.regions.RS:Crissiumal,0.0,0.0,6.87010167495164,0.0,False
Brazil.regions.RS:Humaitá,2.1333333333333337,0.0,52.83121805375051,0.0,False
Brazil.regions.RS:Triunfo,3.2080274106705824,0.0,32.421182891522115,0.0,False
Brazil.regions.SC:Garuva,1.4834123222748816,0.0,36.6027362342481,0.0,False
Brazil.regions.SC:Itá,4.184890656063619,0.0,74.4160161966258,0.0,False
Brazil.regions.SC:Meleiro,3.87325190299168,0.0,55.50049042047202,0.0,False
Brazil.regions.SC:Nova Trento,9.443099273607748,0.0,143.91301853552258,0.0,False
Brazil.regions.SC:Quilombo,1.0,0.0,5.922431342554266,0.0,False
Brazil.regions.SC:Serra Alta,0.0,0.0,16.340492547253483,0.0,False
Brazil.regions.SE:Monte Alegre de Sergipe,0.0,0.0,7.653234340969534,0.0,False
Brazil.regions.SE:Pacatuba,9.35012681577127,0.0,147.91368072145522,0.0,False
Brazil.regions.SP:Alambari,4.279038718291055,0.0,56.1925662903116,0.0,False
Brazil.regions.SP:Alfredo Marcondes,0.0,0.0,9.697688969290878,0.0,False
Brazil.regions.SP:Barbosa,0.0,0.0,0.7962894458018752,0.0,False
Brazil.regions.SP:Casa Branca,1.7857142857142858,0.0,5.136585201118285,0.0,False
Brazil.regions.SP:Indiana,3.1800302571860812,0.0,76.01894094540924,0.0,False
Brazil.regions.SP:Ipuã,8.118291347207009,0.0,31.009014985914426,0.0,False
Brazil.regions.SP:Jambeiro,1.0056925996204933,0.0,13.728692418387656,0.0,False
Brazil.regions.SP:Joanópolis,9.899978017146628,0.0,157.19065207672512,0.0,False
Brazil.regions.SP:Nipoã,1.6680497925311202,0.0,21.941038210135208,0.0,False
Brazil.regions.SP:Ouroeste,0.0,0.0,4.654573612199044,0.0,False
Brazil.regions.SP:Porangaba,1.2486308871851042,0.0,22.09368771553772,0.0,False
Brazil.regions.SP:São Miguel Arcanjo,4.803874092009686,0.0,124.66441222404437,0.0,False
Brazil.regions.SP:Tabapuã,0.0,0.0,6.246185497065263,0.0,False
Brazil.regions.SP:Tarabai,2.493604213694507,0.0,37.814613911579116,0.0,False
Faroe_Islands,161.8669338677355,0.0,158.33781107794354,0.0,False
United_States_of_America.regions.Alabama:Russell,38.38276553106213,0.0,192.5731796245422,0.0,False
United_States_of_America.regions.Arkansas:Lonoke,16.782231128924515,0.0,241.49250101564576,0.0,False
United_States_of_America.regions.Illinois:Franklin,12.715698062792251,0.0,271.299286482234,0.0,False
United_States_of_America.regions.Iowa:Warren,8.918503674014698,0.0,236.00934181342868,0.0,False
United_States_of_America.regions.Kentucky:Barren,3.0186770428015564,0.0,208.3065115940919,0.0,False
United_States_of_America.regions.Kentucky:Floyd,8.840207972270365,0.0,251.59489479946654,0.0,False
United_States_of_America.regions.Kentucky:Taylor,12.25845932325414,0.0,245.99653478921414,0.0,False
United_States_of_America.regions.Minnesota:Blue Earth,8.794388777555112,0.0,249.10264382125447,0.0,False
United_States_of_America.regions.Minnesota:Isanti,11.226637868970482,0.0,252.7491700610541,0.0,False
United_States_of_America.regions.New York:Cortland,7.767935871743486,0.0,239.9063979277909,0.0,False
United_States_of_America.regions.New York:Jefferson,30.104876419505686,0.0,246.2044042871806,0.0,False
United_States_of_America.regions.North Carolina:Transylvania,14.881095524382099,0.0,272.813110691501,0.0,False
United_States_of_America.regions.Tennessee:Unicoi,18.577822311289243,0.0,281.87842041827685,0.0,False
United_States_of_America.regions.Tennessee:Warren,9.566030677141788,0.0,241.88236411564134,0.0,False
United_States_of_America.regions.Texas:Aransas,12.26941514860978,0.0,197.20440196169406,0.0,False
United_States_of_America.regions.Texas:Henderson,10.883369330453563,0.0,237.40899508040377,0.0,False
United_States_of_America.regions.Texas:San Patricio,8.319305277221108,0.0,271.3035616127408,0.0,False
United_States_of_America.regions.Washington:Cowlitz,20.430995323981296,0.0,255.26742615058822,0.0,False
United_States_of_America.regions.West Virginia:Taylor,8.242983159583,0.0,155.8819284554831,0.0,False
United_States_of_America.regions.Wisconsin:Portage,14.979291917167668,0.0,284.4830090615301,0.0,False
United_States_of_America.regions.Wisconsin:Wood,18.470273881095522,0.0,289.5321007934418,0.0,False
Brazil.regions.AL:Jacuípe,2.0,0.0,28.42280434396789,0.0,False
Brazil.regions.AL:Jequiá da Praia,7.060535506402794,0.0,50.84354536548624,0.0,False
Brazil.regions.AL:Porto de Pedras,0.0,0.0,1.4625862714596884,0.0,False
Brazil.regions.BA:Banzaê,0.0,0.0,6.747001293706949,0.0,False
Brazil.regions.BA:Brumado,14.356045424181696,0.0,280.84173374002864,0.0,False
Brazil.regions.BA:Cardeal da Silva,0.0,0.0,3.547679348273606,0.0,False
Brazil.regions.BA:Euclides da Cunha,10.988129259177843,0.0,172.63547872083197,0.0,False
Brazil.regions.BA:Floresta Azul,5.602265951103161,0.0,91.16355537325889,0.0,False
Brazil.regions.BA:Itabela,3.1132478632478633,0.0,56.966413808584356,0.0,False
Brazil.regions.BA:Nova Ibiá,0.0,0.0,0.8660528761095048,0.0,False
Brazil.regions.BA:Nova Soure,16.237186681631126,0.0,255.57881733385858,0.0,False
Brazil.regions.BA:Nova Viçosa,1.2486308871851042,0.0,24.106588995929965,0.0,False
Brazil.regions.BA:Riachão do Jacuípe,0.0,0.0,11.31536327339263,0.0,False
Brazil.regions.BA:São Domingos,19.425517702070806,0.0,281.1705890055809,0.0,False
Brazil.regions.BA:Várzea da Roça,0.0,0.8571428571428571,7.215964464265864,6.077303297949924,False
Brazil.regions.CE:Barro,0.7261774370208106,0.0,20.30843939250096,0.0,False
Brazil.regions.CE:Coreaú,54.15349887133183,0.0,185.39417733745475,0.0,False
Brazil.regions.CE:Potengi,0.5272727272727272,0.0,12.795524710301754,0.0,False
Brazil.regions.ES:Alto Rio Novo,0.0,0.0,1.5445385773156595,0.0,False
Brazil.regions.ES:Brejetuba,4.527703604806409,0.0,77.75018732911664,0.0,False
Brazil.regions.ES:Mimoso do Sul,10.892334194659776,0.0,10.634886043578327,0.0,False
Brazil.regions.ES:Vila Valério,3.617021276595745,0.0,41.46985811759578,0.0,False
Brazil.regions.GO:Alexânia,1.2486308871851042,0.0,28.553010297361165,0.0,False
Brazil.regions.GO:Aragarças,0.2,0.0,12.196708945120784,0.0,False
Brazil.regions.GO:Santa Helena de Goiás,2.6483180428134556,0.0,49.60593515718793,0.0,False
Brazil.regions.MA:Igarapé Grande,49.5,0.0,431.8069225597395,0.0,False
Brazil.regions.MA:Lago do Junco,2.5,0.0,17.981671233021338,0.0,False
Brazil.regions.MA:Maracaçumé,13.498690413829229,0.0,33.08133651912613,0.0,False
Brazil.regions.MA:Presidente Vargas,2.2409638554216866,0.0,11.516504928654522,0.0,False
Brazil.regions.MA:Satubinha,2.15295966474594,0.0,37.919713201732996,0.0,False
Brazil.regions.MA:São Domingos do Maranhão,49.83375959079284,0.0,122.63880840406496,0.0,False
Brazil.regions.MG:Carmo da Mata,0.959079283887468,0.0,19.31304774621089,0.0,False
Brazil.regions.MG:Cristina,0.9642857142857143,0.0,5.19703973168752,0.0,False
Brazil.regions.MG:Córrego do Bom Jesus,1.8666666666666665,0.0,63.08765685011294,0.0,False
Brazil.regions.MG:Fervedouro,0.6807866868381239,0.0,9.642324412288929,0.0,False
Brazil.regions.MG:Guanhães,0.0,0.0,11.392313829420267,0.0,False
Brazil.regions.MG:Ilicínea,1.303395399780942,0.0,23.84913208919339,0.0,False
Brazil.regions.MG:Ipuiúna,8.952526409571083,0.0,132.46073286000103,0.0,False
Brazil.regions.MG:Itaguara,2.7066737475659406,0.0,58.605001861766986,0.0,False
Brazil.regions.MG:Itaobim,3.140396555177248,0.0,58.23734639545702,0.0,False
Brazil.regions.MG:Janaúba,11.009108341323108,0.0,201.77421381042927,0.0,False
Brazil.regions.MG:Laranjal,0.2222222222222222,0.0,3.6413112361761457,0.0,False
Brazil.regions.MG:Munhoz,2.7611966719773413,0.0,34.2450690561143,0.0,False
Brazil.regions.MG:São Brás do Suaçuí,8.043782614229348,0.0,92.96360139718247,0.0,False
Brazil.regions.MG:São Gonçalo do Rio Abaixo,0.0,0.0,5.148642487698284,0.0,False
Brazil.regions.PA:Nova Timboteua,6.489296636085626,0.0,17.038453208222553,0.0,False
Brazil.regions.PA:Ourém,7.653723161260849,0.0,27.932379608942657,0.0,False
Brazil.regions.PA:São Francisco do Pará,1.7333333333333332,1.0,2.9012248595192114,6.296436217101119,False
Brazil.regions.PB:Conceição,0.7142857142857143,0.0,5.275039463742294,0.0,False
Brazil.regions.PB:Igaracy,19.425517702070806,0.0,275.99360339732635,0.0,False
Brazil.regions.PB:Malta,3.044444444444445,0.0,56.53368495480896,0.0,False
Brazil.regions.PB:Monteiro,4.447354635935044,0.0,22.89160915590615,0.0,False
Brazil.regions.PB:Riacho dos Cavalos,1.541774332472007,0.0,26.587705442872423,0.0,False
Brazil.regions.PI:Angical do Piauí,2.479307750188111,0.0,34.46797855306524,0.0,False
Brazil.regions.PI:Dom Expedito Lopes,0.2,0.0,3.1107176781265045,0.0,False
Brazil.regions.PR:Abatiá,0.959079283887468,0.0,14.616666733715551,0.0,False
Brazil.regions.PR:Assaí,6.2316784869976365,0.0,96.84329502391876,0.0,False
Brazil.regions.PR:Carlópolis,0.0,0.0,7.322911421743754,0.0,False
Brazil.regions.PR:Cidade Gaúcha,1.0,0.0,1.5016257812863945,0.0,False
Brazil.regions.PR:Coronel Vivida,0.0,0.0,9.483155600064197,0.0,False
Brazil.regions.PR:Itaipulândia,0.0,0.0,5.358406476989834,0.0,False
Brazil.regions.PR:Loanda,1.4889406286379512,0.0,35.121225952059895,0.0,False
Brazil.regions.PR:Marilena,6.367138364779874,0.0,89.39821763694574,0.0,False
Brazil.regions.PR:Missal,0.0,0.0,4.962103803682492,0.0,False
Brazil.regions.PR:Palmas,14.098586377822656,0.0,214.56260499808897,0.0,False
Brazil.regions.PR:Paranacity,1.8443821349889844,0.0,19.51288618642812,0.0,False
Brazil.regions.PR:Peabiru,17.19726421886249,0.0,259.82329564584154,0.0,False
Brazil.regions.PR:Rebouças,0.0,0.0,7.594291788841242,0.0,False
Brazil.regions.PR:Santa Tereza do Oeste,0.2222222222222222,0.0,4.66022682111748,0.0,False
Brazil.regions.PR:Sertanópolis,0.0,1.0,8.197042964164005,6.109108681043436,False
Brazil.regions.PR:São Miguel do Iguaçu,1.0,0.0,7.0207079616871155,0.0,False
Brazil.regions.RJ:Quissamã,2.252955082742317,0.0,67.36799274851558,0.0,False
Brazil.regions.RN:Jardim do Seridó,0.0,0.0,6.239033219908958,0.0,False
Brazil.regions.RN:Riachuelo,1.4934114202049782,0.0,24.027819223192182,0.0,False
Brazil.regions.RN:São Miguel do Gostoso,4.622057001239158,0.0,70.70426572478846,0.0,False
Brazil.regions.RN:São Pedro,11.207957792921523,0.0,158.13099087078513,0.0,False
Brazil.regions.RN:São Vicente,0.2,0.0,3.6175144353167745,0.0,False
Brazil.regions.RS:Candelária,3.947990543735225,0.0,92.98821459604983,0.0,False
Brazil.regions.RS:Capão do Leão,16.78443579766537,0.0,250.482684621529,0.0,False
Brazil.regions.RS:Casca,0.0,0.0,3.2331807671208495,0.0,False
Brazil.regions.RS:Ibirubá,3.1333333333333333,0.0,7.733836060016316,0.0,False
Brazil.regions.RS:Maratá,0.3915810083210965,0.0,84.68733314389368,0.0,False
Brazil.regions.RS:Marques de Souza,0.7715582450832073,0.0,12.019725479090669,0.0,False
Brazil.regions.RS:Nova Bréscia,2.0101925254813136,0.0,8.288585466466174,0.0,False
Brazil.regions.RS:Poço das Antas,0.8132726089785296,0.0,90.71597543094475,0.0,False
Brazil.regions.RS:Sananduva,9.038350910834133,0.0,173.18866272984866,0.0,False
Brazil.regions.RS:Tucunduva,2.8338590956887493,0.0,37.903327971872,0.0,False
Brazil.regions.RS:Vanini,0.959079283887468,0.0,19.299191347965685,0.0,False
Brazil.regions.RS:Vila Flores,0.5272727272727272,0.0,12.556832229586933,0.0,False
Brazil.regions.SC:Arabutã,7.455607476635514,0.0,224.39663223753448,0.0,False
Brazil.regions.SC:Atalanta,0.0,0.0,16.84649632987044,0.0,False
Brazil.regions.SC:Benedito Novo,0.9126891734575089,0.0,11.709184686433641,0.0,False
Brazil.regions.SC:Entre Rios,3.7619047619047623,0.0,134.36399390286505,0.0,False
Brazil.regions.SC:Faxinal dos Guedes,4.153458213256483,0.0,22.39153354709634,0.0,False
Brazil.regions.SC:Ipumirim,13.677587911311962,0.0,170.3691980166508,0.0,False
Brazil.regions.SC:Irani,28.47008547008547,0.0,253.291632873422,0.0,False
Brazil.regions.SC:Nova Itaberaba,0.0,0.0,8.783204161765545,0.0,False
Brazil.regions.SC:Ouro,1.9557625145518043,0.0,28.64023569589763,0.0,False
Brazil.regions.SC:Rio do Oeste,0.5272727272727272,0.0,8.49647762745485,0.0,False
Brazil.regions.SC:Tunápolis,2.2995361166335324,0.0,25.922009614529703,0.0,False
Brazil.regions.SE:Carira,1.5191199580932424,0.0,36.142085204415814,0.0,False
Brazil.regions.SE:Feira Nova,1.0,0.0,21.510467265967343,0.0,False
Brazil.regions.SE:Japoatã,2.2997416020671837,0.0,39.76280443400241,0.0,False
Brazil.regions.SP:Auriflama,1.8228404099560762,0.0,33.800271078283764,0.0,False
Brazil.regions.SP:Bocaina,4.088050314465408,0.0,12.711916490895124,0.0,False
Brazil.regions.SP:Campina do Monte Alegre,0.0,0.0,2.2941139590422264,0.0,False
Brazil.regions.SP:Fernando Prestes,0.0,0.0,2.9859112979016746,0.0,False
Brazil.regions.SP:Guareí,0.5038335158817087,0.0,18.8448001596423,0.0,False
Brazil.regions.SP:Guaíra,1.5005662514156284,0.0,47.79824229983594,0.0,False
Brazil.regions.SP:Ibirarema,0.8879668049792533,0.0,9.671396867862448,0.0,False
Brazil.regions.SP:Igaratá,6.274537494704138,0.0,59.27415439562886,0.0,False
Brazil.regions.SP:Itirapina,1.4892412231030574,0.0,38.35773924168031,0.0,False
Brazil.regions.SP:Nova Aliança,1.25,0.0,17.96116514813832,0.0,False
Brazil.regions.SP:Pratânia,4.7304964539007095,0.0,56.78250761952139,0.0,False
Brazil.regions.SP:Santa Cruz da Conceição,1.0642201834862386,0.0,11.14346519413981,0.0,False
Brazil.regions.SP:Santo Expedito,0.8333333333333334,0.0,44.62452445036739,0.0,False
Brazil.regions.SP:Tanabi,9.825236315673775,0.0,165.47293567930168,0.0,False
Brazil.regions.SP:Torre de Pedra,1.0379506641366225,0.0,52.94533486655108,0.0,False
Brazil.regions.SP:Torrinha,7.096774193548386,0.0,60.19248618461916,0.0,False
Brazil.regions.SP:Valparaíso,2.26928895612708,0.0,11.506357583800568,0.0,False
Brazil.regions.SP:Álvaro de Carvalho,0.959079283887468,0.0,13.362848361325591,0.0,False
United_States_of_America.regions.Alabama:Dale,18.605945245423616,0.0,172.42777026793047,0.0,False
United_States_of_America.regions.Alabama:Walker,64.20293921175684,0.0,180.72187321460467,0.0,False
United_States_of_America.regions.Arkansas:Baxter,15.650100200400804,0.0,280.3817512351352,0.0,False
United_States_of_America.regions.Arkansas:Greene,7.78557114228457,0.0,263.16478057237316,0.0,False
United_States_of_America.regions.Arkansas:Pope,14.56312625250501,0.0,237.6022318607134,0.0,False
United_States_of_America.regions.Georgia:Banks,9.197755331088663,0.0,127.5155807076981,0.0,False
United_States_of_America.regions.Idaho:Madison,12.458517034068137,0.0,271.9975598029405,0.0,False
United_States_of_America.regions.Illinois:Stephenson,25.43580494321977,0.0,191.78887642803832,0.0,False
United_States_of_America.regions.Indiana:Wells,16.115564462257847,0.0,276.9788840430709,0.0,False
United_States_of_America.regions.Iowa:Cerro Gordo,12.142952571810287,0.0,260.87186530762835,0.0,False
United_States_of_America.regions.Kansas:Geary,7.2617449664429525,0.0,164.59245049597504,0.0,False
United_States_of_America.regions.Kentucky:Carroll,17.75639514731369,0.0,263.6983834352322,0.0,False
United_States_of_America.regions.Kentucky:Gallatin,8.575792287132494,0.0,126.85936049718141,0.0,False
United_States_of_America.regions.Kentucky:Johnson,11.040268456375838,0.0,191.3249594661312,0.0,False
United_States_of_America.regions.Kentucky:Knox,6.449158404427023,0.0,142.17832814235894,0.0,False
United_States_of_America.regions.Kentucky:Mercer,12.546559786239147,0.0,245.85208802680683,0.0,False
United_States_of_America.regions.Kentucky:Perry,5.437121351202496,0.0,168.8689161011135,0.0,False
United_States_of_America.regions.Kentucky:Rowan,6.310296550846378,0.0,127.33569478643237,0.0,False
United_States_of_America.regions.Kentucky:Whitley,7.326445372609366,0.0,144.98984196253684,0.0,False
United_States_of_America.regions.Maine:Lincoln,11.709151636606546,0.0,260.6762911428844,0.0,False
United_States_of_America.regions.Maryland:Somerset,4.537074148296593,0.0,202.97054962211251,0.0,False
United_States_of_America.regions.Minnesota:Steele,10.253974615898466,0.0,226.8863119174128,0.0,False
United_States_of_America.regions.Missouri:Warren,7.991889081455807,0.0,225.32709515698338,0.0,False
United_States_of_America.regions.North Carolina:Chowan,8.411330049261082,0.0,165.67157988614844,0.0,False
United_States_of_America.regions.Ohio:Guernsey,5.929800877489032,0.0,190.72556426269904,0.0,False
United_States_of_America.regions.Ohio:Jackson,5.837326885029678,0.0,153.720660205559,0.0,False
United_States_of_America.regions.Oregon:Columbia,11.394789579158315,0.0,265.884200139098,0.0,False
United_States_of_America.regions.Pennsylvania:Crawford,9.377020708082833,0.0,270.95671971105304,0.0,False
United_States_of_America.regions.South Carolina:Dillon,26.373413493653974,0.0,140.7609633325955,0.0,False
United_States_of_America.regions.Tennessee:Cocke,8.982631930527722,0.0,257.52280243918767,0.0,False
United_States_of_America.regions.Tennessee:Grainger,12.03563907338409,0.0,222.1377286777724,0.0,False
United_States_of_America.regions.Tennessee:Union,16.656499133448875,0.0,267.28374070462905,0.0,False
United_States_of_America.regions.Texas:Caldwell,2.1788561525129984,0.0,236.8245921139849,0.0,False
United_States_of_America.regions.Vermont:Grand Isle,9.563785144775492,0.0,138.4350198734946,0.0,False
United_States_of_America.regions.Virginia:Clarke,7.3229571984435795,0.0,175.58375425760488,0.0,False
United_States_of_America.regions.Virginia:Franklin,6.498997995991985,0.0,258.39203933079835,0.0,False
United_States_of_America.regions.Virginia:Lancaster,15.858578856152512,0.0,245.96406511072055,0.0,False
United_States_of_America.regions.Virginia:Louisa,19.11970607882432,0.0,190.6353068308708,0.0,False
United_States_of_America.regions.Virginia:Middlesex,4.903965875028822,0.0,90.38520387121753,0.0,False
United_States_of_America.regions.Virginia:Tazewell,13.913462922966163,0.0,260.4561815107199,0.0,False
United_States_of_America.regions.Virginia:Westmoreland,12.388106966924699,0.0,89.42665059022387,0.0,False
United_States_of_America.regions.West Virginia:Mineral,4.311048557353976,0.0,158.16688734974363,0.0,False
United_States_of_America.regions.West Virginia:Morgan,8.517638588912886,0.0,205.03633735620505,0.0,False
United_States_of_America.regions.Wisconsin:Pierce,14.107548430193722,0.0,276.08936836215327,0.0,False
Brazil.regions.AL:Dois Riachos,0.0,0.0,5.276806272746946,0.0,False
Brazil.regions.AL:Igaci,0.2,0.0,13.265856477779812,0.0,False
Brazil.regions.BA:Barrocas,1.3818181818181818,0.0,7.055741441594952,0.0,False
Brazil.regions.BA:Eunápolis,22.692671394799056,0.0,77.06451864708488,0.0,False
Brazil.regions.BA:Itajuípe,4.847470817120622,0.0,184.55580517255632,0.0,False
Brazil.regions.BA:Mata de São João,9.433962264150942,0.0,24.462872506637538,0.0,False
Brazil.regions.BA:Mutuípe,1.3333333333333333,0.0,3.805574113443195,0.0,False
Brazil.regions.BA:Paulo Afonso,4.390132480584742,0.0,49.87370286882994,0.0,False
Brazil.regions.CE:Cruz,29.14900947459087,0.0,83.80296159744715,0.0,False
Brazil.regions.CE:Frecheirinha,7.110951008645533,0.0,28.845496084200978,0.0,False
Brazil.regions.CE:Mulungu,2.1733648542159183,0.0,36.32052788231258,0.0,False
Brazil.regions.ES:Jerônimo Monteiro,5.92128801431127,0.0,96.87526971518098,0.0,False
Brazil.regions.GO:Nova Veneza,14.83286418015482,0.0,216.35816280012236,0.0,False
Brazil.regions.GO:Santo Antônio do Descoberto,2.4491725768321517,0.0,92.50442097279907,0.0,False
Brazil.regions.MA:Axixá,3.303317535545024,0.0,9.528174350917956,0.0,False
Brazil.regions.MA:Bela Vista do Maranhão,15.388625592417062,0.0,119.98546814725884,0.0,False
Brazil.regions.MG:Arcos,10.939082011474856,0.0,218.36447007756368,0.0,False
Brazil.regions.MG:Belo Oriente,2.6019252548131373,0.0,49.30929269262702,0.0,False
Brazil.regions.MG:Caetanópolis,1.1928429423459246,0.0,29.968195008565786,0.0,False
Brazil.regions.MG:Caratinga,3.558880936890045,0.0,35.15755460897956,0.0,False
Brazil.regions.MG:Esmeraldas,13.36118930330753,0.0,223.0040181503358,0.0,False
Brazil.regions.MG:Espera Feliz,1.6075996990218209,0.0,45.586429073007295,0.0,False
Brazil.regions.MG:Perdões,5.052250803858521,0.0,103.63435121229489,0.0,False
Brazil.regions.MG:Piraúba,0.0,0.0,5.035733549351319,0.0,False
Brazil.regions.PB:Araçagi,6.234276729559748,0.0,36.118674610467494,0.0,False
Brazil.regions.PB:Maturéia,0.8727272727272727,0.0,14.685846044869466,0.0,False
Brazil.regions.PB:São Miguel de Taipu,3.9211391018619937,0.0,51.58902425998519,0.0,False
Brazil.regions.PE:Cedro,2.4552683896620278,0.0,40.9620415966954,0.0,False
Brazil.regions.PR:Cornélio Procópio,14.487006412419845,0.0,231.63185146191137,0.0,False
Brazil.regions.PR:Jataizinho,6.669114531845786,0.0,106.98976523913753,0.0,False
Brazil.regions.PR:Mandaguaçu,1.896942242355606,0.0,45.118639936941264,0.0,False
Brazil.regions.PR:Marialva,1.4800759013282732,0.0,32.66312309446719,0.0,False
Brazil.regions.PR:União da Vitória,14.42685370741483,0.0,281.2887442516313,0.0,False
Brazil.regions.RJ:Comendador Levy Gasparian,1.0,0.0,9.05560515890423,0.0,False
Brazil.regions.RN:Pedro Velho,0.5370843989769821,0.0,18.422705360056405,0.0,False
Brazil.regions.RN:Santo Antônio,6.884522854851644,0.0,162.39816811379254,0.0,False
Brazil.regions.RN:Várzea,0.0,0.0,3.875666536610739,0.0,False
Brazil.regions.RS:Ametista do Sul,0.959079283887468,0.0,14.529787196375151,0.0,False
Brazil.regions.RS:Salvador do Sul,1.9733861834654587,0.0,30.862585899469654,0.0,False
Brazil.regions.RS:Santa Clara do Sul,1.9716088328075712,0.0,32.84466395483017,0.0,False
Brazil.regions.RS:Taquari,13.663299663299663,0.0,150.46976840750182,0.0,False
Brazil.regions.RS:Terra de Areia,1.0219619326500733,0.0,15.696577465728557,0.0,False
Brazil.regions.SC:Canelinha,19.425517702070806,0.0,284.0406190371711,0.0,False
Brazil.regions.SC:Ibirama,0.0,0.0,9.029106790326175,0.0,False
Brazil.regions.SC:Nova Erechim,5.774155995343423,0.0,132.24045021071694,0.0,False
Brazil.regions.SE:Capela,12.275686136523575,0.0,216.11020268281194,0.0,False
Brazil.regions.SE:Cristinápolis,1.1563400576368876,0.0,25.815784751947998,0.0,False
Brazil.regions.SE:Salgado,1.9765739385065886,0.0,16.384511285568895,0.0,False
Brazil.regions.SP:Garça,4.2188956362095755,0.0,111.75762814422295,0.0,False
Brazil.regions.SP:Piquete,0.0,0.0,6.983899320392328,0.0,False
Brazil.regions.SP:Regente Feijó,1.4072327044025157,0.0,25.340254692059386,0.0,False
Brazil.regions.SP:Vargem,2.2997416020671837,0.0,37.71623647195924,0.0,False
United_States_of_America.regions.Kentucky:Scott,7.3640614562458255,0.0,247.1188499090124,0.0,False
United_States_of_America.regions.Missouri:Jasper,7.2701402805611215,0.0,275.1953372586587,0.0,False
Brazil.regions.AL:Jaramataia,2.0605355064027937,0.0,27.74933272109703,0.0,False
Brazil.regions.AL:Poço das Trincheiras,0.7715582450832073,0.0,18.392978344435384,0.0,False
Brazil.regions.AL:Roteiro,1.9,0.0,29.211255317577674,0.0,False
Brazil.regions.BA:Camacan,2.4794188861985473,0.0,120.07185314423839,0.0,False
Brazil.regions.BA:Itamari,0.0,0.0,1.8606009295882764,0.0,False
Brazil.regions.BA:Laje,0.9510703363914375,0.0,40.87943267034335,0.0,False
Brazil.regions.BA:Ouriçangas,13.44678811121764,0.0,195.00115495691767,0.0,False
Brazil.regions.BA:Rio Real,1.6201664219285368,0.0,50.343596223844564,0.0,False
Brazil.regions.CE:Graça,3.156333851150967,0.0,51.790600135901244,0.0,False
Brazil.regions.CE:Missão Velha,2.489193083573487,0.0,34.517644242881914,0.0,False
Brazil.regions.CE:Nova Olinda,2.843714609286523,0.0,15.150927818298054,0.0,False
Brazil.regions.ES:Atilio Vivacqua,0.0,0.0,5.928135559416557,0.0,False
Brazil.regions.ES:Rio Novo do Sul,2.4836448598130842,0.0,54.593910010026285,0.0,False
Brazil.regions.GO:Caldas Novas,15.375020249473513,0.0,243.1810038331848,0.0,False
Brazil.regions.GO:São Simão,0.0,0.0,9.462363803114926,0.0,False
Brazil.regions.MA:Apicum-Açu,8.606600314300682,0.0,23.844142220992175,0.0,False
Brazil.regions.MA:Coelho Neto,49.55581761006289,0.0,59.85338866672819,0.0,False
Brazil.regions.MA:Matinha,23.839729119638825,0.0,56.975542233459564,0.0,False
Brazil.regions.MA:São Mateus do Maranhão,44.88993710691824,0.0,69.86081933730829,0.0,False
Brazil.regions.MA:São Vicente Ferrer,12.10581456259822,0.0,29.67997020819566,0.0,False
Brazil.regions.MG:Cambuquira,8.059055619193074,0.0,127.60577340134459,0.0,False
Brazil.regions.MG:Carandaí,1.2486308871851042,0.0,28.247839619690836,0.0,False
Brazil.regions.MG:Elói Mendes,1.4457831325301207,0.0,19.010634934484784,0.0,False
Brazil.regions.MG:Ervália,0.0,0.0,9.013746246953936,0.0,False
Brazil.regions.MG:Leopoldina,2.6935914552736984,0.0,79.86648988065166,0.0,False
Brazil.regions.MG:Muzambinho,1.892966360856269,0.0,43.659424123145186,0.0,False
Brazil.regions.MG:Naque,0.0,0.0,0.012269426796921223,0.0,False
Brazil.regions.MG:Paraguaçu,1.9285714285714286,0.0,0.6931203219543904,0.0,False
Brazil.regions.MG:Pirapetinga,6.036977491961415,0.0,102.57093490816004,0.0,False
Brazil.regions.MG:Vargem Alegre,0.6393861892583119,0.0,12.072890499872413,0.0,False
Brazil.regions.PA:Santa Maria do Pará,19.461576113558493,0.0,53.284170977380576,0.0,False
Brazil.regions.PB:Aroeiras,3.8363636363636364,0.0,7.605674240894711,0.0,False
Brazil.regions.PB:Bom Jesus,3.2393162393162394,0.0,26.12591373855164,0.0,False
Brazil.regions.PB:Cachoeira dos Índios,0.0,0.0,4.544339852938796,0.0,False
Brazil.regions.PB:Caiçara,3.3158721843897325,0.0,45.217126584466016,0.0,False
Brazil.regions.PB:Catolé do Rocha,3.666666666666667,0.0,4.36500141862546,0.0,False
Brazil.regions.PB:Jacaraú,3.619047619047619,0.0,18.12747004830214,0.0,False
Brazil.regions.PB:Mulungu,1.3363695510735198,0.0,12.409260269471984,0.0,False
Brazil.regions.PB:Natuba,0.2,0.0,7.601665502085163,0.0,False
Brazil.regions.PB:Rio Tinto,9.81516587677725,0.0,8.1530326153074,0.0,False
Brazil.regions.PB:Uiraúna,1.1566617862371888,0.0,29.452486952751684,0.0,False
Brazil.regions.PE:Altinho,1.0755057079911876,0.0,45.700667706793105,0.0,False
Brazil.regions.PE:Jatobá,2.7218105347486485,0.0,52.6083037235065,0.0,False
Brazil.regions.PE:Poção,2.2070899258962546,0.0,44.2698587678022,0.0,False
Brazil.regions.PR:Goioerê,12.879475133646524,0.0,230.38280496033366,0.0,False
Brazil.regions.PR:Guarapuava,10.231128924515696,0.0,286.593934331809,0.0,False
Brazil.regions.PR:Japurá,3.532946124574404,0.0,54.23893508211999,0.0,False
Brazil.regions.PR:Piên,0.0,0.0,6.460553026032798,0.0,False
Brazil.regions.RJ:Quatis,9.774653797733947,0.0,162.8374551777091,0.0,False
Brazil.regions.RJ:Varre-Sai,0.0,0.0,5.215242554298351,0.0,False
Brazil.regions.RN:Caicó,14.934630350194553,0.0,250.2215323662737,0.0,False
Brazil.regions.RN:Campo Redondo,1.5840978593272173,0.0,33.55997420965177,0.0,False
Brazil.regions.RN:Currais Novos,2.279706275033378,0.0,80.99112614554201,0.0,False
Brazil.regions.RN:Martins,1.0,0.0,8.61648445794442,0.0,False
Brazil.regions.RN:Paraná,0.0,0.0,9.201135613842862,0.0,False
Brazil.regions.RS:Fazenda Vilanova,1.6680497925311202,0.0,20.806701384535067,0.0,False
Brazil.regions.RS:Getúlio Vargas,0.32415902140672787,0.0,31.68907941737176,0.0,False
Brazil.regions.SC:Catanduvas,3.0632054176072234,0.0,15.312254587796462,0.0,False
Brazil.regions.SC:Cordilheira Alta,0.0,0.0,8.150619071163545,0.0,False
Brazil.regions.SC:Cunha Porã,1.6929460580912863,0.0,19.917833208541666,0.0,False
Brazil.regions.SC:Ilhota,1.1046202867764208,0.0,42.51568828423218,0.0,False
Brazil.regions.SC:Imbuia,0.0,0.0,1.8306887614409373,0.0,False
Brazil.regions.SC:Lauro Muller,0.0,0.0,7.746193628938745,0.0,False
Brazil.regions.SC:Nova Veneza,3.690253671562083,0.0,31.597220070453808,0.0,False
Brazil.regions.SC:Santa Rosa do Sul,3.0732860520094567,0.0,52.31645489367302,0.0,False
Brazil.regions.SC:Seara,4.1941896024464835,0.0,21.87501422360935,0.0,False
Brazil.regions.SC:Turvo,1.7627567925778664,0.0,36.31033146665972,0.0,False
Brazil.regions.SE:Arauá,1.9518542615484713,0.0,32.285362846644524,0.0,False
Brazil.regions.SE:Divina Pastora,1.4183474300585555,0.0,16.053696079049725,0.0,False
Brazil.regions.SE:Indiaroba,1.460044061686361,0.0,47.73645653059065,0.0,False
Brazil.regions.SE:Macambira,1.5662650602409638,0.0,22.231045307137258,0.0,False
Brazil.regions.SE:Nossa Senhora das Dores,1.5333333333333334,0.0,7.379593919616037,0.0,False
Brazil.regions.SE:Poço Verde,1.8181818181818181,0.0,9.141975553871173,0.0,False
Brazil.regions.SE:Santo Amaro das Brotas,3.147197485594552,0.0,10.31650161110096,0.0,False
Brazil.regions.SE:Siriri,1.3333333333333333,0.0,13.972614918818929,0.0,False
Brazil.regions.SP:Bilac,6.2316784869976365,0.0,91.01038925863189,0.0,False
Brazil.regions.SP:Buritama,2.9692671394799057,0.0,62.42007392897602,0.0,False
Brazil.regions.SP:Catiguá,0.2,0.0,4.353440405822482,0.0,False
Brazil.regions.SP:Cândido Mota,1.2738589211618259,0.0,31.77566303633134,0.0,False
Brazil.regions.SP:Itapeva,4.1261240488817155,0.0,147.65099954049938,0.0,False
Brazil.regions.SP:Itararé,14.333445831927099,0.0,231.54731087312604,0.0,False
Brazil.regions.SP:Itobi,1.4800759013282732,0.0,22.726866614001548,0.0,False
Brazil.regions.SP:Monte Aprazível,0.4052573932092004,0.0,22.725666891344037,0.0,False
Brazil.regions.SP:Pirangi,1.9333333333333336,0.0,11.386528860471225,0.0,False
Brazil.regions.SP:Potirendaba,0.8928571428571429,0.0,3.4032247236179995,0.0,False
Brazil.regions.SP:Promissão,12.383884588318084,0.0,217.97703443195493,0.0,False
Brazil.regions.SP:Santa Lúcia,6.320478554155529,0.0,97.85445373280126,0.0,False
Brazil.regions.SP:Serra Azul,0.7928388746803068,0.0,18.677246868704234,0.0,False
Brazil.regions.SP:Taquarituba,2.291196388261851,0.0,59.66831327963754,0.0,False
Brazil.regions.SP:Tuiuti,1.5045871559633026,0.0,21.14408875101299,0.0,False
Brazil.regions.SP:Águas da Prata,2.2997416020671837,0.0,34.98166487386725,0.0,False
United_States_of_America.regions.Georgia:Polk,5.055444221776887,0.0,233.59317420547737,0.0,False
United_States_of_America.regions.Idaho:Kootenai,33.081496325985306,0.0,259.91846991754375,0.0,False
United_States_of_America.regions.Kentucky:Clark,8.464796259185038,0.0,246.93381409515442,0.0,False
United_States_of_America.regions.Kentucky:Montgomery,12.802271209084836,0.0,263.1199234109928,0.0,False
United_States_of_America.regions.Kentucky:Woodford,10.956579826319306,0.0,229.7469871169956,0.0,False
United_States_of_America.regions.North Carolina:Alexander,10.00778151889263,0.0,241.09537098749814,0.0,False
United_States_of_America.regions.North Carolina:Hoke,33.83433533734135,0.0,194.02985896700915,0.0,False
United_States_of_America.regions.Ohio:Lawrence,7.984635938543755,0.0,255.56999543088403,0.0,False
United_States_of_America.regions.Ohio:Muskingum,4.272277889111556,0.0,270.9337988496285,0.0,False
United_States_of_America.regions.Ohio:Union,5.312224448897796,0.0,262.0226944031674,0.0,False
United_States_of_America.regions.Pennsylvania:Montour,22.56980627922512,0.0,135.93558531336546,0.0,False
United_States_of_America.regions.Tennessee:Cheatham,13.716766867067468,0.0,208.39757050438533,0.0,False
United_States_of_America.regions.Tennessee:Coffee,20.310583153347736,0.0,203.81768928155796,0.0,False
United_States_of_America.regions.Tennessee:Roane,13.99799599198397,0.0,279.0537216116036,0.0,False
United_States_of_America.regions.Texas:Grayson,30.353106212424848,0.0,254.96478991767364,0.0,False
United_States_of_America.regions.Virginia:Prince George,15.336673346693388,0.0,202.90698146122688,0.0,False
United_States_of_America.regions.West Virginia:Mercer,12.959118236472946,0.0,278.09880112121783,0.0,False
Brazil.regions.AC:Feijó,1.5435684647302903,0.0,34.93639862701443,0.0,False
Brazil.regions.AC:Sena Madureira,11.766703176341732,0.0,5.725227066602086,0.0,False
Brazil.regions.AM:Canutama,10.813138393751254,0.0,47.81957757935034,0.0,False
Brazil.regions.AM:Humaitá,6.689198144466535,0.0,31.13421250842063,0.0,False
Brazil.regions.AM:Itamarati,1.0,0.0,11.168310206785938,0.0,False
Brazil.regions.PA:Alenquer,4.530011325028314,0.0,39.02158582501869,0.0,False
Brazil.regions.RR:Amajari,8.349397590361447,0.0,50.65372519580934,0.0,False
United_States_of_America.regions.Idaho:Idaho,17.52304609218437,0.0,274.7319453340292,0.0,False
United_States_of_America.regions.Nevada:Lincoln,0.690537084398977,0.0,10.465715730539822,0.0,False
United_States_of_America.regions.Nevada:White Pine,8.530089923910538,0.0,132.5533291794442,0.0,False
United_States_of_America.regions.Oregon:Harney,2.3584905660377355,0.0,34.52076666637057,0.0,False
United_States_of_America.regions.Oregon:Malheur,7.095719844357977,0.0,217.4980658163903,0.0,False
United_States_of_America.regions.Wyoming:Sweetwater,8.820307281229125,0.0,254.18884430866106,0.0,False
Brazil.regions.AL:Colônia Leopoldina,2.2682032477737035,0.0,29.8272078501639,0.0,False
Brazil.regions.AL:Junqueiro,8.320844099913867,0.0,10.557587749591207,0.0,False
Brazil.regions.AL:São José da Laje,9.78178368121442,0.0,23.20646468345073,0.0,False
Brazil.regions.BA:Ibicaraí,2.0161527165932456,0.0,31.6158239286933,0.0,False
Brazil.regions.BA:Nazaré,1.9518542615484713,0.0,38.723977943033745,0.0,False
Brazil.regions.BA:Senhor do Bonfim,0.0,0.0,13.040569160869024,0.0,False
Brazil.regions.BA:São Felipe,1.5369496855345912,0.0,39.10509013096356,0.0,False
Brazil.regions.CE:Aratuba,2.669106881405564,0.0,14.170370962748523,0.0,False
Brazil.regions.GO:Ceres,2.6386971145335454,0.0,65.15127225451336,0.0,False
Brazil.regions.MA:São Bento,21.16996507566938,0.0,14.289048175176456,0.0,False
Brazil.regions.MG:Alfenas,12.915175097276265,0.0,248.33995522635917,0.0,False
Brazil.regions.MG:Bela Vista de Minas,0.8762322015334064,0.0,16.691214394770864,0.0,False
Brazil.regions.MG:Bicas,2.6483180428134556,0.0,45.2939845194077,0.0,False
Brazil.regions.MG:Campo Belo,17.08817635270541,0.0,286.03360916758754,0.0,False
Brazil.regions.MG:Carangola,4.673554627390636,0.0,151.81737071979427,0.0,False
Brazil.regions.MG:Lambari,6.462212486308872,0.0,14.350937458518779,0.0,False
Brazil.regions.MG:Mateus Leme,0.0,0.0,11.089269447433523,0.0,False
Brazil.regions.MG:Matias Barbosa,6.914132379248658,0.0,106.30897259421671,0.0,False
Brazil.regions.MG:Pirapora,8.377723970944311,0.0,147.9870997581014,0.0,False
Brazil.regions.MG:Três Corações,17.867138364779873,0.0,21.342124617304098,0.0,False
Brazil.regions.PB:Cacimba de Dentro,2.4,0.0,7.0779117163861,0.0,False
Brazil.regions.PB:Pilões,1.1867219917012448,0.0,17.780976297252025,0.0,False
Brazil.regions.PB:Serraria,0.0,0.0,2.089978867991446,0.0,False
Brazil.regions.PB:Teixeira,0.6649616368286446,0.0,15.611128172488323,0.0,False
Brazil.regions.PE:Afogados da Ingazeira,1.0301464254952628,0.0,35.58555104361866,0.0,False
Brazil.regions.PE:Jucati,1.6275085658345572,0.0,35.970497093650486,0.0,False
Brazil.regions.PE:Jurema,2.108154020385051,0.0,17.307158952641828,0.0,False
Brazil.regions.PE:Sanharó,3.5280580633740484,0.0,72.51676996004068,0.0,False
Brazil.regions.PE:São Benedito do Sul,0.5272727272727272,0.0,15.558108671850004,0.0,False
Brazil.regions.PE:São Caitano,5.869249394673124,0.0,108.21188232575848,0.0,False
Brazil.regions.PE:Vertente do Lério,0.8333333333333334,0.0,10.15277297337969,0.0,False
Brazil.regions.PR:Dois Vizinhos,3.9804364183596688,0.0,68.79030928461368,0.0,False
Brazil.regions.PR:Mandaguari,2.916857012334399,0.0,53.883258325095206,0.0,False
Brazil.regions.RJ:Itaperuna,4.534515819750719,0.0,195.84456340244665,0.0,False
Brazil.regions.RJ:São José do Vale do Rio Preto,4.9171469740634,0.0,25.873691808253206,0.0,False
Brazil.regions.RN:Lagoa Salgada,1.650078575170246,0.0,26.81048970457248,0.0,False
Brazil.regions.RN:Maxaranguape,1.6680497925311202,0.0,30.086104025187996,0.0,False
Brazil.regions.RS:Carazinho,12.4634488283597,0.0,37.6447112360841,0.0,False
Brazil.regions.RS:Harmonia,8.835606378514475,0.0,122.18947498084655,0.0,False
Brazil.regions.RS:Tapejara,15.681957186544343,0.0,28.865487595561,0.0,False
Brazil.regions.SC:Araquari,8.360849056603774,0.0,18.263116870909993,0.0,False
Brazil.regions.SC:Balneário Barra do Sul,0.7276330690826728,0.0,24.68939184571472,0.0,False
Brazil.regions.SC:Herval d'Oeste,1.7610985703536495,0.0,49.41744543811995,0.0,False
Brazil.regions.SC:Passo de Torres,1.595900439238653,0.0,26.47782893767813,0.0,False
Brazil.regions.SC:Pescaria Brava,17.43509165731388,0.0,253.82539621058433,0.0,False
Brazil.regions.SP:Canas,1.2486308871851042,0.0,16.806916506849426,0.0,False
Brazil.regions.SP:Cesário Lange,0.0,0.0,8.795902581949782,0.0,False
Brazil.regions.SP:Ilhabela,3.980862347244639,0.0,125.90512154234207,0.0,False
Brazil.regions.SP:Itapuí,1.062618595825427,0.0,16.25546555818472,0.0,False
Brazil.regions.SP:Morungaba,3.6154452324665094,0.0,34.38070963569722,0.0,False
Brazil.regions.SP:Pindorama,7.279621894921962,0.0,143.11164338548443,0.0,False
Brazil.regions.SP:Pinhalzinho,2.6483180428134556,0.0,45.6174721857576,0.0,False
Brazil.regions.SP:Taguaí,0.4219948849104859,0.0,16.936010084136065,0.0,False
Brazil.regions.SP:Taquaritinga,2.6617264169837775,0.0,61.576335595173084,0.0,False
Brazil.regions.SP:Vista Alegre do Alto,2.983097304705345,0.0,45.63205626077482,0.0,False
Dominica,11.92571810287241,0.0,270.5994151302853,0.0,False
United_States_of_America.regions.Arkansas:Sebastian,11.72879091516366,0.0,283.28848743250444,0.0,False
United_States_of_America.regions.Kansas:Douglas,22.784769539078162,0.0,256.8673173996703,0.0,False
United_States_of_America.regions.Kentucky:Franklin,9.86372745490982,0.0,265.40057802964094,0.0,False
United_States_of_America.regions.Massachusetts:Nantucket,12.967802271209088,0.0,213.82484811356025,0.0,False
United_States_of_America.regions.Missouri:Platte,14.037140948563797,0.0,259.20603467653075,0.0,False
United_States_of_America.regions.Texas:Guadalupe,55.20721442885771,0.0,246.87996209922474,0.0,False
United_States_of_America.regions.West Virginia:Brooke,10.157994125052456,0.0,172.41747553006624,0.0,False
United_States_of_America.regions.Wisconsin:La Crosse,7.774081496325987,0.0,270.36597877227933,0.0,False
Brazil.regions.AL:Coqueiro Seco,2.0547147846332945,0.0,39.913363991124925,0.0,False
Brazil.regions.BA:Amélia Rodrigues,2.217957276368492,0.0,75.58754076522611,0.0,False
Brazil.regions.BA:Conceição da Feira,0.5714285714285714,0.0,7.347077328620172,0.0,False
Brazil.regions.BA:Santo Estêvão,0.7715582450832073,0.0,23.452033314966098,0.0,False
Brazil.regions.BA:Serrinha,7.623873378764566,0.0,168.57418876158198,0.0,False
Brazil.regions.BA:Teixeira de Freitas,7.943219772879092,0.0,283.63861512355055,0.0,False
Brazil.regions.CE:São Benedito,5.928652321630805,0.0,33.39840716046176,0.0,False
Brazil.regions.ES:Venda Nova do Imigrante,7.489558144647176,0.0,98.98629968748287,0.0,False
Brazil.regions.PB:Arara,0.6,0.0,3.0778936501715783,0.0,False
Brazil.regions.PB:Duas Estradas,0.4,0.0,27.32650011696353,0.0,False
Brazil.regions.PB:Juripiranga,11.657174151150056,0.0,97.11491286681098,0.0,False
Brazil.regions.PB:Lucena,14.706761006289307,0.0,90.18167289604598,0.0,False
Brazil.regions.PR:Medianeira,10.843772498200144,0.0,255.35064124233818,0.0,False
Brazil.regions.PR:Pontal do Paraná,1.13464447806354,0.0,14.69250694284317,0.0,False
Brazil.regions.PR:Rolândia,12.30310262529833,0.0,212.3446407378462,0.0,False
Brazil.regions.RN:Goianinha,1.6112531969309463,0.0,14.465914183775876,0.0,False
Brazil.regions.RN:São Miguel,7.792735042735042,0.0,12.629904452368509,0.0,False
Brazil.regions.RN:Tibau do Sul,0.0,0.0,7.25396546749235,0.0,False
Brazil.regions.RS:Feliz,1.0157232704402515,0.0,26.570295382304177,0.0,False
Brazil.regions.SC:Forquilhinha,7.40382501648714,0.0,156.7183435419283,0.0,False
Brazil.regions.SC:Tijucas,13.384769539078157,0.0,273.87861376311423,0.0,False
Brazil.regions.SC:Videira,9.245188452285486,0.0,188.22782294801996,0.0,False
Brazil.regions.SP:Guariba,1.8604651162790695,0.0,36.01505134168439,0.0,False
Brazil.regions.SP:Serra Negra,0.8040770101925255,0.0,43.52923773660065,0.0,False
United_States_of_America.regions.Kentucky:Oldham,6.793453573814294,0.0,251.4629806962345,0.0,False
Brazil.regions.BA:Candeias,9.950972762645915,0.0,224.59288565862292,0.0,False
Brazil.regions.MG:Conselheiro Lafaiete,11.950787750044256,0.0,66.76409955090428,0.0,False
Brazil.regions.SC:Chapecó,75.99866399465597,0.0,249.99852733731439,0.0,False
Brazil.regions.SC:Timbó,6.148757016840417,0.0,154.52279329125528,0.0,False
Brazil.regions.AL:Feira Grande,1.4,0.0,3.4787583401456343,0.0,False
Brazil.regions.AL:Palestina,2.3584905660377355,0.0,29.752204699242828,0.0,False
Brazil.regions.AL:Taquarana,2.421800947867299,0.0,18.164025751032245,0.0,False
Brazil.regions.BA:Pojuca,16.220302375809933,0.0,266.24124435441416,0.0,False
Brazil.regions.BA:São Gonçalo dos Campos,1.3736903376018625,0.0,38.76517825532278,0.0,False
Brazil.regions.MG:Manhumirim,0.0,0.0,9.90222334116023,0.0,False
Brazil.regions.MG:Ponte Nova,1.0721062618595825,0.0,32.297776449024724,0.0,False
Brazil.regions.MG:Santana do Paraíso,11.46557543030712,0.0,221.3290746041327,0.0,False
Brazil.regions.PB:Mamanguape,9.056872037914692,0.0,18.8598277116357,0.0,False
Brazil.regions.PB:Pirpirituba,2.745241581259151,0.0,12.363063537311222,0.0,False
Brazil.regions.PB:Serra Redonda,1.4976303317535546,0.0,21.605071828123574,0.0,False
Brazil.regions.PE:Casinhas,0.2857142857142857,0.0,5.340847372741883,0.0,False
Brazil.regions.PE:Salgadinho,0.0,0.0,5.147803811156704,0.0,False
Brazil.regions.PR:Quatro Barras,15.848249027237355,0.0,246.20837638380797,0.0,False
Brazil.regions.RJ:Aperibé,2.013669821240799,0.0,12.99734604610402,0.0,False
Brazil.regions.RJ:Itatiaia,4.290556900726393,0.0,132.1370352707621,0.0,False
Brazil.regions.RN:Arês,1.2775157232704402,0.0,33.50090699640661,0.0,False
Brazil.regions.RN:Nova Cruz,0.4499738082765845,0.0,35.739055598944894,0.0,False
Brazil.regions.RS:Arroio do Meio,26.797516523132387,0.0,86.43835653002724,0.0,False
Brazil.regions.RS:Taquara,19.432732130928525,0.0,290.4578400229108,0.0,False
Brazil.regions.SC:Joaçaba,5.893520080998988,0.0,191.1248281663388,0.0,False
Brazil.regions.SC:Schroeder,10.351625547613558,0.0,157.7175241985985,0.0,False
Brazil.regions.SC:Xanxerê,19.47817836812144,0.0,12.67957220347916,0.0,False
Brazil.regions.SE:Areia Branca,6.497641509433962,0.0,24.059435546084675,0.0,False
Brazil.regions.SE:Boquim,2.910360884749709,0.0,21.575153847045737,0.0,False
Brazil.regions.SE:Malhador,2.8038067349926794,0.0,9.338760704694856,0.0,False
Brazil.regions.SE:Riachuelo,1.578005115089514,0.0,9.773500849441623,0.0,False
Brazil.regions.SP:Araçoiaba da Serra,1.9092009685230025,0.0,122.59389068357099,0.0,False
Brazil.regions.SP:Areiópolis,1.942691903259727,0.0,9.143595108702813,0.0,False
Brazil.regions.SP:Fernandópolis,5.933018124507488,0.0,85.18553815034127,0.0,False
Brazil.regions.SP:Jales,7.89294350406683,0.0,165.82611954276874,0.0,False
Brazil.regions.SP:Osvaldo Cruz,1.169965075669383,0.0,38.03440012007044,0.0,False
Brazil.regions.SP:Severínia,3.2142857142857144,0.0,9.986341451927208,0.0,False
Brazil.regions.SP:São Joaquim da Barra,1.9689586114819764,0.0,84.0184355276667,0.0,False
Brazil.regions.SP:São José do Rio Pardo,13.524513618677044,0.0,246.67391043040803,0.0,False
United_States_of_America.regions.Arkansas:Benton,60.309953239812955,0.0,263.28772580866587,0.0,False
United_States_of_America.regions.West Virginia:Cabell,23.227069834413246,0.0,227.52728993667426,0.0,False
United_States_of_America.regions.West Virginia:Hancock,12.332798931195729,0.0,258.710005674045,0.0,False
Brazil.regions.AC:Bujari,4.72190403461881,0.0,91.43142303112091,0.0,False
Brazil.regions.AP:Itaubal,3.904303510758777,0.0,85.43098857807587,0.0,False
Brazil.regions.BA:Mucugê,0.7585470085470085,0.0,19.264211294222953,0.0,False
Brazil.regions.BA:Rodelas,0.0,0.0,3.5891866896828457,0.0,False
Brazil.regions.GO:Alto Paraíso de Goiás,0.0,0.0,1.1896773534970517,0.0,False
Brazil.regions.GO:Aporé,0.0,0.0,9.514715434354253,0.0,False
Brazil.regions.GO:Campo Alegre de Goiás,0.2,0.0,3.9904153119745858,0.0,False
Brazil.regions.GO:Chapadão do Céu,2.1904761904761907,0.0,17.500305696020938,0.0,False
Brazil.regions.GO:Colinas do Sul,0.0,1.0,15.262151134213022,29.568302779420463,False
Brazil.regions.GO:Doverlândia,0.0,0.0,0.6486810087693105,0.0,False
Brazil.regions.GO:Faina,6.914132379248658,0.0,98.22631934959843,0.0,False
Brazil.regions.GO:Itajá,0.0,0.0,7.725132778674469,0.0,False
Brazil.regions.GO:Ivolândia,0.0,0.0,27.887941181796776,0.0,False
Brazil.regions.MA:Sambaíba,0.0,0.0,3.3274226803083398,0.0,False
Brazil.regions.MG:Olhos-d'Água,2.0,0.0,34.90644677998941,0.0,False
Brazil.regions.MS:Bodoquena,0.0,0.0,1.6077389467947434,0.0,False
Brazil.regions.MS:Jateí,1.9518542615484713,0.0,22.42413300074483,0.0,False
Brazil.regions.MS:Selvíria,3.9804364183596688,0.0,56.08509079672468,0.0,False
Brazil.regions.MT:Alto Garças,0.0,0.0,5.9935996917577326,0.0,False
Brazil.regions.MT:Conquista D'Oeste,5.549065420560749,0.0,69.73706497363561,0.0,False
Brazil.regions.MT:Ipiranga do Norte,1.8606048467854999,0.0,29.9939047348147,0.0,False
Brazil.regions.MT:Juscimeira,0.7999999999999999,0.0,3.892915375944782,0.0,False
Brazil.regions.MT:Lambari D'Oeste,10.351625547613558,0.0,146.2594389362265,0.0,False
Brazil.regions.MT:Pontal do Araguaia,1.5203850509626273,0.0,21.188769658320133,0.0,False
Brazil.regions.MT:Porto Alegre do Norte,0.0,0.0,6.3170168685037575,0.0,False
Brazil.regions.PA:Piçarra,0.0,0.0,6.60258489380154,0.0,False
Brazil.regions.PI:Alvorada do Gurguéia,2.6925254813137034,0.0,35.46898621702938,0.0,False
Brazil.regions.PI:Curimatá,1.0,0.0,3.2561946842621747,0.0,False
Brazil.regions.PI:Currais,0.0,0.0,5.879556873161553,0.0,False
Brazil.regions.PI:Dom Inocêncio,0.0,0.0,3.8415220930935856,0.0,False
Brazil.regions.PI:Morro Cabeça no Tempo,2.3584905660377355,0.0,28.263150742900294,0.0,False
Brazil.regions.PI:Redenção do Gurguéia,0.959079283887468,0.0,16.634768665003964,0.0,False
Brazil.regions.PI:São José do Peixe,1.2486308871851042,0.0,15.324138883475907,0.0,False
Brazil.regions.RO:Alto Alegre dos Parecis,1.1537335285505124,0.0,18.730273314413843,0.0,False
Brazil.regions.RO:Alvorada D'Oeste,1.2144212523719164,0.0,22.064886377190362,0.0,False
Brazil.regions.RO:Cacaulândia,0.3333333333333333,0.0,7.095667509420701,0.0,False
Brazil.regions.RO:Rio Crespo,0.16666666666666666,0.0,16.689243324682742,0.0,False
Brazil.regions.RO:Theobroma,1.0438116100766703,0.0,16.87104029160469,0.0,False
Brazil.regions.RS:Bom Jesus,0.7715582450832073,0.0,16.53283188494334,0.0,False
Brazil.regions.RS:Lavras do Sul,7.0,0.0,92.64572001254658,0.0,False
Brazil.regions.TO:Abreulândia,0.9309967141292442,0.0,41.005817424199904,0.0,False
Brazil.regions.TO:Aliança do Tocantins,0.8056265984654732,0.0,12.513784288588628,0.0,False
Brazil.regions.TO:Bandeirantes do Tocantins,1.8700890518596125,0.0,14.350078241470701,0.0,False
Brazil.regions.TO:Caseara,0.0,0.0,4.319290709048472,0.0,False
Brazil.regions.TO:Couto Magalhães,3.602305475504323,0.0,76.70446088455127,0.0,False
Brazil.regions.TO:Darcinópolis,6.370843989769821,0.0,108.59642571231603,0.0,False
Brazil.regions.TO:Dueré,2.577777777777778,0.0,63.45100850329648,0.0,False
Brazil.regions.TO:Figueirópolis,0.8169440242057487,0.0,14.890324620477745,0.0,False
Brazil.regions.TO:Marianópolis do Tocantins,0.5833333333333334,0.0,16.28966155930142,0.0,False
Brazil.regions.TO:Novo Acordo,1.2486308871851042,0.0,16.076114085380212,0.0,False
United_States_of_America.regions.Arkansas:Newton,15.803217358772914,0.0,229.7886890659579,0.0,False
United_States_of_America.regions.Arkansas:Scott,16.78443579766537,0.0,244.70015516183747,0.0,False
United_States_of_America.regions.California:Alpine,16.767676767676768,0.0,155.49193160607894,0.0,False
United_States_of_America.regions.Colorado:Archuleta,12.68312757201646,0.0,211.09822643204248,0.0,False
United_States_of_America.regions.Colorado:Conejos,1.2486308871851042,0.0,19.98156403350443,0.0,False
United_States_of_America.regions.Colorado:Costilla,17.305678022712094,0.0,221.21369593813156,0.0,False
United_States_of_America.regions.Colorado:Custer,14.554843064461695,0.0,198.34327002063412,0.0,False
United_States_of_America.regions.Colorado:Hinsdale,17.810955243820978,0.0,118.09165628790646,0.0,False
United_States_of_America.regions.Colorado:Mineral,17.18401727861771,0.0,161.30276017807626,0.0,False
United_States_of_America.regions.Colorado:Phillips,12.170744481855593,0.0,141.6683038400958,0.0,False
United_States_of_America.regions.Colorado:Rio Grande,14.786372745490985,0.0,233.88101444088898,0.0,False
United_States_of_America.regions.Colorado:San Juan,1.4800759013282732,0.0,101.88229542661057,0.0,False
United_States_of_America.regions.Colorado:San Miguel,8.297929191716767,0.0,136.51753412059054,0.0,False
United_States_of_America.regions.Georgia:Clinch,8.90113560454242,0.0,121.15772757738094,0.0,False
United_States_of_America.regions.Idaho:Adams,15.126848249027237,0.0,194.94982390435328,0.0,False
United_States_of_America.regions.Idaho:Camas,16.78443579766537,0.0,187.64517881099098,0.0,False
United_States_of_America.regions.Idaho:Lincoln,7.470710571923743,0.0,169.46873742027316,0.0,False
United_States_of_America.regions.Idaho:Power,10.765002098195552,0.0,156.7731285735512,0.0,False
United_States_of_America.regions.Idaho:Washington,9.673472831589606,0.0,169.00722024754347,0.0,False
United_States_of_America.regions.Kansas:Barber,12.005874947545111,0.0,164.2261023489079,0.0,False
United_States_of_America.regions.Kansas:Chase,3.3085501858736057,0.0,37.19764193956268,0.0,False
United_States_of_America.regions.Kansas:Chautauqua,14.238132295719845,0.0,167.20910147005236,0.0,False
United_States_of_America.regions.Kansas:Cheyenne,1.611111111111111,0.0,27.725879214749636,0.0,False
United_States_of_America.regions.Kansas:Clark,11.101472134595163,0.0,677.5544844715735,0.0,False
United_States_of_America.regions.Kansas:Edwards,0.35976505139500736,0.0,83.41936812075049,0.0,False
United_States_of_America.regions.Kansas:Ellsworth,1.281112737920937,0.0,16.782357751934804,0.0,False
United_States_of_America.regions.Kansas:Gove,19.425517702070806,0.0,255.9017564988007,0.0,False
United_States_of_America.regions.Kansas:Gray,4.654837013669822,0.0,86.91402246417529,0.0,False
United_States_of_America.regions.Kansas:Greenwood,12.445382779511657,0.0,171.7442564763534,0.0,False
United_States_of_America.regions.Kansas:Hamilton,4.415171184930635,0.0,108.91334649013413,0.0,False
United_States_of_America.regions.Kansas:Harper,2.2322274881516586,0.0,29.27916935085682,0.0,False
United_States_of_America.regions.Kansas:Haskell,8.335470085470085,0.0,256.25659630639376,0.0,False
United_States_of_America.regions.Kansas:Jewell,11.387919955939049,0.0,140.90837668521587,0.0,False
United_States_of_America.regions.Kansas:Kiowa,1.9847528916929544,0.0,20.656782872295782,0.0,False
United_States_of_America.regions.Kansas:Meade,14.210079275198186,0.0,391.6413497738836,0.0,False
United_States_of_America.regions.Kansas:Mitchell,18.00948563794255,0.0,252.2188333784047,0.0,False
United_States_of_America.regions.Kansas:Morris,17.918503674014698,0.0,247.90927311699005,0.0,False
United_States_of_America.regions.Kansas:Morton,10.691659983961507,0.0,108.05715092565745,0.0,False
United_States_of_America.regions.Kansas:Ness,0.0,0.0,22.057484718428913,0.0,False
United_States_of_America.regions.Kansas:Norton,1.5191199580932424,0.0,17.130634683075144,0.0,False
United_States_of_America.regions.Kansas:Osborne,13.907547501759323,0.0,173.26291498879252,0.0,False
United_States_of_America.regions.Kansas:Ottawa,16.878423513694056,0.0,230.73548158811897,0.0,False
United_States_of_America.regions.Kansas:Phillips,8.717067583046964,0.0,119.28734055219934,0.0,False
United_States_of_America.regions.Kansas:Republic,10.754074784276126,0.0,144.76947701478616,0.0,False
United_States_of_America.regions.Kansas:Rooks,8.00660931598825,0.0,107.00342481975497,0.0,False
United_States_of_America.regions.Kansas:Scott,9.362463281577842,0.0,111.34697878655528,0.0,False
United_States_of_America.regions.Kansas:Sheridan,2.663729220909273,0.0,24.43588225599169,0.0,False
United_States_of_America.regions.Kansas:Sherman,1.7330500973623653,0.0,28.875552981509685,0.0,False
United_States_of_America.regions.Kansas:Smith,5.348305752561072,0.0,54.74370845291008,0.0,False
United_States_of_America.regions.Kansas:Stafford,18.123830093592513,0.0,250.1870114386851,0.0,False
United_States_of_America.regions.Kansas:Stanton,4.478295819935691,0.0,180.35389696234137,0.0,False
United_States_of_America.regions.Kansas:Stevens,6.864362850971921,0.0,57.60235704240207,0.0,False
United_States_of_America.regions.Kansas:Wabaunsee,6.872483221476511,0.0,99.58189840284241,0.0,False
United_States_of_America.regions.Kansas:Wichita,0.0,0.0,32.88592008674159,0.0,False
United_States_of_America.regions.Kansas:Woodson,15.412157648630593,0.0,167.06277642530702,0.0,False
United_States_of_America.regions.Louisiana:Cameron,10.167855644146034,0.0,145.36837887302613,0.0,False
United_States_of_America.regions.Louisiana:Tensas,6.544482626956855,0.0,70.51017781043278,0.0,False
United_States_of_America.regions.Michigan:Baraga,5.605807743658212,0.0,82.32193558396035,0.0,False
United_States_of_America.regions.Michigan:Luce,14.672765657987334,0.0,208.0209592443489,0.0,False
United_States_of_America.regions.Michigan:Mackinac,12.071764134132511,0.0,195.58054292659955,0.0,False
United_States_of_America.regions.Michigan:Schoolcraft,8.86370630907892,0.0,133.12447763429748,0.0,False
United_States_of_America.regions.Minnesota:Clearwater,17.71362218370884,0.0,259.37356056430116,0.0,False
United_States_of_America.regions.Minnesota:Kittson,3.9804364183596688,0.0,49.31921354399061,0.0,False
United_States_of_America.regions.Minnesota:Lac qui Parle,19.03674014696059,0.0,271.29238076079616,0.0,False
United_States_of_America.regions.Minnesota:Norman,4.629629629629631,0.0,72.58049937507987,0.0,False
United_States_of_America.regions.Minnesota:Traverse,15.440466926070037,0.0,186.51478136967154,0.0,False
United_States_of_America.regions.Missouri:Reynolds,16.504676393565283,0.0,233.10566005035736,0.0,False
United_States_of_America.regions.Missouri:Sullivan,14.202992843201041,0.0,238.18316818160753,0.0,False
United_States_of_America.regions.Montana:Broadwater,16.593854375417504,0.0,232.81833457263,0.0,False
United_States_of_America.regions.Montana:Golden Valley,7.11976581392389,0.0,214.7473833655343,0.0,False
United_States_of_America.regions.Nebraska:Antelope,14.645716423494202,0.0,203.67668326900164,0.0,False
United_States_of_America.regions.Nebraska:Boone,0.7540263543191801,0.0,9.975975526984605,0.0,False
United_States_of_America.regions.Nebraska:Box Butte,8.952526409571083,0.0,133.10849507113073,0.0,False
United_States_of_America.regions.Nebraska:Cheyenne,7.75962309542903,0.0,122.10291486849933,0.0,False
United_States_of_America.regions.Nebraska:Dawes,0.7261724659606655,0.0,12.528280003144834,0.0,False
United_States_of_America.regions.Nebraska:Franklin,6.585956416464891,0.0,91.86231521805095,0.0,False
United_States_of_America.regions.Nebraska:Frontier,2.2997416020671837,0.0,17.486281486090302,0.0,False
United_States_of_America.regions.Nebraska:Furnas,1.00150489089541,0.0,22.08109253225175,0.0,False
United_States_of_America.regions.Nebraska:Gosper,11.155632582322358,0.0,180.8845378824461,0.0,False
United_States_of_America.regions.Nebraska:Greeley,2.003154574132492,0.0,28.782797962822222,0.0,False
United_States_of_America.regions.Nebraska:Hitchcock,2.2322274881516586,0.0,18.363254120415544,0.0,False
United_States_of_America.regions.Nebraska:Keith,1.3620488940628641,0.0,22.318621951775082,0.0,False
United_States_of_America.regions.Nebraska:Kimball,11.901945525291831,0.0,147.71378677352766,0.0,False
United_States_of_America.regions.Nebraska:Knox,18.19612558450234,0.0,265.32242452378125,0.0,False
United_States_of_America.regions.Nebraska:Morrill,3.582348305752562,0.0,65.23554907329076,0.0,False
United_States_of_America.regions.Nebraska:Nuckolls,0.0,0.0,9.801852212073177,0.0,False
United_States_of_America.regions.Nebraska:Sherman,1.934805467928496,0.0,12.317181455428878,0.0,False
United_States_of_America.regions.Nebraska:Thomas,1.4800759013282732,0.0,103.02381318862695,0.0,False
United_States_of_America.regions.Nebraska:Valley,1.462536023054755,0.0,17.813990925022328,0.0,False
United_States_of_America.regions.Nebraska:Webster,6.548426150121067,0.0,83.95549423715248,0.0,False
United_States_of_America.regions.North Carolina:Hyde,2.2997416020671837,0.0,28.857548095808042,0.0,False
United_States_of_America.regions.North Dakota:Barnes,16.29774696707106,0.0,249.20428413732566,0.0,False
United_States_of_America.regions.North Dakota:Benson,1.5585980284775467,0.0,22.33232799344428,0.0,False
United_States_of_America.regions.North Dakota:Bowman,12.005874947545111,0.0,154.7800746389102,0.0,False
United_States_of_America.regions.North Dakota:Burke,13.399157621901828,0.0,108.53339765499216,0.0,False
United_States_of_America.regions.North Dakota:Divide,18.77435008665511,0.0,240.94335863121012,0.0,False
United_States_of_America.regions.North Dakota:Eddy,14.492434904996482,0.0,170.50145184508298,0.0,False
United_States_of_America.regions.North Dakota:Foster,19.425517702070806,0.0,262.16878736727307,0.0,False
United_States_of_America.regions.North Dakota:McIntosh,19.425517702070806,0.0,253.9507836217987,0.0,False
United_States_of_America.regions.North Dakota:Mercer,1.153526970954357,0.0,14.341433637104108,0.0,False
United_States_of_America.regions.North Dakota:Nelson,3.532946124574404,0.0,33.55123649477783,0.0,False
United_States_of_America.regions.North Dakota:Oliver,17.43509165731388,0.0,215.94885470525892,0.0,False
United_States_of_America.regions.North Dakota:Pembina,1.54434250764526,0.0,24.158035832339113,0.0,False
United_States_of_America.regions.North Dakota:Pierce,18.27601870407482,0.0,239.41799255198748,0.0,False
United_States_of_America.regions.North Dakota:Ramsey,16.783567134268534,0.0,260.33145922965224,0.0,False
United_States_of_America.regions.North Dakota:Ransom,1.0371106693174288,0.0,13.441157643476547,0.0,False
United_States_of_America.regions.North Dakota:Renville,2.15295966474594,0.0,14.588825995644022,0.0,False
United_States_of_America.regions.North Dakota:Sargent,8.526634382566586,0.0,100.02319146479448,0.0,False
United_States_of_America.regions.North Dakota:Sioux,18.684228769497402,0.0,257.738412605366,0.0,False
United_States_of_America.regions.North Dakota:Slope,12.977392681210416,0.0,186.8666809627507,0.0,False
United_States_of_America.regions.North Dakota:Steele,0.0,0.0,38.60390126484547,0.0,False
United_States_of_America.regions.North Dakota:Traill,0.8543263964950712,0.0,14.818526607904216,0.0,False
United_States_of_America.regions.North Dakota:Walsh,14.822311289245155,0.0,239.55378821556025,0.0,False
United_States_of_America.regions.North Dakota:Wells,2.080274106705825,0.0,12.941383196784008,0.0,False
United_States_of_America.regions.Oklahoma:Alfalfa,7.594972461516736,0.0,105.79840931319134,0.0,False
United_States_of_America.regions.Oklahoma:Blaine,1.1859443631039532,0.0,21.127412857669096,0.0,False
United_States_of_America.regions.Oklahoma:Dewey,11.05119597146454,0.0,146.88758573056518,0.0,False
United_States_of_America.regions.Oklahoma:Grant,13.872273047149895,0.0,182.41674995544895,0.0,False
United_States_of_America.regions.Oklahoma:Harper,3.9804364183596688,0.0,46.044222358397896,0.0,False
United_States_of_America.regions.Oklahoma:Jefferson,11.415396952686448,0.0,158.01693031081703,0.0,False
United_States_of_America.regions.Oklahoma:Kiowa,11.689166385420183,0.0,180.75630784946532,0.0,False
United_States_of_America.regions.Oklahoma:Pushmataha,2.409942363112392,0.0,39.770895879032956,0.0,False
United_States_of_America.regions.Oklahoma:Washita,0.0,0.0,5.1452868595716765,0.0,False
United_States_of_America.regions.Oklahoma:Woods,2.901398477606656,0.0,48.99029524283639,0.0,False
United_States_of_America.regions.Oregon:Sherman,13.44678811121764,0.0,155.34604783371617,0.0,False
United_States_of_America.regions.South Dakota:Aurora,18.988643954575817,0.0,241.48629613334865,0.0,False
United_States_of_America.regions.South Dakota:Buffalo,2.185534591194968,0.0,19.2617681256586,0.0,False
United_States_of_America.regions.South Dakota:Charles Mix,17.232464929859717,0.0,257.8470929350004,0.0,False
United_States_of_America.regions.South Dakota:Clark,17.228941684665227,0.0,223.71195756178014,0.0,False
United_States_of_America.regions.South Dakota:Day,6.52885443583118,0.0,133.99907541561996,0.0,False
United_States_of_America.regions.South Dakota:Deuel,18.77435008665511,0.0,260.48308230056807,0.0,False
United_States_of_America.regions.South Dakota:Douglas,2.409942363112392,0.0,20.311428478205112,0.0,False
United_States_of_America.regions.South Dakota:Faulk,19.425517702070806,0.0,250.7898412745872,0.0,False
United_States_of_America.regions.South Dakota:Hutchinson,17.14974003466205,0.0,246.8580111894487,0.0,False
United_States_of_America.regions.South Dakota:Hyde,7.594972461516736,0.0,71.72102900665054,0.0,False
United_States_of_America.regions.South Dakota:Marshall,17.35877291432847,0.0,242.33984849791963,0.0,False
United_States_of_America.regions.South Dakota:McPherson,2.6483180428134556,0.0,17.342259397439534,0.0,False
United_States_of_America.regions.South Dakota:Miner,9.629539951573848,0.0,110.61200293888805,0.0,False
United_States_of_America.regions.South Dakota:Roberts,9.342980561555075,0.0,178.69708308265655,0.0,False
United_States_of_America.regions.South Dakota:Sanborn,6.633447880870561,0.0,71.74987137565937,0.0,False
United_States_of_America.regions.South Dakota:Sully,8.27438370846731,0.0,79.61388057140437,0.0,False
United_States_of_America.regions.South Dakota:Todd,14.029392117568472,0.0,229.36172215069843,0.0,False
United_States_of_America.regions.South Dakota:Walworth,5.511254019292605,0.0,81.36322491568548,0.0,False
United_States_of_America.regions.Texas:Archer,0.0,0.0,2.614347599843242,0.0,False
United_States_of_America.regions.Texas:Armstrong,6.019677996422182,0.0,66.15312633877362,0.0,False
United_States_of_America.regions.Texas:Bailey,2.2655601659751037,0.0,32.33249633441965,0.0,False
United_States_of_America.regions.Texas:Briscoe,2.0605355064027937,0.0,20.898567969963384,0.0,False
United_States_of_America.regions.Texas:Brooks,2.912383749388155,0.0,41.87274833296965,0.0,False
United_States_of_America.regions.Texas:Carson,2.0504138449962377,0.0,22.1900521663896,0.0,False
United_States_of_America.regions.Texas:Clay,14.26372914304228,0.0,217.3669922243693,0.0,False
United_States_of_America.regions.Texas:Cochran,2.8338590956887493,0.0,24.289806537021093,0.0,False
United_States_of_America.regions.Texas:Coke,1.6680497925311202,0.0,18.000663556758976,0.0,False
United_States_of_America.regions.Texas:Coleman,1.3969732246798603,0.0,22.928132532069057,0.0,False
United_States_of_America.regions.Texas:Collingsworth,0.9460580912863071,0.0,85.60129301003853,0.0,False
United_States_of_America.regions.Texas:Concho,9.629539951573848,0.0,117.83560817483301,0.0,False
United_States_of_America.regions.Texas:Crane,18.49432197728791,0.0,252.37156021492413,0.0,False
United_States_of_America.regions.Texas:Dickens,11.218069905473733,0.0,133.28353057207354,0.0,False
United_States_of_America.regions.Texas:Dimmit,8.952526409571083,0.0,132.50483330097018,0.0,False
United_States_of_America.regions.Texas:Donley,10.18157273034087,0.0,503.0843482046887,0.0,False
United_States_of_America.regions.Texas:Fisher,0.3333333333333333,0.0,20.50672912067594,0.0,False
United_States_of_America.regions.Texas:Floyd,8.77995163772258,0.0,115.06259425963353,0.0,False
United_States_of_America.regions.Texas:Garza,0.3554502369668247,0.0,11.3556307990419,0.0,False
United_States_of_America.regions.Texas:Glasscock,2.2322274881516586,0.0,24.731584197584432,0.0,False
United_States_of_America.regions.Texas:Goliad,11.18376645291934,0.0,163.0840088748378,0.0,False
United_States_of_America.regions.Texas:Haskell,0.3333333333333333,0.0,9.259301400627363,0.0,False
United_States_of_America.regions.Texas:Hemphill,14.140811455847256,0.0,191.39014628564522,0.0,False
United_States_of_America.regions.Texas:Jack,7.674659903158866,0.0,120.25477341437646,0.0,False
United_States_of_America.regions.Texas:Jim Hogg,0.92534174553102,0.0,7.4134112158238565,0.0,False
United_States_of_America.regions.Texas:Kimble,0.959079283887468,0.0,13.07166314290048,0.0,False
United_States_of_America.regions.Texas:Knox,12.005874947545111,0.0,159.94855899459193,0.0,False
United_States_of_America.regions.Texas:Lamb,14.729982668977469,0.0,243.76999709136464,0.0,False
United_States_of_America.regions.Texas:Lipscomb,1.6438679245283017,0.0,13.547487028185518,0.0,False
United_States_of_America.regions.Texas:Live Oak,12.516199578810951,0.0,205.8491163469532,0.0,False
United_States_of_America.regions.Texas:Mason,5.462639985313016,0.0,245.60470272121174,0.0,False
United_States_of_America.regions.Texas:McCulloch,8.553723772192761,0.0,127.12300603784458,0.0,False
United_States_of_America.regions.Texas:Mills,0.0,0.0,6.2150878376573235,0.0,False
United_States_of_America.regions.Texas:Mitchell,12.005874947545111,0.0,174.3612691319003,0.0,False
United_States_of_America.regions.Texas:Motley,7.594972461516736,0.0,72.83656580435789,0.0,False
United_States_of_America.regions.Texas:Parmer,13.801522130983379,0.0,126.13233972217297,0.0,False
United_States_of_America.regions.Texas:Red River,10.472296395193593,0.0,72.711435970371,0.0,False
United_States_of_America.regions.Texas:Refugio,0.424597364568082,0.0,6.061439364101393,0.0,False
United_States_of_America.regions.Texas:Roberts,4.739986648865154,0.0,150.45230646778037,0.0,False
United_States_of_America.regions.Texas:Runnels,1.607704402515723,0.0,30.056770291924757,0.0,False
United_States_of_America.regions.Texas:San Saba,0.0,0.0,2.209124985676125,0.0,False
United_States_of_America.regions.Texas:Shackelford,1.2486308871851042,0.0,14.917473758351601,0.0,False
United_States_of_America.regions.Texas:Sherman,12.61448598130841,0.0,541.5086794890951,0.0,False
United_States_of_America.regions.Texas:Stephens,9.315980629539952,0.0,138.04304725829877,0.0,False
United_States_of_America.regions.Texas:Swisher,10.25557955363571,0.0,152.59010494576034,0.0,False
United_States_of_America.regions.Texas:Wheeler,8.054331864904553,0.0,180.71230234817682,0.0,False
United_States_of_America.regions.Texas:Wilbarger,5.484496124031008,0.0,94.19316220699335,0.0,False
United_States_of_America.regions.Texas:Winkler,7.78813559322034,0.0,116.422567167694,0.0,False
United_States_of_America.regions.Texas:Zavala,2.7243759957514606,0.0,44.790281764171716,0.0,False
United_States_of_America.regions.Utah:Piute,1.2486308871851042,0.0,35.44399773126326,0.0,False
United_States_of_America.regions.Vermont:Essex,10.297208177621457,0.0,143.8259512507208,0.0,False
United_States_of_America.regions.Virginia:Highland,2.0435633871757224,0.0,32.715685027767535,0.0,False
United_States_of_America.regions.Washington:Columbia,19.425517702070806,0.0,267.8082632962803,0.0,False
United_States_of_America.regions.Washington:Pend Oreille,14.591630104623693,0.0,222.02414591197655,0.0,False
United_States_of_America.regions.West Virginia:Pocahontas,2.0796109510086453,0.0,27.95009282524575,0.0,False
United_States_of_America.regions.Wisconsin:Forest,3.5958254269449714,0.0,32.63117613669116,0.0,False
United_States_of_America.regions.Wisconsin:Price,8.952526409571083,0.0,134.89227641849175,0.0,False
United_States_of_America.regions.Wisconsin:Sawyer,7.99054646068711,0.0,141.80682361007075,0.0,False
Brazil.regions.AL:Carneiros,3.533333333333333,0.0,35.61492899936181,0.0,False
Brazil.regions.AL:Craíbas,3.071104387291981,0.0,8.961277200726588,0.0,False
Brazil.regions.AL:Monteirópolis,2.5714285714285716,0.0,35.67759467323448,0.0,False
Brazil.regions.AL:Porto Real do Colégio,19.425517702070806,0.0,287.22699940678797,0.0,False
Brazil.regions.AL:São Luís do Quitunde,9.452685421994884,0.0,7.569360751366179,0.0,False
Brazil.regions.BA:Acajutiba,2.912383749388155,0.0,49.37441400314986,0.0,False
Brazil.regions.BA:Amargosa,1.8181818181818181,0.0,12.86613876065739,0.0,False
Brazil.regions.BA:Cabaceiras do Paraguaçu,0.0,0.0,8.988982506057123,0.0,False
Brazil.regions.BA:Cachoeira,13.312832751973565,0.0,211.14520093673045,0.0,False
Brazil.regions.BA:Valença,2.911842804036113,0.0,72.31455996184039,0.0,False
Brazil.regions.CE:Guaramiranga,4.085308056872038,0.0,94.67078939968457,0.0,False
Brazil.regions.CE:Pacujá,0.5238095238095238,0.0,9.018653556224121,0.0,False
Brazil.regions.ES:São Gabriel da Palha,6.351089588377723,0.0,140.55053624557755,0.0,False
Brazil.regions.GO:Inhumas,1.0574804726617266,0.0,55.67603174846942,0.0,False
Brazil.regions.MA:Miranda do Norte,5.629137900513366,0.0,40.7865945642463,0.0,False
Brazil.regions.MG:Andradas,0.0,0.0,11.871699275268059,0.0,False
Brazil.regions.MG:Astolfo Dutra,0.6777493606138106,0.0,13.218053628873639,0.0,False
Brazil.regions.MG:Caeté,2.177376526818906,0.0,72.66354339731281,0.0,False
Brazil.regions.MG:Fronteira,1.9518542615484713,0.0,36.705728393022355,0.0,False
Brazil.regions.MG:Monte Sião,3.0476190476190474,0.0,4.320125059044432,0.0,False
Brazil.regions.MG:Passos,4.2382230172927855,0.0,110.01538781489545,0.0,False
Brazil.regions.PB:Areia,4.691131498470948,0.0,22.26575554074915,0.0,False
Brazil.regions.PB:Bananeiras,5.025575447570333,0.0,8.887266371047271,0.0,False
Brazil.regions.PB:Baía da Traição,9.677984665936473,0.0,100.45184586877726,0.0,False
Brazil.regions.PB:Capim,2.4149377593360994,0.0,39.75455221146911,0.0,False
Brazil.regions.PB:Lagoa de Dentro,1.3333333333333335,0.0,15.712117008344418,0.0,False
Brazil.regions.PE:Calçado,0.0,0.0,5.258834174837405,0.0,False
Brazil.regions.PE:São João,1.5639810426540286,0.0,37.549284598760245,0.0,False
Brazil.regions.PR:Andirá,0.7999999999999999,0.0,5.320080056170449,0.0,False
Brazil.regions.PR:Itaperuçu,1.6873589164785552,0.0,55.414416794772364,0.0,False
Brazil.regions.PR:Santa Terezinha de Itaipu,2.9080712998197478,0.0,40.92205857699198,0.0,False
Brazil.regions.RJ:Miracema,3.0,0.0,23.306212831383515,0.0,False
Brazil.regions.RJ:Paty do Alferes,6.252478671893012,0.0,143.48400650570278,0.0,False
Brazil.regions.RN:Lagoa Nova,0.0,0.0,7.901642871030421,0.0,False
Brazil.regions.RN:Tenente Laurentino Cruz,0.0,0.0,2.494923623609763,0.0,False
Brazil.regions.RS:Guaporé,0.0,0.0,10.419184645557268,0.0,False
Brazil.regions.RS:Horizontina,0.6340057636887608,0.0,31.216112653590113,0.0,False
Brazil.regions.RS:São Marcos,1.595900439238653,0.0,34.69211077836615,0.0,False
Brazil.regions.RS:Três Passos,31.468879668049794,0.0,104.62696741853351,0.0,False
Brazil.regions.RS:Tupandi,12.005874947545111,0.0,166.0369415259035,0.0,False
Brazil.regions.RS:Vera Cruz,0.0,0.0,10.583559231850778,0.0,False
Brazil.regions.RS:Veranópolis,6.897106109324758,0.0,123.62133805281192,0.0,False
Brazil.regions.SC:Rodeio,1.3029045643153527,0.0,26.3511089630607,0.0,False
Brazil.regions.SE:Campo do Brito,0.7547169811320755,0.0,23.84537544511759,0.0,False
Brazil.regions.SP:Brodowski,10.232697343808455,0.0,230.84538840742678,0.0,False
Brazil.regions.SP:Dumont,0.33206831119544594,0.0,13.079557010533522,0.0,False
Brazil.regions.SP:Roseira,0.0,0.0,4.9708267759019895,0.0,False
Brazil.regions.SP:Saltinho,1.7571059431524547,0.0,28.58922915449838,0.0,False
Brazil.regions.SP:Socorro,1.9418960244648318,0.0,38.70954288908566,0.0,False
Brazil.regions.SP:Valentim Gentil,0.9,0.0,1.3120950428314964,0.0,False
United_States_of_America.regions.Tennessee:Loudon,8.722912491649966,0.0,238.30510424816433,0.0,False
Brazil.regions.BA:Governador Mangabeira,2.0605355064027937,0.0,38.95869605363592,0.0,False
Brazil.regions.PB:Areial,1.3928571428571428,0.0,19.904814122536656,0.0,False
Brazil.regions.PB:Borborema,1.2486308871851042,0.0,16.901595443584313,0.0,False
Brazil.regions.RJ:Cordeiro,0.874751491053678,0.0,30.680649436479573,0.0,False
Brazil.regions.SC:Balneário Rincão,0.49377593360995853,0.0,14.218970073571757,0.0,False
Brazil.regions.SC:Garopaba,9.405118745676736,0.0,153.4840354944261,0.0,False
Saint_Kitts_and_Nevis,11.841015364061457,0.0,265.2615816891998,0.0,False
Brazil.regions.BA:Abaíra,5.500635503459964,0.0,87.55261509933014,0.0,False
Brazil.regions.BA:Caetité,0.0,0.0,12.34440569130847,0.0,False
Brazil.regions.BA:Capela do Alto Alegre,0.5272727272727272,0.0,13.25611518495619,0.0,False
Brazil.regions.BA:Caém,1.0,0.0,7.402303798187762,0.0,False
Brazil.regions.BA:Dom Basílio,0.8363636363636363,0.0,8.18882162776178,0.0,False
Brazil.regions.BA:Ipirá,0.938034188034188,0.0,53.96859760920172,0.0,False
Brazil.regions.BA:Jussari,2.15295966474594,0.0,29.059902543981938,0.0,False
Brazil.regions.BA:Medeiros Neto,16.30194552529183,0.0,247.89258706621297,0.0,False
Brazil.regions.BA:Miguel Calmon,0.0,0.3333333333333333,10.463397158791578,1.280918162138621,False
Brazil.regions.BA:Mundo Novo,0.0,1.0,10.571463865105857,3.734687780101584,False
Brazil.regions.BA:Prado,16.637541750167003,0.0,278.6404305393893,0.0,False
Brazil.regions.BA:Rafael Jambeiro,1.041909196740396,0.0,25.648926504456952,0.0,False
Brazil.regions.BA:Rio do Pires,8.690072639225182,0.0,135.31624625993268,0.0,False
Brazil.regions.BA:Santa Cruz Cabrália,7.141241984475194,0.0,194.2707571875613,0.0,False
Brazil.regions.BA:Santa Maria da Vitória,13.369127516778525,0.0,203.97330957041422,0.0,False
Brazil.regions.BA:Sobradinho,0.9523809523809524,0.0,5.887450630240634,0.0,False
Brazil.regions.BA:Sátiro Dias,1.8544733861834657,0.0,42.642793381027836,0.0,False
Brazil.regions.BA:Urandi,0.0,0.0,8.303030021963355,0.0,False
Brazil.regions.CE:Araripe,3.2425395553775282,0.0,58.87491017069424,0.0,False
Brazil.regions.CE:Hidrolândia,1.4480272381333867,0.0,39.201936458719736,0.0,False
Brazil.regions.CE:Irauçuba,20.14247846255799,0.0,56.71128395347354,0.0,False
Brazil.regions.CE:Madalena,14.073899371069182,0.0,41.58873708759758,0.0,False
Brazil.regions.CE:Quiterianópolis,2.070921985815603,0.0,70.2494828041162,0.0,False
Brazil.regions.CE:Santana do Cariri,6.795396419437341,0.0,21.433429387771255,0.0,False
Brazil.regions.CE:Senador Sá,3.3753026634382572,0.0,46.1866411745441,0.0,False
Brazil.regions.CE:Tarrafas,1.0,0.0,8.971315766338181,0.0,False
Brazil.regions.CE:Uruoca,1.2557580612858,0.0,41.169910154186425,0.0,False
Brazil.regions.ES:Montanha,1.316823899371069,0.0,26.10228887031842,0.0,False
Brazil.regions.ES:Santa Leopoldina,4.366291532690247,0.0,72.46919413877202,0.0,False
Brazil.regions.GO:Aloândia,8.952526409571083,0.0,97.15738867867157,0.0,False
Brazil.regions.GO:Bom Jesus de Goiás,13.297853624208305,0.0,216.4541732142261,0.0,False
Brazil.regions.GO:Itapuranga,2.0,0.0,2.6638045480326493,0.0,False
Brazil.regions.GO:Joviânia,0.047619047619047616,1.0,1.3402650851225106,13.537295248409368,False
Brazil.regions.GO:Leopoldo de Bulhões,3.0,0.0,38.00194303244392,0.0,False
Brazil.regions.GO:Nova Glória,11.528535459504825,0.0,167.96823916990095,0.0,False
Brazil.regions.GO:Palmeiras de Goiás,4.044444444444444,0.0,4.252946192417757,0.0,False
Brazil.regions.GO:Uruaçu,3.858520900321543,0.0,114.40690077854515,0.0,False
Brazil.regions.MA:Afonso Cunha,0.0,0.0,1.0218679746576722,0.0,False
Brazil.regions.MA:Alcântara,2.161399548532731,0.0,55.02002729372886,0.0,False
Brazil.regions.MA:Alto Alegre do Pindaré,30.492638731596834,0.0,56.84017536193844,0.0,False
Brazil.regions.MA:Araguanã,12.881998277347114,0.0,65.66754957984188,0.0,False
Brazil.regions.MA:Bacuri,5.305555555555555,0.0,20.123334804855475,0.0,False
Brazil.regions.MA:Barreirinhas,28.04213135068154,0.0,29.657915575830238,0.0,False
Brazil.regions.MA:Buriti,8.614183474300585,0.0,9.906601532896957,0.0,False
Brazil.regions.MA:Capinzal do Norte,6.370843989769821,0.0,48.156791958460175,0.0,False
Brazil.regions.MA:Colinas,5.771598153440317,0.0,132.73156912204277,0.0,False
Brazil.regions.MA:Gonçalves Dias,4.777777777777779,0.0,17.328732348181337,0.0,False
Brazil.regions.MA:Governador Eugênio Barros,0.0,0.0,8.363674820867057,0.0,False
Brazil.regions.MA:Humberto de Campos,7.925064599483204,0.0,10.493955478641512,0.0,False
Brazil.regions.MA:João Lisboa,15.571010248901905,0.0,38.424057813058674,0.0,False
Brazil.regions.MA:Matões do Norte,0.0,0.0,8.334219725231328,0.0,False
Brazil.regions.MA:Paulo Ramos,2.768532526475038,0.0,20.543804686149933,0.0,False
Brazil.regions.MA:Poção de Pedras,6.866666666666667,0.0,29.7080970352976,0.0,False
Brazil.regions.MA:Presidente Médici,0.7156398104265403,0.0,10.36635772738228,0.0,False
Brazil.regions.MA:Santa Helena,54.06701366297984,0.0,93.78057223541249,0.0,False
Brazil.regions.MA:Santa Quitéria do Maranhão,27.559297218155198,0.0,78.10185131287986,0.0,False
Brazil.regions.MA:Santo Antônio dos Lopes,63.51662404092072,0.0,422.6593985784562,0.0,False
Brazil.regions.MA:São João do Carú,21.542491268917345,0.0,112.01929368688641,0.0,False
Brazil.regions.MA:São João dos Patos,1.7425354870288794,0.0,40.78793348285135,0.0,False
Brazil.regions.MA:São Luís Gonzaga do Maranhão,0.5684754521963824,0.0,32.036551159657236,0.0,False
Brazil.regions.MA:São Pedro da Água Branca,2.182163187855788,0.0,8.559779053735488,0.0,False
Brazil.regions.MA:Turilândia,49.895947426067906,0.0,171.36944069466247,0.0,False
Brazil.regions.MA:Urbano Santos,31.495933172125746,0.0,58.68606575279344,0.0,False
Brazil.regions.MG:Aimorés,4.560761346998536,0.0,12.775921524776768,0.0,False
Brazil.regions.MG:Almenara,3.492513790386131,0.0,90.52253649134052,0.0,False
Brazil.regions.MG:Caldas,1.1195158850226927,0.0,11.198544635065186,0.0,False
Brazil.regions.MG:Candeias,1.0,0.0,0.8707089473705469,0.0,False
Brazil.regions.MG:Delfim Moreira,3.142857142857143,0.0,37.31823642777876,0.0,False
Brazil.regions.MG:Espírito Santo do Dourado,2.501142074006395,0.0,26.64001102733297,0.0,False
Brazil.regions.MG:Faria Lemos,2.2266401590457257,0.0,17.852442327643605,0.0,False
Brazil.regions.MG:Icaraí de Minas,2.2322274881516586,0.0,37.900453027664206,0.0,False
Brazil.regions.MG:Itapecerica,5.067796610169492,0.0,106.04939375322122,0.0,False
Brazil.regions.MG:Jaboticatubas,6.960672012218403,0.0,127.52927954999797,0.0,False
Brazil.regions.MG:Ladainha,0.0,0.0,8.784645378297828,0.0,False
Brazil.regions.MG:Lima Duarte,0.9759271307742357,0.0,22.681519571528916,0.0,False
Brazil.regions.MG:Minas Novas,1.7435158501440924,0.0,43.490221176713305,0.0,False
Brazil.regions.MG:Monte Azul,3.7776597627898747,0.0,71.58566685167175,0.0,False
Brazil.regions.MG:Piedade dos Gerais,2.912383749388155,0.0,36.98833113995438,0.0,False
Brazil.regions.MG:Santa Maria de Itabira,9.578049342863732,0.0,146.0472310649411,0.0,False
Brazil.regions.MG:Santo Antônio do Aventureiro,0.2,0.0,10.934951890501145,0.0,False
Brazil.regions.MG:São Sebastião do Oeste,8.326442721791558,0.0,124.39759291294878,0.0,False
Brazil.regions.MG:São Vicente de Minas,0.7925311203319503,0.0,12.705095189895514,0.0,False
Brazil.regions.MG:Tabuleiro,0.8105147864184009,0.0,16.05096938671581,0.0,False
Brazil.regions.MG:Várzea da Palma,3.5357142857142856,0.0,3.5810789142530774,0.0,False
Brazil.regions.MS:Glória de Dourados,0.0,0.0,4.2710287149515445,0.0,False
Brazil.regions.MS:Itaporã,0.0,0.0,10.280224675522671,0.0,False
Brazil.regions.PA:Aurora do Pará,10.746177370030582,0.0,11.973998666697137,0.0,False
Brazil.regions.PA:Peixe-Boi,0.22001047668936613,0.0,8.794360693981211,0.0,False
Brazil.regions.PB:Aguiar,0.0,0.0,3.4243448086932684,0.0,False
Brazil.regions.PB:Amparo,6.733333333333333,0.0,331.2404673598566,0.0,False
Brazil.regions.PB:Serra Branca,14.597994370161858,0.0,217.4930497125873,0.0,False
Brazil.regions.PB:São José do Sabugi,24.844444444444445,0.0,611.7735609005264,0.0,False
Brazil.regions.PE:Inajá,2.983097304705345,0.0,52.68116374084121,0.0,False
Brazil.regions.PI:Boa Hora,2.2997416020671837,0.0,32.600798055591895,0.0,False
Brazil.regions.PI:Bonfim do Piauí,6.2316784869976365,0.0,86.24597916291219,0.0,False
Brazil.regions.PI:Cabeceiras do Piauí,0.0,0.0,4.859712952594556,0.0,False
Brazil.regions.PI:Campo Grande do Piauí,4.666666666666667,0.0,81.0441203835098,0.0,False
Brazil.regions.PI:Capitão de Campos,0.0,0.0,5.547283290998804,0.0,False
Brazil.regions.PI:Cocal dos Alves,1.3853317811408616,0.0,17.39239292794426,0.0,False
Brazil.regions.PI:Francinópolis,2.4765445211541866,0.0,25.4042139250902,0.0,False
Brazil.regions.PI:Francisco Santos,1.0279765777488614,0.0,21.584995187445173,0.0,False
Brazil.regions.PI:Hugo Napoleão,2.0,0.0,63.073265429850586,0.0,False
Brazil.regions.PI:Ipiranga do Piauí,0.959079283887468,0.0,17.834244407017888,0.0,False
Brazil.regions.PI:Monsenhor Gil,2.9538904899135447,0.0,27.36527221530771,0.0,False
Brazil.regions.PI:São José do Piauí,4.076827757125154,0.0,57.46997681784675,0.0,False
Brazil.regions.PI:Várzea Grande,2.660550458715596,0.0,31.666143887153286,0.0,False
Brazil.regions.PR:Amaporã,9.97196074504306,0.0,166.9698581186531,0.0,False
Brazil.regions.PR:Chopinzinho,14.098586377822656,0.0,211.19371325512512,0.0,False
Brazil.regions.PR:Cruzeiro do Sul,1.3538954536350891,0.0,52.58172577037394,0.0,False
Brazil.regions.PR:Mallet,0.7338444687842279,0.0,19.83427279939215,0.0,False
Brazil.regions.PR:Paranapoema,1.9118621603711068,0.0,11.307689820672733,0.0,False
Brazil.regions.PR:Ramilândia,3.0923292609653514,0.0,33.767537379253525,0.0,False
Brazil.regions.PR:Reserva,2.0,0.0,3.076505379064825,0.0,False
Brazil.regions.PR:Santa Cruz de Monte Castelo,4.302325581395349,0.0,66.91556260068396,0.0,False
Brazil.regions.PR:Santana do Itararé,6.914132379248658,0.0,93.88525829523512,0.0,False
Brazil.regions.PR:Santo Inácio,0.7717842323651453,0.0,13.701117178142827,0.0,False
Brazil.regions.RJ:Rio das Flores,8.44910969443834,0.0,134.16151827206522,0.0,False
Brazil.regions.RN:Acari,5.101802403204274,0.0,80.99789223676066,0.0,False
Brazil.regions.RN:Afonso Bezerra,0.10230179028132992,0.0,10.127671200965255,0.0,False
Brazil.regions.RN:Bento Fernandes,2.1402466879853814,0.0,24.466362690151428,0.0,False
Brazil.regions.RN:Caraúbas,10.469125902165198,0.0,180.70552396113442,0.0,False
Brazil.regions.RN:Jucurutu,0.0,0.0,8.840177335286697,0.0,False
Brazil.regions.RN:Lajes,0.959079283887468,0.0,19.159278687308753,0.0,False
Brazil.regions.RN:Ouro Branco,2.3584905660377355,0.0,29.16957545402831,0.0,False
Brazil.regions.RN:Porto do Mangue,0.825426944971537,0.0,11.043742512370763,0.0,False
Brazil.regions.RN:Serra do Mel,2.15295966474594,0.0,36.73010659717198,0.0,False
Brazil.regions.RO:Ouro Preto do Oeste,4.324027258738186,0.0,142.22683537807146,0.0,False
Brazil.regions.RS:Alecrim,0.0,0.0,2.50057104386819,0.0,False
Brazil.regions.RS:Alpestre,4.008298755186722,0.0,68.51549500905041,0.0,False
Brazil.regions.RS:Barra do Ribeiro,0.0,0.0,6.893802671817774,0.0,False
Brazil.regions.RS:Caibaté,0.0,0.0,6.329424087355501,0.0,False
Brazil.regions.RS:Camargo,0.0,0.0,22.283676382600827,0.0,False
Brazil.regions.RS:Campinas do Sul,1.4806656877141458,0.0,12.1464322360788,0.0,False
Brazil.regions.RS:Ciríaco,2.4552683896620278,0.0,30.058963094404778,0.0,False
Brazil.regions.RS:Doutor Ricardo,0.6521739130434784,0.0,76.57063348728398,0.0,False
Brazil.regions.RS:Erebango,2.0,0.0,85.99475106291693,0.0,False
Brazil.regions.RS:Fontoura Xavier,0.8,0.0,5.923502074836277,0.0,False
Brazil.regions.RS:General Câmara,1.2738589211618259,0.0,20.10044093156719,0.0,False
Brazil.regions.RS:Machadinho,0.31969309462915596,0.0,13.823847067538267,0.0,False
Brazil.regions.RS:Marcelino Ramos,1.6302186878727636,0.0,15.075006681042588,0.0,False
Brazil.regions.RS:Minas do Leão,11.227546110665596,0.0,165.30489866485095,0.0,False
Brazil.regions.RS:Montauri,0.0,0.0,54.516972924648016,0.0,False
Brazil.regions.RS:Muliterno,0.0,0.0,38.52005015088342,0.0,False
Brazil.regions.RS:Rio Pardo,6.641717271571814,0.0,117.85776533868504,0.0,False
Brazil.regions.RS:Santiago,18.903139612558448,0.0,289.1303754490398,0.0,False
Brazil.regions.RS:São José do Herval,0.9333333333333332,0.0,83.78280489123767,0.0,False
Brazil.regions.RS:Sério,1.7095435684647304,0.0,184.94940274671504,0.0,False
Brazil.regions.RS:Três Arroios,0.7979502196193266,0.0,37.183209964714564,0.0,False
Brazil.regions.SC:Abelardo Luz,0.7333333333333333,0.0,6.3690501303406775,0.0,False
Brazil.regions.SC:Alto Bela Vista,1.2852153667054715,0.0,69.98553361506792,0.0,False
Brazil.regions.SC:Botuverá,9.65597433841219,0.0,122.639164062521,0.0,False
Brazil.regions.SC:Campo Erê,1.6680497925311202,0.0,26.440695466094848,0.0,False
Brazil.regions.SC:Grão Pará,1.595900439238653,0.0,22.197576501413714,0.0,False
Brazil.regions.SC:Paial,1.1906310995445673,0.0,118.02555780383723,0.0,False
Brazil.regions.SC:Paulo Lopes,14.638710766115423,0.0,211.16070167920086,0.0,False
Brazil.regions.SC:Petrolândia,0.0,0.0,2.5373720199433105,0.0,False
Brazil.regions.SC:Timbé do Sul,17.350701402805612,0.0,234.9975371804933,0.0,False
Brazil.regions.SC:Vidal Ramos,10.21328106986396,0.0,144.581328549598,0.0,False
Brazil.regions.SC:Xavantina,1.9118621603711068,0.0,12.974586183724131,0.0,False
Brazil.regions.SC:Zortéa,4.029088050314464,0.0,171.62519990418735,0.0,False
Brazil.regions.SC:Águas Mornas,12.365677626303128,0.0,175.41027905069257,0.0,False
Brazil.regions.SP:Adolfo,1.7867298578199051,0.0,15.606299043594111,0.0,False
Brazil.regions.SP:Altinópolis,0.6428571428571428,0.0,4.155032373969535,0.0,False
Brazil.regions.SP:Arealva,2.4552683896620278,0.0,37.74935056674248,0.0,False
Brazil.regions.SP:Bananal,0.7338444687842277,0.0,14.592237884755454,0.0,False
Brazil.regions.SP:Castilho,4.083778371161549,0.0,82.37033664772065,0.0,False
Brazil.regions.SP:Cosmorama,1.6352201257861636,0.0,24.302229293997215,0.0,False
Brazil.regions.SP:Getulina,0.959079283887468,0.0,19.261875240516922,0.0,False
Brazil.regions.SP:Guaraci,0.0,0.0,5.3680036294763,0.0,False
Brazil.regions.SP:Gália,0.0,0.0,0.9656870841755776,0.0,False
Brazil.regions.SP:Itapura,1.110056925996205,0.0,13.828051898720156,0.0,False
Brazil.regions.SP:Itaóca,0.0,0.0,15.74192527786948,0.0,False
Brazil.regions.SP:Meridiano,0.959079283887468,0.0,12.848310577174615,0.0,False
Brazil.regions.SP:Murutinga do Sul,0.0,0.0,7.985422139901789,0.0,False
Brazil.regions.SP:Palestina,0.0,0.0,6.588315726399075,0.0,False
Brazil.regions.SP:Paranapanema,0.91343669250646,0.0,32.941806160599555,0.0,False
Brazil.regions.SP:Pedro de Toledo,1.0886850152905199,0.0,28.329916762137326,0.0,False
Brazil.regions.SP:Planalto,2.4,0.0,50.61651400306448,0.0,False
Brazil.regions.SP:Presidente Bernardes,1.771558245083207,0.0,9.567880665820374,0.0,False
Brazil.regions.SP:Riolândia,0.0,0.0,6.317655080260964,0.0,False
Brazil.regions.SP:Sagres,0.0,0.0,26.81226940742413,0.0,False
Brazil.regions.SP:São João do Pau d'Alho,0.0,0.0,33.199786597072844,0.0,False
Brazil.regions.SP:Ubirajara,0.6649616368286445,0.0,26.869368251188273,0.0,False
United_States_of_America.regions.Alabama:Cherokee,7.3195724782899125,0.0,230.14209957092595,0.0,False
United_States_of_America.regions.Alabama:Geneva,4.204180064308682,0.0,82.79898398417828,0.0,False
United_States_of_America.regions.Alabama:Lawrence,6.922645290581162,0.0,243.45106572272113,0.0,False
United_States_of_America.regions.Alabama:Pike,46.07147628590514,0.0,108.6810047097179,0.0,False
United_States_of_America.regions.Arkansas:Carroll,12.420217074356065,0.0,228.45736192604585,0.0,False
United_States_of_America.regions.Arkansas:Independence,12.177688710754841,0.0,269.31744425991593,0.0,False
United_States_of_America.regions.California:Lake,8.240176423416198,0.0,185.32813472822218,0.0,False
United_States_of_America.regions.Colorado:Gilpin,9.533087387595112,0.0,133.43619151163054,0.0,False
United_States_of_America.regions.Florida:Gilchrist,7.954049517415022,0.0,156.25173162318194,0.0,False
United_States_of_America.regions.Florida:Hardee,8.0528106269237,0.0,151.8626353456379,0.0,False
United_States_of_America.regions.Florida:Jackson,12.870407481629927,0.0,246.80870877906605,0.0,False
United_States_of_America.regions.Georgia:Candler,12.485961123110153,0.0,205.81244042326577,0.0,False
United_States_of_America.regions.Georgia:Chattahoochee,9.764863059452237,0.0,187.81639162620166,0.0,False
United_States_of_America.regions.Georgia:Elbert,14.932881773399018,0.0,83.98753705115035,0.0,False
United_States_of_America.regions.Georgia:Long,16.64261857047428,0.0,272.8695897654463,0.0,False
United_States_of_America.regions.Georgia:Tattnall,13.505945223780895,0.0,264.3412687448871,0.0,False
United_States_of_America.regions.Georgia:Wayne,8.325500275380945,0.0,177.16127171918555,0.0,False
United_States_of_America.regions.Illinois:Douglas,8.311289245156981,0.0,210.15860614068706,0.0,False
United_States_of_America.regions.Illinois:Logan,9.734222072224098,0.0,210.80671872992153,0.0,False
United_States_of_America.regions.Illinois:Perry,18.709431080565103,0.0,73.28137778812848,0.0,False
United_States_of_America.regions.Illinois:Wabash,12.772052927024859,0.0,187.88098559814895,0.0,False
United_States_of_America.regions.Indiana:Jay,3.8075490037259025,0.0,156.90895444741136,0.0,False
United_States_of_America.regions.Indiana:Sullivan,7.478289913159652,0.0,224.48919323784708,0.0,False
United_States_of_America.regions.Indiana:Switzerland,10.622114384748699,0.0,180.39000098856226,0.0,False
United_States_of_America.regions.Indiana:Union,4.743161373232971,0.0,68.42380745373792,0.0,False
United_States_of_America.regions.Iowa:Boone,4.0575389948006935,0.0,196.60704982146362,0.0,False
United_States_of_America.regions.Iowa:Dickinson,15.795591182364731,0.0,265.38284177767036,0.0,False
United_States_of_America.regions.Iowa:Sioux,16.602137608550436,0.0,213.01539196805558,0.0,False
United_States_of_America.regions.Kansas:Franklin,10.92317969271877,0.0,246.21345456245754,0.0,False
United_States_of_America.regions.Kansas:Reno,7.565263861055445,0.0,248.18107725977862,0.0,False
United_States_of_America.regions.Kentucky:Clinton,12.492197539930237,0.0,190.5612262337421,0.0,False
United_States_of_America.regions.Kentucky:Hancock,12.750972762645914,0.0,191.76051049491423,0.0,False
United_States_of_America.regions.Kentucky:Hart,4.141838019303399,0.0,134.4154504437574,0.0,False
United_States_of_America.regions.Kentucky:Martin,17.756847027388112,0.0,268.37249494895167,0.0,False
United_States_of_America.regions.Kentucky:Pendleton,11.698278771515357,0.0,199.00783717324964,0.0,False
United_States_of_America.regions.Kentucky:Rockcastle,10.491050583657588,0.0,189.33837425859178,0.0,False
United_States_of_America.regions.Kentucky:Wayne,13.97929191716767,0.0,258.2953944048355,0.0,False
United_States_of_America.regions.Maryland:Garrett,16.179692718770877,0.0,276.9321855400263,0.0,False
United_States_of_America.regions.Michigan:Manistee,13.045424181696728,0.0,250.64195349173693,0.0,False
United_States_of_America.regions.Michigan:Roscommon,8.694054776219106,0.0,235.68104657377938,0.0,False
United_States_of_America.regions.Minnesota:Dodge,7.7283901135604545,0.0,205.54144792481932,0.0,False
United_States_of_America.regions.Minnesota:Freeborn,23.139478373562284,0.0,139.91235847624142,0.0,False
United_States_of_America.regions.Mississippi:Simpson,15.704742818971274,0.0,156.78327327849811,0.0,False
United_States_of_America.regions.Mississippi:Tishomingo,9.886381322957199,0.0,211.10996525333547,0.0,False
United_States_of_America.regions.Missouri:Adair,12.570474281897129,0.0,246.40217094134172,0.0,False
United_States_of_America.regions.Missouri:Barry,15.597862391449565,0.0,278.7213382466362,0.0,False
United_States_of_America.regions.Missouri:Clinton,12.305945223780896,0.0,236.7779457756207,0.0,False
United_States_of_America.regions.Missouri:Laclede,1.1195158850226927,0.0,17.251148038200288,0.0,False
United_States_of_America.regions.Missouri:Miller,4.488573680063042,0.0,92.75018276119596,0.0,False
United_States_of_America.regions.Missouri:Polk,11.831724716743599,0.0,182.41180542767142,0.0,False
United_States_of_America.regions.Missouri:Randolph,14.529726118904476,0.0,261.22352169659365,0.0,False
United_States_of_America.regions.Montana:Silver Bow,13.076152304609218,0.0,263.05299755155073,0.0,False
United_States_of_America.regions.Nebraska:Cass,16.87575150300601,0.0,278.6866044279805,0.0,False
United_States_of_America.regions.Nebraska:Scotts Bluff,14.67660187185025,0.0,179.38016781372392,0.0,False
United_States_of_America.regions.New Hampshire:Carroll,7.632598530394122,0.0,236.26419736483007,0.0,False
United_States_of_America.regions.New York:Schoharie,8.836339345357382,0.0,198.25402442727295,0.0,False
United_States_of_America.regions.New York:Schuyler,13.785025996533797,0.0,243.6199145537238,0.0,False
United_States_of_America.regions.North Carolina:Alleghany,13.379265658747302,0.0,221.6868954089833,0.0,False
United_States_of_America.regions.North Carolina:Anson,11.613229571984435,0.0,139.10450787709968,0.0,False
United_States_of_America.regions.North Carolina:Camden,1.5381844380403458,0.0,30.7866987332605,0.0,False
United_States_of_America.regions.North Carolina:Clay,13.399221789883267,0.0,212.7780491330163,0.0,False
United_States_of_America.regions.North Carolina:Madison,2.4281345565749235,0.0,46.58464152098256,0.0,False
United_States_of_America.regions.North Carolina:Warren,2.4925647145217553,0.0,134.39247291434873,0.0,False
United_States_of_America.regions.Ohio:Meigs,10.426982794796475,0.0,174.80592283278096,0.0,False
United_States_of_America.regions.Ohio:Paulding,7.876704089815557,0.0,152.18332660041776,0.0,False
United_States_of_America.regions.Oklahoma:Marshall,10.474192194712547,0.0,171.11107643468716,0.0,False
United_States_of_America.regions.Oregon:Clatsop,6.240881763527055,0.0,254.78885267824083,0.0,False
United_States_of_America.regions.Oregon:Hood River,12.90313961255845,0.0,259.90175965764064,0.0,False
United_States_of_America.regions.Oregon:Lincoln,15.316633266533065,0.0,281.7871342169131,0.0,False
United_States_of_America.regions.Pennsylvania:Huntingdon,73.16395147313692,0.0,77.02407847550758,0.0,False
United_States_of_America.regions.South Carolina:Abbeville,2.406145624582498,0.0,203.46906118747626,0.0,False
United_States_of_America.regions.South Carolina:Saluda,18.090180360721444,0.0,109.04084722853653,0.0,False
United_States_of_America.regions.South Carolina:Union,7.590514362057448,0.0,208.40715369214925,0.0,False
United_States_of_America.regions.South Dakota:Brookings,11.072812291249164,0.0,260.73670996152487,0.0,False
United_States_of_America.regions.South Dakota:Yankton,8.723327556325824,0.0,179.63574147612664,0.0,False
United_States_of_America.regions.Tennessee:Giles,11.46936026936027,0.0,238.08349035844986,0.0,False
United_States_of_America.regions.Tennessee:Hardin,14.939211756847026,0.0,270.8231143153683,0.0,False
United_States_of_America.regions.Tennessee:Lake,156.26790001412232,0.0,2226.8519121931713,0.0,False
United_States_of_America.regions.Tennessee:Lewis,18.486038744154975,0.0,276.0510054547256,0.0,False
United_States_of_America.regions.Tennessee:McNairy,11.842620590352773,0.0,232.9080529332336,0.0,False
United_States_of_America.regions.Tennessee:Moore,4.447596532702916,0.0,61.095772323322116,0.0,False
United_States_of_America.regions.Tennessee:Overton,12.350300601202404,0.0,252.49441441657206,0.0,False
United_States_of_America.regions.Texas:Anderson,15.074518062530371,0.0,189.39998904416467,0.0,False
United_States_of_America.regions.Texas:Austin,10.970207080828322,0.0,249.80332757569417,0.0,False
United_States_of_America.regions.Texas:Burnet,4.701402805611222,0.0,255.01575429108289,0.0,False
United_States_of_America.regions.Texas:Cooke,4.481840193704601,0.0,129.3319225477129,0.0,False
United_States_of_America.regions.Texas:Hopkins,14.969939879759519,0.0,277.2937967827514,0.0,False
United_States_of_America.regions.Texas:Jim Wells,11.694735065811674,0.0,223.82725693327467,0.0,False
United_States_of_America.regions.Texas:Kerr,10.79199740806739,0.0,232.71907086292975,0.0,False
United_States_of_America.regions.Texas:Morris,14.322645290581162,0.0,242.94616546741264,0.0,False
United_States_of_America.regions.Texas:Polk,8.44622030237581,0.0,220.29083306385002,0.0,False
United_States_of_America.regions.Texas:San Jacinto,11.863210943124551,0.0,239.87767593117786,0.0,False
United_States_of_America.regions.Texas:Starr,11.268537074148297,0.0,275.6719762365803,0.0,False
United_States_of_America.regions.Vermont:Caledonia,11.20694722778891,0.0,252.3842936158105,0.0,False
United_States_of_America.regions.Vermont:Orange,14.73360053440214,0.0,272.0881638983661,0.0,False
United_States_of_America.regions.Virginia:Appomattox,6.853247794707296,0.0,109.66717498713915,0.0,False
United_States_of_America.regions.Virginia:Giles,9.189254210104252,0.0,168.28535942299195,0.0,False
United_States_of_America.regions.Virginia:Lee,13.218436873747494,0.0,258.9031071233977,0.0,False
United_States_of_America.regions.Virginia:Nottoway,10.335337341349366,0.0,221.66943642919134,0.0,False
United_States_of_America.regions.Washington:Walla Walla,4.5490981963927855,0.0,262.0877669587657,0.0,False
United_States_of_America.regions.West Virginia:Lincoln,4.45438282647585,0.0,96.26870018437961,0.0,False
United_States_of_America.regions.West Virginia:Preston,10.762458249833,0.0,258.1262728083858,0.0,False
United_States_of_America.regions.Wisconsin:Barron,9.046446164672766,0.0,208.22973127952156,0.0,False
United_States_of_America.regions.Wisconsin:Dunn,12.193052772211088,0.0,270.93129381193296,0.0,False
United_States_of_America.regions.Wisconsin:Green Lake,3.3427481994068637,0.0,89.94871452551648,0.0,False
United_States_of_America.regions.Wisconsin:Polk,6.108958837772397,0.0,141.04050039801155,0.0,False
United_States_of_America.regions.Wisconsin:Shawano,3.1868918670827986,0.0,172.89888248416287,0.0,False
Maldives,46.824048096192385,0.0,279.3166419984204,0.0,False
Brazil.regions.BA:Itaparica,0.7753479125248509,0.0,36.421059795180824,0.0,False
Brazil.regions.GO:Cidade Ocidental,11.687186133160537,0.0,237.31620095846975,0.0,False
Brazil.regions.MG:Congonhas,0.7222222222222222,0.0,11.161229578405239,0.0,False
Brazil.regions.MG:Guaxupé,2.4021950787750046,0.0,73.96210037346616,0.0,False
Brazil.regions.MG:Itaúna,5.035046728971963,0.0,92.8185745528011,0.0,False
Brazil.regions.PB:Montadas,0.0,0.0,3.3336437331661717,0.0,False
Brazil.regions.PB:Puxinanã,0.18181818181818182,0.0,12.014201194232822,0.0,False
Brazil.regions.PR:Ibiporã,2.348290598290598,0.0,57.18221784889113,0.0,False
Brazil.regions.RS:Charqueadas,18.607214428857716,0.0,287.75272614278725,0.0,False
Brazil.regions.RS:Teutônia,6.967942381019631,0.0,78.8326193488567,0.0,False
Brazil.regions.SC:Biguaçu,9.579817752278098,0.0,225.0650387675367,0.0,False
Brazil.regions.SE:Maruim,5.064841498559078,0.0,9.903576253221107,0.0,False
Brazil.regions.SP:Campos do Jordão,3.065951136845079,0.0,112.34620956085016,0.0,False
Brazil.regions.SP:Cordeirópolis,12.836919592298981,0.0,31.500127805231617,0.0,False
Brazil.regions.SP:Engenheiro Coelho,4.278029445073613,0.0,17.75363257290115,0.0,False
Brazil.regions.SP:Mogi Mirim,2.668242710795903,0.0,97.42739396285643,0.0,False
Brazil.regions.AL:Mar Vermelho,1.4,0.0,53.99208398370549,0.0,False
Brazil.regions.AL:Senador Rui Palmeira,0.0,0.0,7.0963463099514925,0.0,False
Brazil.regions.BA:Barra do Choça,10.935645549318364,0.0,187.78303436711315,0.0,False
Brazil.regions.BA:Cairu,7.722222222222222,0.0,36.61622362932962,0.0,False
Brazil.regions.BA:Camamu,0.851557322730285,0.0,42.05898321949958,0.0,False
Brazil.regions.BA:Ipecaetá,0.0,0.0,7.40341125727343,0.0,False
Brazil.regions.BA:Itacaré,2.3730886850152904,0.0,31.62662602538543,0.0,False
Brazil.regions.BA:Itagi,10.446251923499672,0.0,160.3852255632374,0.0,False
Brazil.regions.BA:Santanópolis,0.7544757033248083,0.0,12.479604865061443,0.0,False
Brazil.regions.BA:Serrolândia,0.0,0.0,6.841793953186839,0.0,False
Brazil.regions.CE:Aracoiaba,16.433412135539797,0.0,30.34311786604718,0.0,False
Brazil.regions.CE:Barroquinha,3.147511772941326,0.0,81.38746026649156,0.0,False
Brazil.regions.CE:Catarina,11.14775461106656,0.0,184.1428351659861,0.0,False
Brazil.regions.ES:Alegre,0.8474189127455458,0.0,44.00861468013292,0.0,False
Brazil.regions.ES:Apiacá,1.820949329060685,0.0,22.637888191324876,0.0,False
Brazil.regions.ES:Marilândia,1.1062431544359257,0.0,7.562990955873564,0.0,False
Brazil.regions.ES:São José do Calçado,3.0151457299223625,0.0,66.34607976036432,0.0,False
Brazil.regions.GO:Itumbiara,9.09652076318743,0.0,252.6642428343533,0.0,False
Brazil.regions.GO:Rialma,5.080437826142293,0.0,80.35202391364784,0.0,False
Brazil.regions.GO:São Luís de Montes Belos,13.995425756509501,0.0,220.93861578328026,0.0,False
Brazil.regions.MA:Lago dos Rodrigues,3.659751037344398,0.0,33.92675764401361,0.0,False
Brazil.regions.MA:Paraibano,1.4363636363636365,0.0,10.918640587321999,0.0,False
Brazil.regions.MA:Pio XII,16.67362428842505,0.0,53.80158922492719,0.0,False
Brazil.regions.MG:Alterosa,2.2997416020671837,0.0,40.29384279244676,0.0,False
Brazil.regions.MG:Bom Despacho,19.023380093520377,0.0,289.4398045253366,0.0,False
Brazil.regions.MG:Brazópolis,3.745892661555312,0.0,12.333135165041018,0.0,False
Brazil.regions.MG:Camanducaia,3.504868118251018,0.0,40.9288602677887,0.0,False
Brazil.regions.MG:Capelinha,0.7715582450832073,0.0,22.697557993310024,0.0,False
Brazil.regions.MG:Guarará,0.0,0.0,12.037367848996984,0.0,False
Brazil.regions.MG:Itamogi,1.0,0.0,5.317082263740756,0.0,False
Brazil.regions.MG:Ituiutaba,5.939926180476008,0.0,138.54881629512377,0.0,False
Brazil.regions.MG:Mantena,1.8286445012787726,0.0,14.475660578961973,0.0,False
Brazil.regions.MG:Maripá de Minas,2.983097304705345,0.0,26.97950985466353,0.0,False
Brazil.regions.MG:Paraopeba,6.0,0.0,14.21870573050568,0.0,False
Brazil.regions.MG:Porto Firme,3.2393162393162394,0.0,51.78226676875652,0.0,False
Brazil.regions.MG:Pratápolis,0.0,0.0,2.682299500606721,0.0,False
Brazil.regions.MG:Rio Novo,0.6138107416879796,0.0,11.792845636768114,0.0,False
Brazil.regions.MG:São Gotardo,7.6046837215222105,0.0,135.76293035338122,0.0,False
Brazil.regions.MG:São João do Manteninha,2.0,0.0,36.89712536452118,0.0,False
Brazil.regions.MS:Mundo Novo,3.763320941759603,0.0,69.54031255175785,0.0,False
Brazil.regions.PA:Primavera,7.411931315277041,0.0,56.55519680292978,0.0,False
Brazil.regions.PB:Caturité,0.0,0.0,6.303906062954143,0.0,False
Brazil.regions.PB:Coremas,2.288301517376407,0.0,21.14846081810545,0.0,False
Brazil.regions.PB:Gurinhém,1.868501529051988,0.0,17.993605061040018,0.0,False
Brazil.regions.PB:Jericó,0.0,0.0,1.3845855513968726,0.0,False
Brazil.regions.PB:Juazeirinho,10.607210626185958,0.0,39.114965385086755,0.0,False
Brazil.regions.PB:São Vicente do Seridó,2.9333333333333336,0.0,24.208265702744058,0.0,False
Brazil.regions.PE:Ibirajuba,2.2322274881516586,0.0,33.3574590915081,0.0,False
Brazil.regions.PE:São José do Egito,1.9560984244999116,0.0,69.14208593660146,0.0,False
Brazil.regions.PI:Altos,4.857368006304178,0.0,75.45357596483574,0.0,False
Brazil.regions.PI:Esperantina,24.786687909364492,0.0,24.29295375932623,0.0,False
Brazil.regions.PR:Floresta,2.101321585903084,0.0,29.36204448568254,0.0,False
Brazil.regions.PR:Ibema,9.671378740591152,0.0,136.57323777314997,0.0,False
Brazil.regions.PR:Imbaú,3.1038374717832955,0.0,56.28439183518479,0.0,False
Brazil.regions.PR:Imbituva,9.181818181818182,0.0,15.122447868158789,0.0,False
Brazil.regions.PR:Lupionópolis,0.0,0.0,6.019051606825078,0.0,False
Brazil.regions.PR:Quitandinha,8.047629039026438,0.0,159.86989443280672,0.0,False
Brazil.regions.PR:Rio Branco do Sul,14.644968200523756,0.0,252.0362216988666,0.0,False
Brazil.regions.RJ:Natividade,1.7672634271099743,0.0,7.005184163588831,0.0,False
Brazil.regions.RN:Macau,8.533333333333333,0.0,17.82959222216536,0.0,False
Brazil.regions.RN:Parelhas,1.5484710474951204,0.0,35.695320674779545,0.0,False
Brazil.regions.RN:Senador Elói de Souza,0.8623298033282903,0.0,12.725615216644353,0.0,False
Brazil.regions.RS:Arvorezinha,2.6483180428134556,0.0,42.60014481586933,0.0,False
Brazil.regions.RS:Camaquã,19.21108884435538,0.0,290.37775782837775,0.0,False
Brazil.regions.RS:Colinas,4.586815561959655,0.0,279.221684411374,0.0,False
Brazil.regions.RS:Imigrante,6.040920716112532,0.0,228.38337108997789,0.0,False
Brazil.regions.RS:Santo Antônio da Patrulha,18.30928523714095,0.0,287.2769208504224,0.0,False
Brazil.regions.RS:Santo Cristo,7.594972461516736,0.0,115.94688108318162,0.0,False
Brazil.regions.RS:São Domingos do Sul,14.484824902723737,0.0,168.90781188662075,0.0,False
Brazil.regions.SC:Agronômica,0.0,1.0,4.049208119843952,18.355359765051393,False
Brazil.regions.SC:Coronel Freitas,0.959079283887468,0.0,18.007849151557945,0.0,False
Brazil.regions.SC:Mafra,13.77463054187192,0.0,222.85100399177452,0.0,False
Brazil.regions.SC:Orleans,4.814387825685959,0.0,99.52599052206007,0.0,False
Brazil.regions.SC:Porto União,1.177159590043924,0.0,29.083909524573734,0.0,False
Brazil.regions.SC:Salete,1.6808622502628814,0.0,17.623586814863692,0.0,False
Brazil.regions.SC:São Pedro de Alcântara,5.605807743658212,0.0,77.71511686722616,0.0,False
Brazil.regions.SC:Treze Tílias,1.1707779886148009,0.0,17.708800258300744,0.0,False
Brazil.regions.SE:Pinhão,1.6680497925311202,0.0,23.508340936604252,0.0,False
Brazil.regions.SE:Santa Luzia do Itanhy,1.398828887443071,0.0,28.19746273088479,0.0,False
Brazil.regions.SP:Avanhandava,0.959079283887468,0.0,20.700341251115937,0.0,False
Brazil.regions.SP:Boracéia,0.0,0.0,6.427831352926501,0.0,False
Brazil.regions.SP:Caconde,2.3584905660377355,0.0,42.77975903439046,0.0,False
Brazil.regions.SP:Cerqueira César,1.4231499051233398,0.0,29.432162537720956,0.0,False
Brazil.regions.SP:Dourado,0.7,0.0,6.674699265280035,0.0,False
Brazil.regions.SP:Elisiário,0.0,0.0,13.083604585962101,0.0,False
Brazil.regions.SP:Guapiara,0.9722222222222222,0.0,2.811005511138419,0.0,False
Brazil.regions.SP:Ilha Solteira,1.6055939104266241,0.0,65.37917527511898,0.0,False
Brazil.regions.SP:Ipeúna,0.0,0.0,1.0540975768268428,0.0,False
Brazil.regions.SP:Itirapuã,0.0,0.0,1.080830967502207,0.0,False
Brazil.regions.SP:Itápolis,0.9523809523809524,0.0,9.778366505177404,0.0,False
Brazil.regions.SP:Manduri,1.0,0.0,6.006665742564243,0.0,False
Brazil.regions.SP:Neves Paulista,0.9715370018975332,0.0,9.540758065256346,0.0,False
Brazil.regions.SP:Novo Horizonte,6.041666666666666,0.0,25.14890415700042,0.0,False
Brazil.regions.SP:Palmital,2.8338590956887493,0.0,50.347522095667856,0.0,False
Brazil.regions.SP:Pilar do Sul,3.6768038163387,0.0,86.73499835734455,0.0,False
Brazil.regions.SP:Sales Oliveira,1.0,0.0,2.51470621854361,0.0,False
Brazil.regions.SP:Santa Cruz do Rio Pardo,11.057337610264636,0.0,144.6804761793284,0.0,False
Brazil.regions.SP:São Bento do Sapucaí,0.0,0.0,5.113285309483961,0.0,False
Brazil.regions.SP:Tambaú,2.7142857142857144,0.0,4.07518676203702,0.0,False
Brazil.regions.SP:Terra Roxa,12.790987535953981,0.0,189.00664401044992,0.0,False
Brazil.regions.SP:Urupês,1.9047619047619049,0.0,7.401938303505576,0.0,False
Brazil.regions.TO:Colinas do Tocantins,10.49359720605355,0.0,8.24053026987224,0.0,False
United_States_of_America.regions.Arkansas:Crawford,15.619906479625918,0.0,284.53333309259244,0.0,False
United_States_of_America.regions.Kentucky:Greenup,8.340364333652925,0.0,174.3318580256481,0.0,False
United_States_of_America.regions.Kentucky:Nelson,7.250501002004008,0.0,261.8612444708839,0.0,False
United_States_of_America.regions.Kentucky:Spencer,10.561122244488978,0.0,237.1333864412177,0.0,False
United_States_of_America.regions.Maine:Knox,9.712358049432199,0.0,255.8100178512723,0.0,False
United_States_of_America.regions.Maryland:Caroline,49.388777555110224,0.0,84.91959402150465,0.0,False
United_States_of_America.regions.North Carolina:Currituck,13.126133909287258,0.0,251.84933196611254,0.0,False
United_States_of_America.regions.North Carolina:Haywood,3.9468684025334273,0.0,205.05453504238403,0.0,False
United_States_of_America.regions.North Carolina:Scotland,3.003340013360053,0.0,226.74540941181007,0.0,False
United_States_of_America.regions.North Carolina:Stokes,7.122510968612893,0.0,202.9720145246605,0.0,False
United_States_of_America.regions.Ohio:Fulton,3.7080828323313293,0.0,236.79896612905068,0.0,False
United_States_of_America.regions.Ohio:Logan,6.792651970607882,0.0,256.7633528592883,0.0,False
United_States_of_America.regions.South Dakota:Lincoln,114.2496993987976,0.0,100.94012523146763,0.0,False
United_States_of_America.regions.Tennessee:Dickson,38.28002672010688,0.0,183.69060572702372,0.0,False
United_States_of_America.regions.Tennessee:Rhea,1.4114002478314747,0.0,61.24131165984778,0.0,False
United_States_of_America.regions.Texas:Waller,11.936501079913606,0.0,217.38941001541107,0.0,False
United_States_of_America.regions.Utah:Cache,16.432865731462925,0.0,263.4798102518869,0.0,False
United_States_of_America.regions.Virginia:Mathews,16.65250501002004,0.0,249.37355505777606,0.0,False
United_States_of_America.regions.Virginia:Orange,11.993987975951905,0.0,204.71087572562058,0.0,False
United_States_of_America.regions.Virginia:Pulaski,10.021991555242785,0.0,201.0644443233794,0.0,False
United_States_of_America.regions.Washington:San Juan,11.527054108216433,0.0,221.68275788648722,0.0,False
United_States_of_America.regions.West Virginia:Marshall,8.84502338009352,0.0,251.21714349528185,0.0,False
Brazil.regions.AL:Pindoba,1.5431164901664143,0.0,88.64050737983368,0.0,False
Brazil.regions.BA:Almadina,2.505257623554153,0.0,31.338877063181176,0.0,False
Brazil.regions.BA:Arataca,1.0602928509905256,0.0,25.207026602532874,0.0,False
Brazil.regions.BA:Cansanção,9.629539951573848,0.0,149.1970520116228,0.0,False
Brazil.regions.BA:Igrapiúna,1.0,0.0,0.8155782806960818,0.0,False
Brazil.regions.BA:Itapicuru,0.8363636363636363,0.0,16.227627756256307,0.0,False
Brazil.regions.BA:Itapitanga,0.9531013615733737,0.0,16.57116348383238,0.0,False
Brazil.regions.BA:Itiúba,0.0,1.0,11.535224215796818,2.7709274294106234,False
Brazil.regions.BA:Lajedo do Tabocal,1.5838303512259777,0.0,12.117154177167654,0.0,False
Brazil.regions.BA:Livramento de Nossa Senhora,1.3058103975535167,0.0,46.96414838886372,0.0,False
Brazil.regions.BA:Luís Eduardo Magalhães,7.010309278350516,0.0,138.9449268774629,0.0,False
Brazil.regions.BA:Mucuri,2.857142857142857,0.0,5.0670435271111085,0.0,False
Brazil.regions.BA:Piripá,13.44678811121764,0.0,197.33825718658952,0.0,False
Brazil.regions.BA:Piritiba,0.0,0.0,10.266563683179568,0.0,False
Brazil.regions.BA:Quixabeira,1.0555555555555556,0.0,12.291724734249787,0.0,False
Brazil.regions.BA:Santaluz,1.3868876080691641,0.0,43.36638389906351,0.0,False
Brazil.regions.BA:Saúde,0.3333333333333333,0.0,4.768717215069147,0.0,False
Brazil.regions.BA:Serra Preta,2.912383749388155,0.0,49.249821700423304,0.0,False
Brazil.regions.BA:Tucano,1.4800759013282732,0.0,33.50744947839467,0.0,False
Brazil.regions.CE:Assaré,1.8228404099560762,0.0,36.11358113023756,0.0,False
Brazil.regions.CE:Campos Sales,4.161947904869762,0.0,24.76048525970666,0.0,False
Brazil.regions.CE:Cariré,7.492072480181201,0.0,12.143491942199361,0.0,False
Brazil.regions.CE:Deputado Irapuan Pinheiro,0.25382262996941896,0.0,16.13541179631663,0.0,False
Brazil.regions.CE:Jati,2.0,0.0,22.68065639325884,0.0,False
Brazil.regions.CE:Morada Nova,71.82262996941897,0.0,76.19988814709714,0.0,False
Brazil.regions.CE:Palhano,3.5333333333333337,0.0,35.696993289755405,0.0,False
Brazil.regions.CE:Paramoti,4.044906900328587,0.0,19.30741646065811,0.0,False
Brazil.regions.CE:Senador Pompeu,6.979751403368083,0.0,169.2338083729298,0.0,False
Brazil.regions.ES:Divino de São Lourenço,1.3195020746887967,0.0,12.245790184990025,0.0,False
Brazil.regions.ES:Laranja da Terra,3.0449069003285874,0.0,17.35358790002147,0.0,False
Brazil.regions.GO:Anhanguera,10.351625547613558,0.0,106.30303055013384,0.0,False
Brazil.regions.GO:Anicuns,0.0,0.0,9.72949260630584,0.0,False
Brazil.regions.GO:Carmo do Rio Verde,2.82350858559037,0.0,52.268255006914835,0.0,False
Brazil.regions.GO:Caturaí,1.2486308871851042,0.0,16.753450508278338,0.0,False
Brazil.regions.GO:Itaguaru,7.785369774919615,0.0,105.01036166180357,0.0,False
Brazil.regions.GO:Jesúpolis,1.0809748427672956,0.0,43.41941957372503,0.0,False
Brazil.regions.MA:Araioses,13.542199488491049,0.0,13.069205641042933,0.0,False
Brazil.regions.MA:Bernardo do Mearim,6.095238095238096,0.0,103.10636027334452,0.0,False
Brazil.regions.MA:Chapadinha,116.94915254237289,0.0,34.87095701353864,0.0,False
Brazil.regions.MA:Fortuna,1.7333333333333332,0.0,5.615753251264298,0.0,False
Brazil.regions.MA:Governador Archer,0.2,0.0,7.94228972332642,0.0,False
Brazil.regions.MA:Governador Nunes Freire,5.485986881335719,0.0,94.63483397192405,0.0,False
Brazil.regions.MA:Graça Aranha,1.0,0.0,17.632526093534175,0.0,False
Brazil.regions.MA:Joselândia,0.5228215767634855,0.0,18.43380394119423,0.0,False
Brazil.regions.MA:Maranhãozinho,4.6521739130434785,0.0,12.62022932424006,0.0,False
Brazil.regions.MA:Porto Rico do Maranhão,3.5901328273244784,0.0,66.11310958954226,0.0,False
Brazil.regions.MA:Santa Luzia do Paruá,4.272327964860908,0.0,12.288756971974484,0.0,False
Brazil.regions.MA:São José dos Basílios,0.0,0.0,1.2188594059717381,0.0,False
Brazil.regions.MA:Tufilândia,0.0,0.0,2.8171360260254357,0.0,False
Brazil.regions.MG:Alto Rio Doce,1.2486308871851042,0.0,23.07834537525835,0.0,False
Brazil.regions.MG:Brasília de Minas,1.2234490010515247,0.0,39.213218965511125,0.0,False
Brazil.regions.MG:Campos Altos,19.425517702070806,0.0,285.7426667363577,0.0,False
Brazil.regions.MG:Carmo da Cachoeira,14.140811455847256,0.0,208.389817849494,0.0,False
Brazil.regions.MG:Carmo do Paranaíba,1.25,0.0,6.887509421593078,0.0,False
Brazil.regions.MG:Catas Altas,0.0,0.0,4.295038830983033,0.0,False
Brazil.regions.MG:Chácara,0.0,0.0,17.399618805014498,0.0,False
Brazil.regions.MG:Conceição das Alagoas,8.053710067455771,0.0,135.22988989714915,0.0,False
Brazil.regions.MG:Curvelo,9.908119658119658,0.0,44.459128254908855,0.0,False
Brazil.regions.MG:Diogo de Vasconcelos,0.0,0.0,11.995794698822015,0.0,False
Brazil.regions.MG:Dionísio,3.040920716112532,0.0,36.66453659717522,0.0,False
Brazil.regions.MG:Frutal,8.470328789093825,0.0,187.61067861998941,0.0,False
Brazil.regions.MG:Guimarânia,19.219104876419507,0.0,277.2035524878532,0.0,False
Brazil.regions.MG:Jeceaba,12.750601443464314,0.0,176.88890079233968,0.0,False
Brazil.regions.MG:Mamonas,1.6680497925311202,0.0,23.478107899451228,0.0,False
Brazil.regions.MG:Mutum,1.2876830318690786,0.0,39.74873440561638,0.0,False
Brazil.regions.MG:Nazareno,3.9804364183596688,0.0,59.633778288620015,0.0,False
Brazil.regions.MG:Piracema,1.0357142857142856,0.0,17.457216832156977,0.0,False
Brazil.regions.MG:Porteirinha,1.2676794133053957,0.0,40.133152241702255,0.0,False
Brazil.regions.MG:Santana de Cataguases,0.9772296015180266,0.0,19.409225732460854,0.0,False
Brazil.regions.MG:Santo Antônio do Monte,13.037630779615256,0.0,223.20964002854797,0.0,False
Brazil.regions.MG:São Domingos do Prata,0.0,0.0,8.545451144026497,0.0,False
Brazil.regions.MG:São Francisco de Paula,1.0,0.0,16.335797182738013,0.0,False
Brazil.regions.MG:São José da Barra,0.0,0.0,0.8399518068018388,0.0,False
Brazil.regions.MG:São João da Mata,0.5272727272727272,0.0,16.90622930027973,0.0,False
Brazil.regions.MG:Wenceslau Braz,0.9677419354838711,0.0,79.54645551568723,0.0,False
Brazil.regions.MS:Douradina,1.5,0.0,27.895063749795934,0.0,False
Brazil.regions.PB:Barra de Santana,2.1090909090909093,0.0,21.65298107735315,0.0,False
Brazil.regions.PB:Condado,15.212523719165087,0.0,230.41385133859532,0.0,False
Brazil.regions.PB:Ibiara,0.0,0.0,2.560098987276957,0.0,False
Brazil.regions.PB:Juru,0.0,0.0,4.171358901719046,0.0,False
Brazil.regions.PB:Passagem,0.0,0.0,27.03324479960446,0.0,False
Brazil.regions.PB:Paulista,2.3333333333333335,0.0,12.690959663882486,0.0,False
Brazil.regions.PB:São José da Lagoa Tapada,11.0,0.0,142.9677670966012,0.0,False
Brazil.regions.PE:Bodocó,0.8666666666666666,0.0,11.749601167174356,0.0,False
Brazil.regions.PE:Flores,0.7715582450832073,0.0,20.924096036848507,0.0,False
Brazil.regions.PE:Itaíba,0.9531013615733737,0.0,15.215249602623443,0.0,False
Brazil.regions.PE:São José do Belmonte,1.7020440251572324,0.0,43.16929171271574,0.0,False
Brazil.regions.PI:Jaicós,1.0,0.0,3.837139919914309,0.0,False
Brazil.regions.PI:Miguel Alves,18.04273504273504,0.0,13.72679509693117,0.0,False
Brazil.regions.PI:Morro do Chapéu do Piauí,2.692889561270801,0.0,40.348105830217904,0.0,False
Brazil.regions.PI:Nazária,2.0100502512562812,0.0,33.598602714835565,0.0,False
Brazil.regions.PI:Nossa Senhora dos Remédios,2.0,0.0,20.208344443149663,0.0,False
Brazil.regions.PI:São Julião,2.004739336492891,0.0,33.056205449394156,0.0,False
Brazil.regions.PR:Faxinal,19.03674014696059,0.0,284.1601359911238,0.0,False
Brazil.regions.PR:Itaúna do Sul,2.2997416020671837,0.0,19.39015115027812,0.0,False
Brazil.regions.PR:Ivaí,2.2322274881516586,0.0,39.03560654470812,0.0,False
Brazil.regions.PR:Jaguariaíva,0.0,0.0,11.437287428550816,0.0,False
Brazil.regions.PR:Kaloré,0.0,0.0,10.084092257231584,0.0,False
Brazil.regions.PR:Lapa,14.5431906614786,0.0,247.6130737153646,0.0,False
Brazil.regions.PR:Marilândia do Sul,1.8228404099560762,0.0,29.066644812986883,0.0,False
Brazil.regions.PR:Marumbi,8.716707021791768,0.0,112.2131049517099,0.0,False
Brazil.regions.PR:Morretes,3.133935289691497,0.0,59.995843132705566,0.0,False
Brazil.regions.PR:Nova Aurora,0.0,0.0,4.756877390050834,0.0,False
Brazil.regions.PR:Palmeira,14.55079311508606,0.0,229.92304570237826,0.0,False
Brazil.regions.PR:Prado Ferreira,0.440251572327044,0.0,41.022130514517485,0.0,False
Brazil.regions.PR:Salto do Itararé,0.0,0.0,5.957272873536224,0.0,False
Brazil.regions.PR:São Manoel do Paraná,15.48261896726291,0.0,192.40324141870974,0.0,False
Brazil.regions.PR:Terra Rica,11.48668106551476,0.0,228.09940848341517,0.0,False
Brazil.regions.PR:Tijucas do Sul,1.4444444444444444,0.0,4.839771139268066,0.0,False
Brazil.regions.PR:Três Barras do Paraná,1.9241706161137444,0.0,11.455553338298397,0.0,False
Brazil.regions.PR:Vitorino,12.005874947545111,0.0,171.4686850152476,0.0,False
Brazil.regions.RJ:Cardoso Moreira,1.2531969309462918,0.0,11.037956986563593,0.0,False
Brazil.regions.RJ:Rio Claro,11.2,0.0,51.53658136790714,0.0,False
Brazil.regions.RJ:São Sebastião do Alto,1.970554926387316,0.0,34.084684449113894,0.0,False
Brazil.regions.RN:Carnaubais,15.288558893013837,0.0,224.70460243455977,0.0,False
Brazil.regions.RN:Felipe Guerra,6.385542168674699,0.0,112.09428865596796,0.0,False
Brazil.regions.RN:Parazinho,0.2,0.0,5.73448033867089,0.0,False
Brazil.regions.RN:Santa Maria,1.4549763033175358,0.0,15.524615138545787,0.0,False
Brazil.regions.RN:Tibau,13.96420233463035,0.0,162.10598820962434,0.0,False
Brazil.regions.RO:Cacoal,17.265402843601898,0.0,22.227298844106077,0.0,False
Brazil.regions.RS:Ajuricaba,7.594972461516736,0.0,108.7240773707264,0.0,False
Brazil.regions.RS:Anta Gorda,18.414562458249833,0.0,258.8009721812364,0.0,False
Brazil.regions.RS:Barão de Cotegipe,3.0,0.0,46.089439476640656,0.0,False
Brazil.regions.RS:Cachoeira do Sul,16.466265865063463,0.0,287.3940041989682,0.0,False
Brazil.regions.RS:Canudos do Vale,0.9825378346915016,0.0,128.73411003285545,0.0,False
Brazil.regions.RS:Glorinha,11.207957792921523,0.0,162.30016738281958,0.0,False
Brazil.regions.RS:Lagoa Vermelha,0.959079283887468,0.0,17.548659980244015,0.0,False
Brazil.regions.RS:Maximiliano de Almeida,2.0,0.0,54.233944310926894,0.0,False
Brazil.regions.RS:Mormaço,1.2738589211618259,0.0,26.660296789075815,0.0,False
Brazil.regions.RS:Nova Palma,19.425517702070806,0.0,276.9216302828592,0.0,False
Brazil.regions.RS:Paim Filho,1.040920716112532,0.0,50.34302063583434,0.0,False
Brazil.regions.RS:Palmeira das Missões,1.2110249784668392,0.0,39.972630652776594,0.0,False
Brazil.regions.RS:Paraíso do Sul,0.959079283887468,0.0,14.888007380454575,0.0,False
Brazil.regions.RS:Progresso,4.0,0.0,66.11256677655184,0.0,False
Brazil.regions.RS:Ronda Alta,0.0,0.0,4.873079293542505,0.0,False
Brazil.regions.RS:Soledade,11.90744920993228,0.0,29.628454739065788,0.0,False
Brazil.regions.RS:São Jorge,10.75071907957814,0.0,85.86021406417582,0.0,False
Brazil.regions.RS:São Lourenço do Sul,11.28007217321572,0.0,191.04949764012645,0.0,False
Brazil.regions.RS:São Luiz Gonzaga,0.4612005856515374,0.0,31.49019207476854,0.0,False
Brazil.regions.RS:São Valentim do Sul,0.5272727272727272,0.0,22.75363776629124,0.0,False
Brazil.regions.RS:São Valério do Sul,0.959079283887468,0.0,13.916798783193613,0.0,False
Brazil.regions.RS:Três Palmeiras,0.7587806494367132,0.0,49.23497256526174,0.0,False
Brazil.regions.RS:Áurea,0.0,0.0,13.831158427949566,0.0,False
Brazil.regions.SC:Anchieta,2.5238095238095233,0.0,48.1949041158696,0.0,False
Brazil.regions.SC:Arvoredo,1.2005856515373354,0.0,139.23325191304758,0.0,False
Brazil.regions.SC:Campo Alegre,0.0,0.0,5.9575124733924465,0.0,False
Brazil.regions.SC:Campos Novos,0.0,0.0,11.547074280678139,0.0,False
Brazil.regions.SC:Guatambú,6.29045643153527,0.0,152.2749101065105,0.0,False
Brazil.regions.SC:Ibicaré,1.4800759013282732,0.0,16.386657677393913,0.0,False
Brazil.regions.SC:Irati,14.83286418015482,0.0,178.53391608732866,0.0,False
Brazil.regions.SC:Jaborá,3.109884332281809,0.0,121.56847602005217,0.0,False
Brazil.regions.SC:Jacinto Machado,0.4166666666666667,0.0,4.784512217365602,0.0,False
Brazil.regions.SC:Lindóia do Sul,27.59212283044059,0.0,654.9578637232871,0.0,False
Brazil.regions.SC:Palma Sola,3.472862006809533,0.0,50.56794072851203,0.0,False
Brazil.regions.SC:Ponte Serrada,11.205434062292909,0.0,77.12042754492349,0.0,False
Brazil.regions.SC:Presidente Castello Branco,3.042813455657492,0.0,374.5369339871503,0.0,False
Brazil.regions.SC:São João do Itaperiú,1.3791469194312798,0.0,27.9529942906002,0.0,False
Brazil.regions.SC:Treviso,0.0,0.0,11.145617252730966,0.0,False
Brazil.regions.SE:Graccho Cardoso,2.727272727272727,0.0,51.277889987710175,0.0,False
Brazil.regions.SP:Américo de Campos,0.6024096385542169,0.0,12.807403123612863,0.0,False
Brazil.regions.SP:Apiaí,6.135539795114263,0.0,98.96032533659462,0.0,False
Brazil.regions.SP:Brotas,1.9285714285714286,0.0,2.305285241193882,0.0,False
Brazil.regions.SP:Coroados,2.2262964903090623,0.0,37.53253500891187,0.0,False
Brazil.regions.SP:General Salgado,0.9722222222222222,0.0,4.122884871653763,0.0,False
Brazil.regions.SP:Guarani d'Oeste,0.0,0.0,35.69384835479256,0.0,False
Brazil.regions.SP:Guzolândia,3.2393162393162394,0.0,42.442158952685666,0.0,False
Brazil.regions.SP:Iacanga,0.967741935483871,0.0,20.924146698364112,0.0,False
Brazil.regions.SP:Itaí,2.15295966474594,0.0,41.42008315037738,0.0,False
Brazil.regions.SP:Juquiá,1.1098527746319367,0.0,39.58060012005403,0.0,False
Brazil.regions.SP:Lavínia,0.6803069053708439,0.0,9.914356295162095,0.0,False
Brazil.regions.SP:Luís Antônio,0.0,0.0,7.615845898234805,0.0,False
Brazil.regions.SP:Monções,0.0,0.0,29.96122329945834,0.0,False
Brazil.regions.SP:Morro Agudo,1.6272655634357767,0.0,82.97293104695855,0.0,False
Brazil.regions.SP:Nova Campina,0.7715582450832073,0.0,15.093027647736768,0.0,False
Brazil.regions.SP:Nuporanga,0.0,0.0,0.8508233351966776,0.0,False
Brazil.regions.SP:Paraibuna,1.8346253229974159,0.0,38.315400594965375,0.0,False
Brazil.regions.SP:Parisi,2.2997416020671837,0.0,13.498150795268693,0.0,False
Brazil.regions.SP:Patrocínio Paulista,0.635673624288425,0.0,18.63924967089989,0.0,False
Brazil.regions.SP:Quintana,1.2905982905982905,0.0,16.722543376856496,0.0,False
Brazil.regions.SP:Reginópolis,0.825426944971537,0.0,18.282036600232846,0.0,False
Brazil.regions.SP:Ribeirão Branco,6.194968553459118,0.0,23.916583344942527,0.0,False
Brazil.regions.SP:Ribeirão Grande,0.0,0.0,1.273439537817893,0.0,False
Brazil.regions.SP:Rosana,3.0,0.0,9.727976817209191,0.0,False
Brazil.regions.SP:Sales,0.0,0.0,1.4891413574777577,0.0,False
Brazil.regions.SP:Santa Maria da Serra,1.7630331753554505,0.0,31.97035848652256,0.0,False
Brazil.regions.SP:Taquarivaí,0.7416879795396419,0.0,11.080300556006765,0.0,False
Brazil.regions.SP:União Paulista,1.4129244249726178,0.0,31.82311733564028,0.0,False
Brazil.regions.TO:Esperantina,1.0,0.0,3.8822805119406127,0.0,False
Brazil.regions.TO:Sampaio,0.7400379506641366,0.0,10.679021803071082,0.0,False
United_States_of_America.regions.Arkansas:Boone,16.786907147628593,0.0,282.4899655326784,0.0,False
United_States_of_America.regions.Arkansas:Hot Spring,5.717702070808283,0.0,243.29292233751116,0.0,False
United_States_of_America.regions.California:Amador,14.826987307949233,0.0,277.1522624121281,0.0,False
United_States_of_America.regions.Florida:Okeechobee,3.39113883039041,0.0,198.76880137588805,0.0,False
United_States_of_America.regions.Florida:Union,9.764202334630351,0.0,201.57576051025407,0.0,False
United_States_of_America.regions.Georgia:Bleckley,1.760568649457538,0.0,114.18652642047725,0.0,False
United_States_of_America.regions.Georgia:Evans,5.40005359056806,0.0,91.99715191094036,0.0,False
United_States_of_America.regions.Georgia:Morgan,5.167668670674682,0.0,177.51955827716907,0.0,False
United_States_of_America.regions.Idaho:Bonneville,6.599584055459273,0.0,261.91724231261577,0.0,False
United_States_of_America.regions.Illinois:Henry,24.984368737474952,0.0,199.7112920004117,0.0,False
United_States_of_America.regions.Illinois:Marion,15.417583239805463,0.0,173.35036668663392,0.0,False
United_States_of_America.regions.Illinois:Massac,12.655110967114855,0.0,212.29725508722225,0.0,False
United_States_of_America.regions.Illinois:Saline,14.316498316498315,0.0,246.2025731034602,0.0,False
United_States_of_America.regions.Indiana:Posey,10.280561122244487,0.0,248.02265044628723,0.0,False
United_States_of_America.regions.Indiana:Vermillion,13.423223570190641,0.0,238.58656771779786,0.0,False
United_States_of_America.regions.Iowa:Lee,4.59335413989352,0.0,179.92855907711908,0.0,False
United_States_of_America.regions.Iowa:Marion,4.4809542902967125,0.0,159.7310954742746,0.0,False
United_States_of_America.regions.Kansas:Miami,14.93587521663778,0.0,268.49932516952856,0.0,False
United_States_of_America.regions.Kentucky:Carter,8.906040268456376,0.0,185.0208471216529,0.0,False
United_States_of_America.regions.Kentucky:Harlan,1.2486308871851042,0.0,28.324579341215504,0.0,False
United_States_of_America.regions.Kentucky:Harrison,10.144154976619907,0.0,217.43677887313126,0.0,False
United_States_of_America.regions.Kentucky:Henry,10.529961089494163,0.0,208.22453073552816,0.0,False
United_States_of_America.regions.Kentucky:Larue,15.445824983299936,0.0,256.7393241417132,0.0,False
United_States_of_America.regions.Kentucky:Letcher,11.583892617449663,0.0,193.39489277066122,0.0,False
United_States_of_America.regions.Kentucky:Marion,9.242798353909464,0.0,189.34269977073765,0.0,False
United_States_of_America.regions.Kentucky:Trimble,7.86682808716707,0.0,119.38137423933634,0.0,False
United_States_of_America.regions.Michigan:Benzie,1.7234762979683973,0.0,49.20575673534386,0.0,False
United_States_of_America.regions.Michigan:Leelanau,14.456913827655312,0.0,264.7825684085634,0.0,False
United_States_of_America.regions.Michigan:Mason,2.9353755770037764,0.0,133.69120373704664,0.0,False
United_States_of_America.regions.Michigan:Newaygo,1.933066132264529,0.0,250.35632664461596,0.0,False
United_States_of_America.regions.Minnesota:Douglas,9.947444204463643,0.0,249.5293014053836,0.0,False
United_States_of_America.regions.Minnesota:Goodhue,6.907281229124917,0.0,246.66816693326567,0.0,False
United_States_of_America.regions.Minnesota:Mower,7.7687374749499,0.0,223.59591760497352,0.0,False
United_States_of_America.regions.Missouri:Butler,9.100842378098168,0.0,187.3492741153665,0.0,False
United_States_of_America.regions.Missouri:Johnson,29.492585170340686,0.0,203.7879827175548,0.0,False
United_States_of_America.regions.Missouri:Lawrence,3.57839947950553,0.0,26.28169925449738,0.0,False
United_States_of_America.regions.Missouri:Marion,1.419112114371708,0.0,54.925476202273266,0.0,False
United_States_of_America.regions.Missouri:Phelps,11.894546912590217,0.0,192.55411136444212,0.0,False
United_States_of_America.regions.Missouri:Webster,8.727572016460904,0.0,230.532917021012,0.0,False
United_States_of_America.regions.New Hampshire:Grafton,14.544822979291917,0.0,253.34547064243364,0.0,False
United_States_of_America.regions.North Carolina:Ashe,4.8940701303469805,0.0,178.23897986844864,0.0,False
United_States_of_America.regions.North Carolina:Beaufort,6.757915831663327,0.0,249.93171797580922,0.0,False
United_States_of_America.regions.North Carolina:Yancey,4.98373454782043,0.0,10.795057221284784,0.0,False
United_States_of_America.regions.North Dakota:Burleigh,45.112090848363394,0.0,223.7596472005866,0.0,False
United_States_of_America.regions.Ohio:Coshocton,9.919839679358718,0.0,252.2307762722456,0.0,False
United_States_of_America.regions.Ohio:Hardin,7.759028012149847,0.0,162.8346389101519,0.0,False
United_States_of_America.regions.Ohio:Henry,5.642998461200265,0.0,149.07793508826634,0.0,False
United_States_of_America.regions.Ohio:Pike,16.38197573656846,0.0,270.67976262641,0.0,False
United_States_of_America.regions.Oklahoma:Okmulgee,11.18690714762859,0.0,252.56663999999847,0.0,False
United_States_of_America.regions.Pennsylvania:Jefferson,7.718212337389844,0.0,173.2545173151579,0.0,False
United_States_of_America.regions.South Carolina:Chester,7.907815631262524,0.0,205.3693580704598,0.0,False
United_States_of_America.regions.Tennessee:Cannon,11.810287241148965,0.0,219.1654841246443,0.0,False
United_States_of_America.regions.Tennessee:Chester,12.302872411489647,0.0,239.96445696711183,0.0,False
United_States_of_America.regions.Tennessee:Henderson,7.38542665388303,0.0,177.04215478730916,0.0,False
United_States_of_America.regions.Tennessee:Henry,9.377681785457161,0.0,234.30575599962128,0.0,False
United_States_of_America.regions.Tennessee:Johnson,13.484367417677642,0.0,247.2051039987998,0.0,False
United_States_of_America.regions.Tennessee:Lincoln,10.231796927187707,0.0,256.1377096249258,0.0,False
United_States_of_America.regions.Tennessee:Meigs,8.752839011356043,0.0,198.17590163052077,0.0,False
United_States_of_America.regions.Tennessee:Sequatchie,11.377531184189209,0.0,206.5280523447663,0.0,False
United_States_of_America.regions.Tennessee:Weakley,5.25684575389948,0.0,227.80770085924527,0.0,False
United_States_of_America.regions.Texas:Rains,8.705811138014527,0.0,136.37409042219872,0.0,False
United_States_of_America.regions.Virginia:Carroll,4.987548638132296,0.0,182.9039157851907,0.0,False
United_States_of_America.regions.Virginia:Dinwiddie,10.400965169953839,0.0,105.99472321761677,0.0,False
United_States_of_America.regions.Virginia:Russell,8.84923817161187,0.0,178.28230865411518,0.0,False
United_States_of_America.regions.Virginia:Smyth,10.602543958099513,0.0,221.64941457750285,0.0,False
United_States_of_America.regions.West Virginia:Mason,11.604676018704074,0.0,248.60445980845498,0.0,False
United_States_of_America.regions.West Virginia:Pleasants,18.633934535738145,0.0,268.1946935391864,0.0,False
United_States_of_America.regions.Wisconsin:Chippewa,7.242752171008684,0.0,259.31004284956884,0.0,False
United_States_of_America.regions.Wisconsin:Green,8.09752839011356,0.0,252.8117705414359,0.0,False
Brazil.regions.BA:Conceição do Jacuípe,19.077488309953242,0.0,288.1444679777043,0.0,False
Brazil.regions.MG:Juatuba,1.7109004739336495,0.0,40.59490042786294,0.0,False
Brazil.regions.MG:Lagoa Santa,1.6993791307830965,0.0,55.56920438225533,0.0,False
Brazil.regions.MG:Ubá,6.030473135525259,0.0,189.90350966766727,0.0,False
Brazil.regions.RS:Xangri-lá,2.3584905660377355,0.0,41.95248733088361,0.0,False
Brazil.regions.SC:Rio do Sul,2.698771359977405,0.0,108.3398557687171,0.0,False
Brazil.regions.SP:Santa Gertrudes,5.605807743658212,0.0,90.78593878837064,0.0,False
Saint_Vincent_and_the_Grenadines,10.529058116232465,0.0,282.2623385831368,0.0,False
Brazil.regions.SC:Bombinhas,1.6680497925311202,0.0,33.1111001223992,0.0,False
Brazil.regions.SP:Potim,0.0,0.0,10.248204155047963,0.0,False
Brazil.regions.AL:Piranhas,1.0,0.0,6.318612206731464,0.0,False
Brazil.regions.BA:Anguera,0.34545454545454546,0.0,8.076518085915701,0.0,False
Brazil.regions.BA:Conceição do Almeida,0.0,0.0,8.508041829007523,0.0,False
Brazil.regions.BA:Coração de Maria,3.5741158765989463,0.0,65.02959778551333,0.0,False
Brazil.regions.BA:Jaguaquara,4.239709443099274,0.0,139.1611109546592,0.0,False
Brazil.regions.BA:Retirolândia,1.5289525048796357,0.0,13.314558815407779,0.0,False
Brazil.regions.BA:Santa Bárbara,2.7555031446540883,0.0,18.660485115228596,0.0,False
Brazil.regions.CE:Fortim,18.567802271209082,0.0,280.93800858751365,0.0,False
Brazil.regions.CE:Ibiapina,6.274881516587677,0.0,14.449276441768358,0.0,False
Brazil.regions.CE:Penaforte,0.6666666666666666,0.0,6.2481385742885704,0.0,False
Brazil.regions.ES:Ibiraçu,8.83259823576584,0.0,156.92443867572487,0.0,False
Brazil.regions.ES:João Neiva,3.994325767690254,0.0,39.185422154945044,0.0,False
Brazil.regions.ES:Marechal Floriano,15.939977349943376,0.0,65.31011614571591,0.0,False
Brazil.regions.ES:Pedro Canário,3.179238985313752,0.0,81.30246209930925,0.0,False
Brazil.regions.MG:Congonhal,0.5272727272727272,0.0,13.481194403133095,0.0,False
Brazil.regions.MG:Divino,0.967741935483871,0.0,26.464417261554516,0.0,False
Brazil.regions.MG:Engenheiro Caldas,0.0,0.0,5.3246535313220456,0.0,False
Brazil.regions.MG:Nova Porteirinha,0.7715582450832073,0.0,12.010847569144595,0.0,False
Brazil.regions.MG:Ouro Preto,0.0,1.0,12.959912364637711,1.3462392805697287,False
Brazil.regions.MG:Passa Quatro,0.2857142857142857,0.0,6.439568888756843,0.0,False
Brazil.regions.MG:São João del Rei,12.251302605210423,0.0,283.05597608560413,0.0,False
Brazil.regions.MS:Fátima do Sul,4.3,0.0,15.132805506492863,0.0,False
Brazil.regions.PB:Cuité de Mamanguape,0.0,0.0,1.7213320191400208,0.0,False
Brazil.regions.PB:Curral de Cima,0.0,0.0,4.825281299120091,0.0,False
Brazil.regions.PB:Mogeiro,0.0,1.0,6.7782985888991005,7.527853056308341,False
Brazil.regions.PB:Salgado de São Félix,2.904761904761905,0.0,17.858279201266235,0.0,False
Brazil.regions.PB:São José dos Ramos,1.9272727272727272,0.0,36.141967099235245,0.0,False
Brazil.regions.PB:Vista Serrana,0.0,0.0,12.02349553752031,0.0,False
Brazil.regions.PE:Canhotinho,0.4666666666666666,0.0,10.448035632261076,0.0,False
Brazil.regions.PE:Paranatama,0.25,0.0,4.9835019269168335,0.0,False
Brazil.regions.PI:Marcolândia,2.4181818181818184,0.0,24.703458096967562,0.0,False
Brazil.regions.PR:Barracão,2.202718006795017,0.0,38.57252868595033,0.0,False
Brazil.regions.PR:Colorado,1.3615733736762479,0.0,12.29598991980487,0.0,False
Brazil.regions.PR:Contenda,17.409647228221743,0.0,264.36444184637236,0.0,False
Brazil.regions.PR:Figueira,0.0,0.0,1.4361387751945713,0.0,False
Brazil.regions.PR:Irati,0.0,0.0,12.659437662959016,0.0,False
Brazil.regions.PR:Telêmaco Borba,7.563126252505011,0.0,274.5314139004313,0.0,False
Brazil.regions.RJ:Carmo,2.10128055878929,0.0,19.300928045636304,0.0,False
Brazil.regions.RN:Guamaré,5.47562893081761,0.0,9.63726021765538,0.0,False
Brazil.regions.RN:Januário Cicco,6.2316784869976365,0.0,93.63527122758043,0.0,False
Brazil.regions.RN:Luís Gomes,15.48261896726291,0.0,225.91751628580795,0.0,False
Brazil.regions.RN:Serra de São Bento,3.532946124574404,0.0,47.9738938974399,0.0,False
Brazil.regions.RS:Estação,1.040920716112532,0.0,22.325581950617767,0.0,False
Brazil.regions.SC:Itapiranga,13.552414172939233,0.0,207.1923464085792,0.0,False
Brazil.regions.SC:Jaguaruna,15.774081496325987,0.0,268.769077570599,0.0,False
Brazil.regions.SC:Lages,3.569806279225117,0.0,278.0736286995873,0.0,False
Brazil.regions.SC:Mondaí,0.0,0.0,5.7897149223322915,0.0,False
Brazil.regions.SE:Aquidabã,2.8251507321274762,0.0,28.10906758698354,0.0,False
Brazil.regions.SE:Brejo Grande,0.0,0.0,2.271009028767436,0.0,False
Brazil.regions.SE:Malhada dos Bois,1.16398243045388,0.0,18.197543037068623,0.0,False
Brazil.regions.SP:Bálsamo,0.0,0.0,3.2783616143296292,0.0,False
Brazil.regions.SP:Cajobi,1.1563981042654028,0.0,25.59020897318745,0.0,False
Brazil.regions.SP:Dobrada,1.4382785956964892,0.0,27.74659707651026,0.0,False
Brazil.regions.SP:Ituverava,1.6822766570605188,0.0,44.65235275360243,0.0,False
Brazil.regions.SP:Pirapozinho,0.8728652751423149,0.0,29.641672171119772,0.0,False
Brazil.regions.SP:São Pedro,9.888514777403666,0.0,191.04617267873553,0.0,False
Brazil.regions.SP:Taiaçu,3.106141522029373,0.0,39.21613395397258,0.0,False
Brazil.regions.SP:Tapiratiba,1.3472485768500948,0.0,26.73939035826308,0.0,False
United_States_of_America.regions.Georgia:Walker,36.454474708171205,0.0,180.7839033525413,0.0,False
United_States_of_America.regions.Missouri:Christian,10.070808283233132,0.0,272.34653156118446,0.0,False
United_States_of_America.regions.New Hampshire:Belknap,9.136272545090181,0.0,243.98813349081732,0.0,False
United_States_of_America.regions.South Carolina:Greenwood,21.276553106212422,0.0,233.31847362193537,0.0,False
United_States_of_America.regions.Tennessee:Robertson,105.95858383433536,0.0,132.9779663114574,0.0,False
United_States_of_America.regions.Texas:Parker,10.714094856379427,0.0,270.4160068906097,0.0,False
Brazil.regions.PR:Sarandi,12.795654468684024,0.0,223.29314257184924,0.0,False
Brazil.regions.AC:Epitaciolândia,1.1454545454545455,0.0,7.910841779286259,0.0,False
Brazil.regions.AC:Senador Guiomard,16.379344101811064,0.0,49.67881898135313,0.0,False
Brazil.regions.BA:Aracatu,1.1847484276729559,0.0,27.31541195623935,0.0,False
Brazil.regions.BA:Encruzilhada,0.0,0.0,8.425874096107123,0.0,False
Brazil.regions.BA:Guaratinga,2.2322274881516586,0.0,41.442962764364054,0.0,False
Brazil.regions.BA:Iaçu,3.6,0.0,4.619995238149893,0.0,False
Brazil.regions.BA:Ibitiara,0.0,0.0,8.18582604388545,0.0,False
Brazil.regions.BA:Itapebi,7.377565137191608,0.0,117.1250860366441,0.0,False
Brazil.regions.BA:Jussiape,1.9518542615484713,0.0,26.952095015040573,0.0,False
Brazil.regions.BA:Maracás,1.029285099052541,0.0,35.06849087679513,0.0,False
Brazil.regions.BA:Mirangaba,1.0,0.0,3.3998368889635757,0.0,False
Brazil.regions.BA:Piatã,0.0,0.0,8.466053531559133,0.0,False
Brazil.regions.BA:Presidente Jânio Quadros,0.0,0.0,6.201110309496629,0.0,False
Brazil.regions.BA:Umburanas,2.5869894099848714,0.0,7.982120971050608,0.0,False
Brazil.regions.BA:Várzea Nova,2.15295966474594,0.0,37.23084290385155,0.0,False
Brazil.regions.CE:Poranga,2.3175355450236967,0.0,9.490881243059404,0.0,False
Brazil.regions.GO:Barro Alto,2.6945320715036805,0.0,44.64514559043031,0.0,False
Brazil.regions.GO:Corumbá de Goiás,1.2486308871851042,0.0,23.16835437615844,0.0,False
Brazil.regions.GO:Edéia,1.2486308871851042,0.0,24.08648692656188,0.0,False
Brazil.regions.GO:Paranaiguara,16.78443579766537,0.0,244.48351238729032,0.0,False
Brazil.regions.GO:Pirenópolis,0.0,0.0,10.291377275527017,0.0,False
Brazil.regions.GO:Silvânia,19.425517702070806,0.0,287.3784686329972,0.0,False
Brazil.regions.MA:Barão de Grajaú,0.959079283887468,0.0,22.713389039725907,0.0,False
Brazil.regions.MA:Brejo de Areia,0.0,0.0,3.4223902172579415,0.0,False
Brazil.regions.MA:Cidelândia,15.2,0.0,91.9648030812874,0.0,False
Brazil.regions.MA:Governador Newton Bello,2.5150732127476316,0.0,26.013043383183536,0.0,False
Brazil.regions.MA:Nova Olinda do Maranhão,2.3939235201676268,0.0,19.811392554370016,0.0,False
Brazil.regions.MA:Primeira Cruz,8.4,0.0,47.07158260226236,0.0,False
Brazil.regions.MA:Ribamar Fiquene,0.8638426626323752,0.0,12.086794964174148,0.0,False
Brazil.regions.MA:Santo Amaro do Maranhão,5.0,0.0,23.55829364066912,0.0,False
Brazil.regions.MA:Serrano do Maranhão,1.623600344530577,0.0,30.858790840398793,0.0,False
Brazil.regions.MG:Cascalho Rico,0.2,0.0,15.352943229003106,0.0,False
Brazil.regions.MG:Chiador,4.25,0.0,181.07903629673524,0.0,False
Brazil.regions.MG:Comercinho,1.6680497925311202,0.0,23.813726780984993,0.0,False
Brazil.regions.MG:Couto de Magalhães de Minas,0.0,0.0,8.369585316243809,0.0,False
Brazil.regions.MG:Estrela do Sul,0.0,0.0,1.77168185327964,0.0,False
Brazil.regions.MG:Ferros,5.745704467353952,0.0,92.43775925938145,0.0,False
Brazil.regions.MG:Ibiaí,2.2997416020671837,0.0,35.294751456141306,0.0,False
Brazil.regions.MG:Senhora do Porto,2.7463193657984144,0.0,28.255860032225424,0.0,False
Brazil.regions.MG:Serra do Salitre,18.123830093592513,0.0,264.95432597915186,0.0,False
Brazil.regions.MG:Varjão de Minas,0.0,0.0,0.09353083793057948,0.0,False
Brazil.regions.MG:Vazante,6.5869421850956265,0.0,146.89220668156307,0.0,False
Brazil.regions.MS:Bataguassu,1.893162393162393,0.0,49.84574936213384,0.0,False
Brazil.regions.MS:Jardim,13.322015334063527,0.0,27.80754806970874,0.0,False
Brazil.regions.MS:Paranhos,0.0,0.0,7.277756930560266,0.0,False
Brazil.regions.MT:Jaciara,5.759726603575184,0.0,20.615495208430183,0.0,False
Brazil.regions.MT:Rio Branco,2.0357518401682437,0.0,21.482655992623762,0.0,False
Brazil.regions.PA:Curuá,2.6172465960665656,0.0,12.594304722550762,0.0,False
Brazil.regions.PA:Terra Santa,0.8523096942094991,0.0,28.61692373661702,0.0,False
Brazil.regions.PB:Barra de São Miguel,2.912383749388155,0.0,39.83110162900079,0.0,False
Brazil.regions.PB:Catingueira,2.367138364779874,0.0,29.701877895576025,0.0,False
Brazil.regions.PB:Olho d'Água,0.0,0.0,1.0171704510230217,0.0,False
Brazil.regions.PB:São José dos Cordeiros,0.0,0.0,13.257244165156395,0.0,False
Brazil.regions.PE:Belém do São Francisco,0.7999999999999999,0.0,5.622664742800186,0.0,False
Brazil.regions.PI:Avelino Lopes,0.0,0.0,5.447971115488246,0.0,False
Brazil.regions.PI:Bela Vista do Piauí,0.0,0.0,10.60044860385856,0.0,False
Brazil.regions.PI:Betânia do Piauí,3.2393162393162394,0.0,44.83391283804905,0.0,False
Brazil.regions.PI:Castelo do Piauí,0.45215562565720296,0.0,36.57568775035437,0.0,False
Brazil.regions.PI:Coivaras,0.9200438116100766,0.0,16.63141872817935,0.0,False
Brazil.regions.PI:Lagoa do Piauí,2.6071428571428568,0.0,74.45228480023688,0.0,False
Brazil.regions.PI:Palmeirais,0.46776729559748426,0.0,27.353438919221947,0.0,False
Brazil.regions.PI:Pau D'Arco do Piauí,3.2857142857142856,0.0,91.64475776676501,0.0,False
Brazil.regions.PI:Paulistana,0.0,0.0,9.433569664015607,0.0,False
Brazil.regions.PI:Pio IX,2.1865994236311237,0.0,20.20843004386161,0.0,False
Brazil.regions.PI:Sigefredo Pacheco,0.0,0.0,4.346984231603219,0.0,False
Brazil.regions.PI:Simplício Mendes,7.792738275340393,0.0,49.90006833380246,0.0,False
Brazil.regions.PI:São João da Canabrava,0.0,0.0,7.395237243681447,0.0,False
Brazil.regions.PI:Vera Mendes,0.8,0.0,47.83099306637506,0.0,False
Brazil.regions.PR:Campo Bonito,0.32727272727272727,0.0,17.04726771097535,0.0,False
Brazil.regions.PR:Céu Azul,1.5090057636887608,0.0,14.132960322906218,0.0,False
Brazil.regions.PR:Guaraniaçu,10.006792729943088,0.0,170.96843227365355,0.0,False
Brazil.regions.RN:Fernando Pedroza,2.6483180428134556,0.0,23.96211423885361,0.0,False
Brazil.regions.RN:Paraú,0.8056265984654732,0.0,22.947533802119825,0.0,False
Brazil.regions.RN:Santana do Matos,0.6666666666666666,0.0,4.346910737301244,0.0,False
Brazil.regions.RO:Novo Horizonte do Oeste,1.7345971563981044,0.0,28.699973751749766,0.0,False
Brazil.regions.RO:Presidente Médici,0.0,0.0,9.039112774460575,0.0,False
Brazil.regions.RO:São Felipe D'Oeste,0.959079283887468,0.0,13.347758928581205,0.0,False
Brazil.regions.RS:Candiota,2.409942363112392,0.0,38.349095786834106,0.0,False
Brazil.regions.RS:Dom Feliciano,0.7715582450832073,0.0,18.85657223503275,0.0,False
Brazil.regions.RS:Floriano Peixoto,1.041902604756512,0.0,152.12763815548035,0.0,False
Brazil.regions.RS:Guabiju,0.0,0.0,52.227447822523764,0.0,False
Brazil.regions.RS:Nicolau Vergueiro,5.673758865248228,0.0,44.7034983251205,0.0,False
Brazil.regions.SC:Rancho Queimado,18.489645958583836,0.0,231.55865967892183,0.0,False
Brazil.regions.SC:Rio Rufino,10.351625547613558,0.0,124.90490356702867,0.0,False
Brazil.regions.SC:Santa Rosa de Lima,0.9166666666666666,0.0,75.17408489385265,0.0,False
Brazil.regions.SP:Anhembi,1.6350710900473935,0.0,23.313790602050933,0.0,False
Brazil.regions.SP:Avaí,3.4217456734386755,0.0,43.02830643986031,0.0,False
Brazil.regions.SP:Magda,0.6,0.0,36.992341461557544,0.0,False
Brazil.regions.SP:São Pedro do Turvo,1.030267753201397,0.0,11.425974462904904,0.0,False
Brazil.regions.SP:Tapiraí,2.8477546549835706,0.0,33.21866393786726,0.0,False
Brazil.regions.TO:Fátima,0.7338444687842279,0.0,13.3441696858381,0.0,False
Brazil.regions.TO:Nova Rosalândia,0.959079283887468,0.0,13.040752150779758,0.0,False
Brazil.regions.TO:Palmeiras do Tocantins,0.9638554216867471,0.0,13.439797795170003,0.0,False
Brazil.regions.TO:Riachinho,1.0,0.0,28.750898946827007,0.0,False
Brazil.regions.TO:Wanderlândia,5.246445497630332,0.0,26.549886046511443,0.0,False
Brazil.regions.TO:Xambioá,7.288888888888889,0.0,56.393180321148726,0.0,False
United_States_of_America.regions.Alabama:Fayette,12.236438458660679,0.0,225.71133511878966,0.0,False
United_States_of_America.regions.Alabama:Lamar,12.031396125584502,0.0,225.2254757926122,0.0,False
United_States_of_America.regions.Arkansas:Ashley,8.952915766738661,0.0,199.20032876901544,0.0,False
United_States_of_America.regions.Arkansas:Clark,9.050100200400802,0.0,197.52776174487104,0.0,False
United_States_of_America.regions.Arkansas:Clay,11.086607858861267,0.0,178.41021348470457,0.0,False
United_States_of_America.regions.Arkansas:Cross,2.910086840347361,0.0,176.86363270051012,0.0,False
United_States_of_America.regions.Arkansas:Franklin,11.988773055332802,0.0,186.6822488448138,0.0,False
United_States_of_America.regions.Arkansas:Grant,11.138276553106213,0.0,231.95774847383476,0.0,False
United_States_of_America.regions.Arkansas:Izard,6.050521251002406,0.0,132.85667789568006,0.0,False
United_States_of_America.regions.Arkansas:Jackson,7.594972461516736,0.0,116.9797604484137,0.0,False
United_States_of_America.regions.Arkansas:Little River,0.0,0.0,6.1488794370338535,0.0,False
United_States_of_America.regions.Arkansas:Marion,9.629539951573848,0.0,146.0776343548288,0.0,False
United_States_of_America.regions.Arkansas:Polk,14.494321977287909,0.0,259.4896654308871,0.0,False
United_States_of_America.regions.Arkansas:Randolph,7.493653974615897,0.0,201.18625210501443,0.0,False
United_States_of_America.regions.Florida:Franklin,13.903413089373682,0.0,210.21701910084064,0.0,False
United_States_of_America.regions.Florida:Gulf,16.133160537826015,0.0,237.77767698621653,0.0,False
United_States_of_America.regions.Florida:Hamilton,33.3279871692061,0.0,211.86746001566522,0.0,False
United_States_of_America.regions.Georgia:Twiggs,14.401336005344023,0.0,217.93654140796258,0.0,False
United_States_of_America.regions.Georgia:Wheeler,15.138301559792026,0.0,223.87450058764128,0.0,False
United_States_of_America.regions.Idaho:Minidoka,9.860082304526747,0.0,213.56739835057792,0.0,False
United_States_of_America.regions.Idaho:Teton,13.960587842351368,0.0,237.4268917680064,0.0,False
United_States_of_America.regions.Illinois:Alexander,2.570093457943926,0.0,43.051181714827244,0.0,False
United_States_of_America.regions.Illinois:Clay,5.92128801431127,0.0,98.10515018974529,0.0,False
United_States_of_America.regions.Illinois:Edwards,1.0,0.0,16.9682815056917,0.0,False
United_States_of_America.regions.Illinois:Greene,7.4491525423728815,0.0,127.48093550178335,0.0,False
United_States_of_America.regions.Illinois:Hancock,5.228621675093428,0.0,125.38775586681574,0.0,False
United_States_of_America.regions.Illinois:Hardin,2.983097304705345,0.0,32.914705942709766,0.0,False
United_States_of_America.regions.Illinois:Mason,6.321094180282725,0.0,132.39050411194805,0.0,False
United_States_of_America.regions.Illinois:Mercer,8.164697941275733,0.0,175.5271537013084,0.0,False
United_States_of_America.regions.Illinois:Pulaski,13.316001844593037,0.0,299.9754453745162,0.0,False
United_States_of_America.regions.Illinois:Washington,12.695390781563127,0.0,236.5460694801878,0.0,False
United_States_of_America.regions.Illinois:White,2.3226495726495724,0.0,46.48957552317949,0.0,False
United_States_of_America.regions.Indiana:Pulaski,11.388331996792301,0.0,78.79197445345953,0.0,False
United_States_of_America.regions.Iowa:Butler,12.421509686038744,0.0,236.7772964158887,0.0,False
United_States_of_America.regions.Iowa:Cass,7.442451631125549,0.0,113.98216335359825,0.0,False
United_States_of_America.regions.Iowa:Chickasaw,8.536888532477946,0.0,152.26225439919574,0.0,False
United_States_of_America.regions.Iowa:Clay,11.838910505836576,0.0,216.95458007476842,0.0,False
United_States_of_America.regions.Iowa:Emmet,0.25,0.0,4.438045414263147,0.0,False
United_States_of_America.regions.Iowa:Fayette,6.1750167000668,0.0,219.08380824450362,0.0,False
United_States_of_America.regions.Iowa:Grundy,6.384248210023866,0.0,122.38412145491304,0.0,False
United_States_of_America.regions.Iowa:Hamilton,7.841802492809206,0.0,154.05025316267867,0.0,False
United_States_of_America.regions.Iowa:Hardin,12.645958583834338,0.0,246.03010064292923,0.0,False
United_States_of_America.regions.Iowa:Iowa,4.758450233800935,0.0,173.24301476641685,0.0,False
United_States_of_America.regions.Iowa:Mitchell,14.401101571359144,0.0,218.94237790292803,0.0,False
United_States_of_America.regions.Iowa:Montgomery,17.92117568470274,0.0,266.9575334360073,0.0,False
United_States_of_America.regions.Iowa:O'Brien,5.304252446844416,0.0,150.10949297283776,0.0,False
United_States_of_America.regions.Iowa:Page,13.584235136940546,0.0,246.548301789261,0.0,False
United_States_of_America.regions.Iowa:Plymouth,24.18420126671358,0.0,67.6628977370491,0.0,False
United_States_of_America.regions.Iowa:Winnebago,10.176423416198878,0.0,161.95612941061643,0.0,False
United_States_of_America.regions.Iowa:Winneshiek,9.118904475617901,0.0,235.33793361055424,0.0,False
United_States_of_America.regions.Iowa:Wright,15.18236472945892,0.0,250.47235138019448,0.0,False
United_States_of_America.regions.Kansas:Dickinson,6.037567084078712,0.0,103.05850515820038,0.0,False
United_States_of_America.regions.Kansas:Ellis,5.815196639938908,0.0,113.8868819975058,0.0,False
United_States_of_America.regions.Kansas:McPherson,7.143887775551103,0.0,218.4852248154331,0.0,False
United_States_of_America.regions.Kansas:Neosho,18.295257181028724,0.0,278.90224780500023,0.0,False
United_States_of_America.regions.Kansas:Osage,15.50981963927856,0.0,260.98513281466165,0.0,False
United_States_of_America.regions.Kansas:Pottawatomie,8.673346693386774,0.0,242.37952139617647,0.0,False
United_States_of_America.regions.Kentucky:Breathitt,17.853440213760855,0.0,271.4821342398334,0.0,False
United_States_of_America.regions.Kentucky:Fulton,3.3026236731423992,0.0,44.62236504912551,0.0,False
United_States_of_America.regions.Kentucky:Leslie,10.43720038350911,0.0,166.08274329012812,0.0,False
United_States_of_America.regions.Kentucky:Lewis,14.81785457163427,0.0,241.00539695240036,0.0,False
United_States_of_America.regions.Kentucky:Livingston,3.6612999403697084,0.0,57.15588511322082,0.0,False
United_States_of_America.regions.Kentucky:Owsley,7.307609860664523,0.0,91.33873489500665,0.0,False
United_States_of_America.regions.Louisiana:LaSalle,3.797728790915164,0.0,140.34267868115822,0.0,False
United_States_of_America.regions.Minnesota:Pennington,2.7866605756052993,0.0,48.50884598096382,0.0,False
United_States_of_America.regions.Minnesota:Sibley,17.6499665998664,0.0,273.538834187587,0.0,False
United_States_of_America.regions.Minnesota:Todd,21.200964630225084,0.0,36.853854025271524,0.0,False
United_States_of_America.regions.Minnesota:Wadena,0.5896226415094339,0.0,19.68723958058674,0.0,False
United_States_of_America.regions.Minnesota:Watonwan,3.112981668537224,0.0,102.38559872497991,0.0,False
United_States_of_America.regions.Mississippi:Wayne,7.768309146135674,0.0,125.98669560870967,0.0,False
United_States_of_America.regions.Mississippi:Winston,16.170875083500334,0.0,106.15981593581702,0.0,False
United_States_of_America.regions.Missouri:Benton,14.41683366733467,0.0,261.01975791163005,0.0,False
United_States_of_America.regions.Missouri:Gasconade,15.170014579620927,0.0,231.4199242674009,0.0,False
United_States_of_America.regions.Missouri:Livingston,16.010475121586232,0.0,247.8120767907678,0.0,False
United_States_of_America.regions.Missouri:Madison,11.764234161988774,0.0,180.28563418938586,0.0,False
United_States_of_America.regions.Missouri:Montgomery,14.847561790247163,0.0,235.68059483977282,0.0,False
United_States_of_America.regions.Missouri:Nodaway,11.102625298329356,0.0,198.03527592640816,0.0,False
United_States_of_America.regions.Missouri:Osage,13.921661054994388,0.0,229.1398421986903,0.0,False
United_States_of_America.regions.Missouri:Saline,158.79152005629834,0.0,540.8112879875076,0.0,False
United_States_of_America.regions.Missouri:Vernon,7.513949734839751,0.0,142.32928076829197,0.0,False
United_States_of_America.regions.Missouri:Wright,13.628724114896459,0.0,242.56871688835218,0.0,False
United_States_of_America.regions.Nebraska:Otoe,13.890482618967264,0.0,219.61413581197073,0.0,False
United_States_of_America.regions.Nebraska:York,4.525252525252525,0.0,149.75439558444654,0.0,False
United_States_of_America.regions.North Carolina:Graham,1.54874213836478,0.0,26.394430818616847,0.0,False
United_States_of_America.regions.North Carolina:Swain,1.9181739879414297,0.0,15.103889544778253,0.0,False
United_States_of_America.regions.Oklahoma:Beckham,13.875794986906097,0.0,242.87746182015013,0.0,False
United_States_of_America.regions.Oklahoma:Custer,12.360053440213761,0.0,262.32398100586454,0.0,False
United_States_of_America.regions.Oklahoma:Haskell,2.024429102496017,0.0,43.96099605377836,0.0,False
United_States_of_America.regions.Oklahoma:Jackson,10.947227788911155,0.0,252.81391830884516,0.0,False
United_States_of_America.regions.Oregon:Tillamook,15.287374749499,0.0,271.55425859504953,0.0,False
United_States_of_America.regions.South Dakota:Hughes,11.1937207748831,0.0,238.84961901975933,0.0,False
United_States_of_America.regions.South Dakota:Lake,12.420688491393857,0.0,203.8972531088652,0.0,False
United_States_of_America.regions.Tennessee:Wayne,15.320763187429854,0.0,180.16338266955856,0.0,False
United_States_of_America.regions.Texas:Bandera,6.963569287525939,0.0,138.45176795248716,0.0,False
United_States_of_America.regions.Texas:Burleson,9.324090121317159,0.0,214.01618218446063,0.0,False
United_States_of_America.regions.Texas:Colorado,7.827798477239591,0.0,187.108775145256,0.0,False
United_States_of_America.regions.Texas:Falls,16.889111556446228,0.0,271.76535424643663,0.0,False
United_States_of_America.regions.Texas:Freestone,3.5618597320724983,0.0,72.87706421116256,0.0,False
United_States_of_America.regions.Texas:Gillespie,13.363651704353694,0.0,224.02338331673266,0.0,False
United_States_of_America.regions.Texas:Hutchinson,3.8795667339820086,0.0,135.05462947788263,0.0,False
United_States_of_America.regions.Texas:Jones,55.93251264014071,0.0,173.03936356314804,0.0,False
United_States_of_America.regions.Texas:Lampasas,10.53835327234342,0.0,201.44593229801998,0.0,False
United_States_of_America.regions.Texas:Lee,12.954269321633477,0.0,214.94012939885675,0.0,False
United_States_of_America.regions.Texas:Llano,17.544154976619907,0.0,278.5452326709179,0.0,False
United_States_of_America.regions.Texas:Marion,8.131508678237651,0.0,74.22746244003733,0.0,False
United_States_of_America.regions.Texas:Tyler,9.470534239030659,0.0,185.54371825757624,0.0,False
United_States_of_America.regions.Virginia:Charlotte,8.051220855516798,0.0,140.44517662881432,0.0,False
United_States_of_America.regions.Virginia:Lunenburg,8.25660931598825,0.0,146.4144815796723,0.0,False
United_States_of_America.regions.Virginia:Rappahannock,6.687998321443559,0.0,99.33996754987355,0.0,False
United_States_of_America.regions.West Virginia:Braxton,10.383600791382722,0.0,161.5776265554744,0.0,False
United_States_of_America.regions.West Virginia:Calhoun,2.2266401590457257,0.0,32.1488782582505,0.0,False
United_States_of_America.regions.West Virginia:Clay,1.1385199240986716,0.0,18.113826392858986,0.0,False
United_States_of_America.regions.West Virginia:Gilmer,2.646788990825688,0.0,30.395448867157626,0.0,False
United_States_of_America.regions.West Virginia:Grant,5.982047159699892,0.0,104.22001577988512,0.0,False
United_States_of_America.regions.West Virginia:Hardy,5.5455252918287945,0.0,165.18971007558332,0.0,False
United_States_of_America.regions.West Virginia:Monroe,5.682830596919944,0.0,101.91480399474408,0.0,False
United_States_of_America.regions.West Virginia:Roane,12.515151515151514,0.0,219.73658482346178,0.0,False
United_States_of_America.regions.West Virginia:Wirt,16.401727861771057,0.0,227.01936323356568,0.0,False
United_States_of_America.regions.Wisconsin:Crawford,6.572169123602785,0.0,179.3783280515075,0.0,False
United_States_of_America.regions.Wisconsin:Iowa,13.330661322645293,0.0,259.848620023523,0.0,False
United_States_of_America.regions.Wisconsin:Lafayette,4.093159882501048,0.0,130.52274809949083,0.0,False
United_States_of_America.regions.Wisconsin:Lincoln,1.2676794133053957,0.0,38.27426067649144,0.0,False
United_States_of_America.regions.Wisconsin:Vilas,16.623246492985974,0.0,274.47138833040407,0.0,False
Brazil.regions.AM:Eirunepé,18.94709271870089,0.0,22.111815895936726,0.0,False
Brazil.regions.BA:São Desidério,2.9047619047619047,0.0,3.026415459767967,0.0,False
Brazil.regions.MS:Ribas do Rio Pardo,6.3171355498721224,0.0,8.635673141891978,0.0,False
Brazil.regions.MT:Peixoto de Azevedo,7.993713986380303,0.0,13.237226725663822,0.0,False
Brazil.regions.MT:Poconé,1.6525157232704402,0.0,41.957497648947076,0.0,False
Brazil.regions.MT:São Félix do Araguaia,0.0,0.0,5.764983213365966,0.0,False
Brazil.regions.MT:Vila Bela da Santíssima Trindade,2.517131110095934,0.0,47.89322191953643,0.0,False
Brazil.regions.PA:Ourilândia do Norte,15.122577265584075,0.0,19.42054311908306,0.0,False
Brazil.regions.PA:Prainha,0.9476165531691985,0.0,31.376804751291797,0.0,False
Brazil.regions.RR:Iracema,0.9,1.0,2.781020106428192,8.368200836820085,False
Brazil.regions.TO:Formoso do Araguaia,1.4578005115089514,0.0,11.003175201986858,0.0,False
United_States_of_America.regions.Alaska:Kodiak Island Borough,5.605807743658212,0.0,86.81019601350515,0.0,False
United_States_of_America.regions.California:Siskiyou,15.925985303941216,0.0,281.3108440323224,0.0,False
United_States_of_America.regions.Idaho:Owyhee,12.691288696904248,0.0,215.13667611011365,0.0,False
United_States_of_America.regions.Maine:Aroostook,10.804011259676283,0.0,218.93954540256874,0.0,False
United_States_of_America.regions.Montana:Beaverhead,14.140811455847256,0.0,206.0280924391453,0.0,False
United_States_of_America.regions.Nebraska:Cherry,14.140811455847256,0.0,199.295642626816,0.0,False
United_States_of_America.regions.Nevada:Lander,10.721790772042027,0.0,208.83224709722228,0.0,False
United_States_of_America.regions.New Mexico:Rio Arriba,4.401336005344022,0.0,244.04797465498254,0.0,False
United_States_of_America.regions.Oregon:Klamath,2.6045424181696726,0.0,260.0898823889477,0.0,False
United_States_of_America.regions.Texas:Brewster,2.15295966474594,0.0,34.24069714571349,0.0,False
United_States_of_America.regions.Utah:Garfield,17.43500866551127,0.0,236.94211515816906,0.0,False
United_States_of_America.regions.Utah:Millard,11.263282899366642,0.0,188.04004954331734,0.0,False
United_States_of_America.regions.Utah:Tooele,24.48056112224449,0.0,230.06455273066277,0.0,False
United_States_of_America.regions.Wyoming:Carbon,16.150300601202403,0.0,262.8732261207512,0.0,False
United_States_of_America.regions.Wyoming:Natrona,21.91796927187709,0.0,239.1870782914485,0.0,False
United_States_of_America.regions.Wyoming:Park,19.425517702070806,0.0,288.7851923020689,0.0,False
Cambodia,14.275885103540414,0.0,292.1687135810003,0.0,False
Brazil.regions.RS:Cachoeirinha,4.31828793774319,0.0,238.3039402089285,0.0,False
Brazil.regions.SP:Salto,3.82763323541754,0.0,175.77868282483718,0.0,False
Brazil.regions.AL:Barra de Santo Antônio,2.2423764458464777,0.0,44.85854885958068,0.0,False
Brazil.regions.AL:Coité do Nóia,0.23001095290251916,0.0,10.832963483818178,0.0,False
Brazil.regions.BA:Santo Amaro,0.5383290267011197,0.0,41.00357358184119,0.0,False
Brazil.regions.MG:Cambuí,3.8087409783480357,0.0,141.91426743717713,0.0,False
Brazil.regions.MG:Lagoa da Prata,8.941082164328657,0.0,261.7924536673279,0.0,False
Brazil.regions.MG:Santa Rita do Sapucaí,2.2322274881516586,0.0,43.92913234395375,0.0,False
Brazil.regions.PB:Matinhas,1.4190871369294604,0.0,17.561147420638456,0.0,False
Brazil.regions.PB:Pilar,8.402304871660554,0.0,52.28539777260389,0.0,False
Brazil.regions.PB:Riachão do Bacamarte,9.167579408543265,0.0,220.3459035901999,0.0,False
Brazil.regions.PR:Francisco Beltrão,11.388326848249028,0.0,247.4053201269886,0.0,False
Brazil.regions.PR:Toledo,9.880193449109695,0.0,172.9937140766819,0.0,False
Brazil.regions.RS:Bom Retiro do Sul,3.42979017754208,0.0,80.23987747341542,0.0,False
Brazil.regions.RS:Ijuí,1.9478672985781993,0.0,40.51208667657839,0.0,False
Brazil.regions.SC:Maracajá,2.036163522012578,0.0,29.915619913381107,0.0,False
Brazil.regions.SE:Moita Bonita,0.7447973713033954,0.0,18.902086262535253,0.0,False
Brazil.regions.SP:Cachoeira Paulista,13.801556420233464,0.0,242.47592664088788,0.0,False
Brazil.regions.SP:Capela do Alto,4.942896299680219,0.0,24.82641764679932,0.0,False
Brazil.regions.SP:Ibaté,1.9539025667888952,0.0,30.55891191773384,0.0,False
Brazil.regions.SP:Santa Cruz das Palmeiras,1.3195020746887967,0.0,34.24487862105868,0.0,False
United_States_of_America.regions.Kentucky:Jessamine,14.544154976619904,0.0,227.7065979619719,0.0,False
Bhutan,15.63861055444222,0.0,291.5760169306323,0.0,False
Uganda,59.04849699398797,0.0,292.0245326676365,0.0,False
New_Caledonia,11.573012692050769,0.0,286.0070132682356,0.0,False
Namibia,11.094188376753507,0.0,291.6111874067762,0.0,False
Brazil.regions.BA:Abaré,0.0,0.0,9.327559591040359,0.0,False
Brazil.regions.BA:Anagé,0.0,0.9523809523809524,9.76172992287161,4.3280206879388885,False
Brazil.regions.BA:Boquira,1.0,0.0,9.4777922072048,0.0,False
Brazil.regions.BA:Caetanos,1.4446653412856194,0.0,35.605413882136006,0.0,False
Brazil.regions.BA:Cristópolis,1.3333333333333333,0.0,2.468351110603727,0.0,False
Brazil.regions.BA:Ibotirama,12.730553327987169,0.0,192.92999131439535,0.0,False
Brazil.regions.BA:Jaguarari,1.1124213836477987,0.0,41.356371784783455,0.0,False
Brazil.regions.BA:Licínio de Almeida,1.5404837013669823,0.0,32.515177470149816,0.0,False
Brazil.regions.BA:Monte Santo,0.0,0.0,12.282597474662296,0.0,False
Brazil.regions.BA:Palmeiras,13.44678811121764,0.0,195.59023776870342,0.0,False
Brazil.regions.BA:Pau Brasil,2.6949941792782304,0.0,20.5748632348551,0.0,False
Brazil.regions.BA:Queimadas,0.8095238095238095,0.0,7.192963982469875,0.0,False
Brazil.regions.BA:Ruy Barbosa,0.10714285714285714,0.0,10.713165154836645,0.0,False
Brazil.regions.BA:Santa Luzia,9.17339174544616,0.0,145.1063895769832,0.0,False
Brazil.regions.BA:Santa Teresinha,5.287119856887299,0.0,87.50280171293365,0.0,False
Brazil.regions.BA:Serra do Ramalho,7.321811361200429,0.0,126.47658257051785,0.0,False
Brazil.regions.BA:Una,3.5047704233750747,0.0,89.04323947941896,0.0,False
Brazil.regions.CE:Catunda,0.8214676889375685,0.0,8.738791569557632,0.0,False
Brazil.regions.CE:Choró,11.489296636085626,0.0,60.327903694741295,0.0,False
Brazil.regions.CE:Ipaporanga,9.367522871217453,0.0,170.73800107911626,0.0,False
Brazil.regions.CE:Potiretama,0.8331664330062086,0.0,12.641470786749007,0.0,False
Brazil.regions.CE:Tamboril,4.780380673499268,0.0,13.766757563815215,0.0,False
Brazil.regions.GO:Avelinópolis,1.6680497925311202,0.0,15.099883130296313,0.0,False
Brazil.regions.GO:Caldazinha,0.0,0.0,11.981966125560172,0.0,False
Brazil.regions.GO:Campestre de Goiás,16.133160537826015,0.0,218.53957530442267,0.0,False
Brazil.regions.GO:Campinorte,2.2904869762174407,0.0,42.06498060001511,0.0,False
Brazil.regions.GO:Indiara,0.0,0.0,7.900412102577245,0.0,False
Brazil.regions.GO:Morrinhos,6.914132379248658,0.0,111.05327318926717,0.0,False
Brazil.regions.GO:Vianópolis,12.005874947545111,0.0,178.85057341509588,0.0,False
Brazil.regions.MA:Aldeias Altas,1.4457831325301205,0.0,38.67231335025717,0.0,False
Brazil.regions.MA:Amapá do Maranhão,1.2738589211618259,0.0,18.19584728205757,0.0,False
Brazil.regions.MA:Bacurituba,0.7142857142857143,0.0,16.067443576013577,0.0,False
Brazil.regions.MA:Belágua,9.460358056265985,0.0,124.86422915493172,0.0,False
Brazil.regions.MA:Bom Jesus das Selvas,10.332068311195448,0.0,7.797829096855227,0.0,False
Brazil.regions.MA:Buriti Bravo,0.546142208774584,0.0,15.640193070214522,0.0,False
Brazil.regions.MA:Centro do Guilherme,4.759590792838875,0.0,21.896357930771742,0.0,False
Brazil.regions.MA:Cândido Mendes,11.396778916544656,0.0,30.08692259785364,0.0,False
Brazil.regions.MA:Estreito,37.57455268389662,0.0,52.7490270300983,0.0,False
Brazil.regions.MA:Godofredo Viana,4.583333333333333,0.0,32.93416761474122,0.0,False
Brazil.regions.MA:Itaipava do Grajaú,1.0,0.0,1.8505248157872494,0.0,False
Brazil.regions.MA:Lagoa Grande do Maranhão,0.0,0.0,5.529602584298191,0.0,False
Brazil.regions.MA:Luís Domingues,2.975103734439834,0.0,43.01524743435636,0.0,False
Brazil.regions.MA:Milagres do Maranhão,0.8547008547008547,0.0,10.309756394157278,0.0,False
Brazil.regions.MA:Paulino Neves,3.2369668246445507,0.0,16.26072971680005,0.0,False
Brazil.regions.MA:Pedro do Rosário,3.7571157495256164,0.0,13.653456974698553,0.0,False
Brazil.regions.MA:Santa Filomena do Maranhão,0.0,0.0,1.4411059742953096,0.0,False
Brazil.regions.MA:Santana do Maranhão,1.1125319693094629,0.0,15.409058371217931,0.0,False
Brazil.regions.MA:São Francisco do Brejão,1.7808607021517553,0.0,36.93616000335591,0.0,False
Brazil.regions.MA:São João do Soter,0.0,0.0,8.913281020173734,0.0,False
Brazil.regions.MA:São Raimundo do Doca Bezerra,8.0,0.0,157.54796330610054,0.0,False
Brazil.regions.MA:Turiaçu,19.531309297912713,0.0,26.342445389107983,0.0,False
Brazil.regions.MA:Vila Nova dos Martírios,6.509090909090909,0.0,38.15929380099392,0.0,False
Brazil.regions.MG:Abaeté,8.19533762057878,0.0,128.03708485444415,0.0,False
Brazil.regions.MG:Alvarenga,1.0,0.0,36.88401984186704,0.0,False
Brazil.regions.MG:Andrelândia,1.4285714285714286,0.0,14.311836120197354,0.0,False
Brazil.regions.MG:Araçuaí,0.0,0.0,11.581949836337438,0.0,False
Brazil.regions.MG:Açucena,0.0,0.0,3.7464895543943477,0.0,False
Brazil.regions.MG:Bocaiúva,0.0,0.0,12.305311292259203,0.0,False
Brazil.regions.MG:Cachoeira Dourada,0.0,0.0,22.840950880795525,0.0,False
Brazil.regions.MG:Catuji,0.43373493975903615,0.0,11.72571006836657,0.0,False
Brazil.regions.MG:Guapé,0.8333333333333334,0.0,1.43613877519457,0.0,False
Brazil.regions.MG:Itacarambi,1.9518542615484713,0.0,36.72094336109166,0.0,False
Brazil.regions.MG:Jequitibá,0.0,0.0,4.884022985381696,0.0,False
Brazil.regions.MG:Medina,2.8139183055975794,0.0,6.929283942764836,0.0,False
Brazil.regions.MG:Nova Ponte,2.7777777777777777,0.0,10.433454256385604,0.0,False
Brazil.regions.MG:Pedra Azul,0.4642857142857143,0.0,8.286230109745697,0.0,False
Brazil.regions.MG:Pedra do Indaiá,0.0,0.0,10.870081990240699,0.0,False
Brazil.regions.MG:Santa Rita de Jacutinga,0.34545454545454546,0.0,5.727253873956955,0.0,False
Brazil.regions.MG:Senador José Bento,0.4243059193294919,0.0,193.06009742126255,0.0,False
Brazil.regions.MG:São João do Paraíso,1.4800759013282732,0.0,31.246283167291086,0.0,False
Brazil.regions.MG:São Sebastião do Rio Preto,0.0,0.0,52.09491077179123,0.0,False
Brazil.regions.MG:Tupaciguara,0.5532276330690827,0.0,37.759511442727884,0.0,False
Brazil.regions.MS:Deodápolis,0.5,0.0,3.86877127824203,0.0,False
Brazil.regions.MT:Curvelândia,0.4074505238649593,0.0,22.664758659841738,0.0,False
Brazil.regions.MT:Nova Olímpia,0.0,0.0,9.380285924306992,0.0,False
Brazil.regions.MT:São José dos Quatro Marcos,8.440201426772974,0.0,156.78516862322937,0.0,False
Brazil.regions.MT:São Pedro da Cipa,0.7115749525616698,0.0,28.140431475574395,0.0,False
Brazil.regions.PA:Cachoeira do Piriá,1.9518542615484713,0.0,39.279822192889625,0.0,False
Brazil.regions.PA:Santa Luzia do Pará,1.288223812621991,0.0,32.86441938445748,0.0,False
Brazil.regions.PB:Belém do Brejo do Cruz,0.0,0.0,0.6858846879750793,0.0,False
Brazil.regions.PB:Boa Vista,0.0,0.0,0.12376616797016915,0.0,False
Brazil.regions.PB:Cajazeirinhas,0.959079283887468,0.0,13.081859417143326,0.0,False
Brazil.regions.PB:Coxixola,1.0362400906002267,0.0,92.49214643011229,0.0,False
Brazil.regions.PB:Quixaba,1.8571428571428572,0.0,131.76454657273004,0.0,False
Brazil.regions.PB:Santa Teresinha,0.2,0.0,13.44709429953196,0.0,False
Brazil.regions.PB:São Mamede,4.333333333333333,0.0,54.74270041762702,0.0,False
Brazil.regions.PE:Afrânio,2.2997416020671837,0.0,42.11365747975602,0.0,False
Brazil.regions.PE:Granito,2.4552683896620278,0.0,36.073324789029066,0.0,False
Brazil.regions.PE:Santa Cruz,1.2486308871851042,0.0,25.674904550593993,0.0,False
Brazil.regions.PE:Santa Maria da Boa Vista,1.4976303317535546,0.0,42.10394721379909,0.0,False
Brazil.regions.PI:Amarante,0.8731082654249127,0.0,28.320143894146884,0.0,False
Brazil.regions.PI:Belém do Piauí,0.0,0.0,13.736473144472873,0.0,False
Brazil.regions.PI:Beneditinos,1.8228404099560762,0.0,30.83014710995133,0.0,False
Brazil.regions.PI:Cocal de Telha,12.570332480818415,0.0,269.0373503105921,0.0,False
Brazil.regions.PI:Fronteiras,1.278772378516624,0.0,10.028776361955432,0.0,False
Brazil.regions.PI:Inhuma,3.6064753004005348,0.0,73.66761392804027,0.0,False
Brazil.regions.PI:Oeiras,17.273700305810397,0.0,20.212963604132536,0.0,False
Brazil.regions.PI:Olho D'Água do Piauí,0.0,0.0,26.360786134377758,0.0,False
Brazil.regions.PI:Regeneração,1.9518542615484713,0.0,36.667320712056444,0.0,False
Brazil.regions.PI:São João do Piauí,2.8863279203771603,0.0,16.725551809456597,0.0,False
Brazil.regions.PI:São Luis do Piauí,1.2486308871851042,0.0,14.862320112487147,0.0,False
Brazil.regions.PI:São Raimundo Nonato,19.55426356589148,0.0,52.815683414434304,0.0,False
Brazil.regions.PI:Vila Nova do Piauí,1.4183474300585555,0.0,24.715444536285464,0.0,False
Brazil.regions.PR:Cafeara,0.5272727272727272,0.0,15.446601138694136,0.0,False
Brazil.regions.PR:Fernandes Pinheiro,0.0,0.0,3.4055026233012367,0.0,False
Brazil.regions.PR:General Carneiro,0.6354009077155824,0.0,12.601548791743085,0.0,False
Brazil.regions.PR:Inácio Martins,1.6680497925311202,0.0,29.18076088397064,0.0,False
Brazil.regions.PR:Leópolis,15.48261896726291,0.0,211.34984873237326,0.0,False
Brazil.regions.PR:Mamborê,1.5714285714285714,0.0,7.187003208908221,0.0,False
Brazil.regions.PR:Mangueirinha,0.9333333333333332,0.0,5.167584432172573,0.0,False
Brazil.regions.PR:Nova Aliança do Ivaí,1.6680497925311202,0.0,26.639289069789378,0.0,False
Brazil.regions.PR:Paula Freitas,0.9333333333333332,0.0,18.61285624400307,0.0,False
Brazil.regions.PR:Pinhão,13.288966403524876,0.0,210.88958546991032,0.0,False
Brazil.regions.PR:Planaltina do Paraná,3.0482675746044463,0.0,112.98851054000431,0.0,False
Brazil.regions.PR:Querência do Norte,3.049437102300539,0.0,6.180352367761624,0.0,False
Brazil.regions.PR:Sertaneja,13.44678811121764,0.0,188.14259101142838,0.0,False
Brazil.regions.PR:São José da Boa Vista,0.959079283887468,0.0,13.586689373497792,0.0,False
Brazil.regions.PR:Tuneiras do Oeste,0.17777777777777776,0.0,4.298043452741286,0.0,False
Brazil.regions.RJ:Santa Maria Madalena,0.904572564612326,0.0,24.91510158267829,0.0,False
Brazil.regions.RN:Angicos,0.0,0.0,5.769358064876213,0.0,False
Brazil.regions.RN:Governador Dix-Sept Rosado,0.6666666666666666,0.0,7.325542660595981,0.0,False
Brazil.regions.RN:Pedra Grande,1.110056925996205,0.0,19.153607670602906,0.0,False
Brazil.regions.RN:Severiano Melo,0.0,0.0,26.67745491216961,0.0,False
Brazil.regions.RN:Upanema,0.605143721633888,0.0,17.387195272835257,0.0,False
Brazil.regions.RO:Jaru,7.0834268612046385,0.0,241.81022447951028,0.0,False
Brazil.regions.RO:Nova Brasilândia D'Oeste,0.9715370018975333,0.0,21.321481442513104,0.0,False
Brazil.regions.RO:Urupá,13.680336487907468,0.0,98.57504015856682,0.0,False
Brazil.regions.RS:Canguçu,17.36083188908146,0.0,278.5884575955904,0.0,False
Brazil.regions.RS:Caseiros,0.959079283887468,0.0,13.068126103427797,0.0,False
Brazil.regions.RS:Chapada,5.295508274231679,0.0,82.56882566042215,0.0,False
Brazil.regions.RS:Condor,0.2,0.0,3.162479368571844,0.0,False
Brazil.regions.RS:Coronel Bicaco,2.4552683896620278,0.0,35.77971642429088,0.0,False
Brazil.regions.RS:Ernestina,1.9584647739221872,0.0,9.67525986226653,0.0,False
Brazil.regions.RS:Gramado dos Loureiros,2.892857142857143,0.0,172.67065636906452,0.0,False
Brazil.regions.RS:Jaguari,2.2997416020671837,0.0,37.98831466362716,0.0,False
Brazil.regions.RS:Pouso Novo,1.6680497925311202,0.0,22.843287761750577,0.0,False
Brazil.regions.RS:Restinga Sêca,2.0555555555555554,0.0,5.5926491019973,0.0,False
Brazil.regions.RS:Sertão,1.2738589211618259,0.0,16.186648998279157,0.0,False
Brazil.regions.RS:Três Forquilhas,0.5892116182572614,0.0,39.879456678826955,0.0,False
Brazil.regions.RS:Victor Graeff,1.002284148012791,0.0,52.5960762565061,0.0,False
Brazil.regions.RS:Vila Lângaro,1.6680497925311202,0.0,16.20759732902666,0.0,False
Brazil.regions.RS:Vista Alegre do Prata,2.3584905660377355,0.0,16.014423702343077,0.0,False
Brazil.regions.RS:Água Santa,0.959079283887468,0.0,12.802913725826793,0.0,False
Brazil.regions.SC:Anita Garibaldi,12.005874947545111,0.0,172.04467257974085,0.0,False
Brazil.regions.SC:Itaiópolis,4.430872720835546,0.0,74.93281842003681,0.0,False
Brazil.regions.SC:Morro Grande,0.0,0.0,20.260042616804313,0.0,False
Brazil.regions.SC:Rio Fortuna,2.0605355064027937,0.0,25.259324225364928,0.0,False
Brazil.regions.SC:Santa Cecília,8.154511900216367,0.0,131.69896223251777,0.0,False
Brazil.regions.SC:São Bernardino,2.2997416020671837,0.0,14.631288578084193,0.0,False
Brazil.regions.SC:São Martinho,0.8613264427217916,0.0,42.20341472329989,0.0,False
Brazil.regions.SC:Vargem Bonita,12.539432176656153,0.0,309.6511456254674,0.0,False
Brazil.regions.SP:Altair,0.0,0.0,9.7323098932541,0.0,False
Brazil.regions.SP:Anhumas,0.0,0.0,9.995184928304104,0.0,False
Brazil.regions.SP:Buri,0.0,0.0,9.275464453337031,0.0,False
Brazil.regions.SP:Cunha,1.4800759013282732,0.0,30.83932462503223,0.0,False
Brazil.regions.SP:Emilianópolis,2.5,0.0,94.59241711646025,0.0,False
Brazil.regions.SP:Guaraçaí,1.095435684647303,0.0,18.1338531354753,0.0,False
Brazil.regions.SP:Iguape,10.444319036869826,0.0,22.37238634695907,0.0,False
Brazil.regions.SP:Itaberá,0.0,0.0,8.610093317570167,0.0,False
Brazil.regions.SP:Macedônia,1.4800759013282732,0.0,17.235129047287685,0.0,False
Brazil.regions.SP:Monteiro Lobato,0.0,0.0,7.185359208005539,0.0,False
Brazil.regions.SP:Populina,1.5293453724604966,0.0,27.42963564181334,0.0,False
Brazil.regions.SP:Presidente Alves,1.217125382262997,0.0,15.68192687165749,0.0,False
Brazil.regions.SP:Ribeirão dos Índios,0.0,0.0,30.63766857951166,0.0,False
Brazil.regions.SP:Rubiácea,0.0,0.0,17.66315781770816,0.0,False
Brazil.regions.SP:Santa Clara d'Oeste,0.0,0.0,32.975172231861116,0.0,False
Brazil.regions.SP:Santa Cruz da Esperança,1.0438116100766703,0.0,61.33238181246744,0.0,False
Brazil.regions.SP:Sete Barras,1.2614107883817427,0.0,23.423999185576267,0.0,False
Brazil.regions.SP:Silveiras,0.2,0.0,3.798326393646633,0.0,False
Brazil.regions.SP:Sud Mennucci,1.2738589211618259,0.0,19.28788259361496,0.0,False
Brazil.regions.SP:Tejupá,0.0,0.0,7.759161682241808,0.0,False
Brazil.regions.SP:Teodoro Sampaio,0.9207161125319693,0.0,15.586089586653848,0.0,False
Brazil.regions.SP:Timburi,2.2322274881516586,0.0,17.564304868311186,0.0,False
Brazil.regions.SP:Águas de Santa Bárbara,0.959079283887468,0.0,13.560918182915016,0.0,False
United_States_of_America.regions.Arizona:Santa Cruz,4.203072812291249,0.0,239.54238309275735,0.0,False
United_States_of_America.regions.Arkansas:Johnson,8.8663431542461,0.0,184.64806651327436,0.0,False
United_States_of_America.regions.Arkansas:Ouachita,10.137360782990212,0.0,205.13603614249936,0.0,False
United_States_of_America.regions.Arkansas:St. Francis,141.96962214739995,0.0,378.32944451550236,0.0,False
United_States_of_America.regions.California:Calaveras,11.778356713426852,0.0,267.1097766598381,0.0,False
United_States_of_America.regions.Florida:Holmes,11.14552936775159,0.0,220.03071102213337,0.0,False
United_States_of_America.regions.Florida:Levy,6.778356713426853,0.0,251.37005202688894,0.0,False
United_States_of_America.regions.Georgia:Berrien,7.469135802469135,0.0,182.87059238735264,0.0,False
United_States_of_America.regions.Georgia:Crawford,7.478427612655802,0.0,118.04714941726859,0.0,False
United_States_of_America.regions.Georgia:Jasper,5.694455577822311,0.0,165.22672975171463,0.0,False
United_States_of_America.regions.Georgia:Lincoln,12.10554442217769,0.0,182.98793109404156,0.0,False
United_States_of_America.regions.Georgia:McIntosh,12.421324354657687,0.0,221.54372598748628,0.0,False
United_States_of_America.regions.Georgia:Montgomery,5.940817105765559,0.0,98.28243606686729,0.0,False
United_States_of_America.regions.Georgia:Treutlen,9.357457898957499,0.0,133.0747957283758,0.0,False
United_States_of_America.regions.Idaho:Gem,10.60440881763527,0.0,222.24053141070183,0.0,False
United_States_of_America.regions.Idaho:Latah,12.453426210918515,0.0,233.32059046382236,0.0,False
United_States_of_America.regions.Illinois:Cass,47.56837606837607,0.0,365.8577688831542,0.0,False
United_States_of_America.regions.Illinois:Clark,12.624167601945379,0.0,225.3055043131392,0.0,False
United_States_of_America.regions.Illinois:Crawford,11.120838009726898,0.0,216.47128659183255,0.0,False
United_States_of_America.regions.Illinois:Cumberland,18.17301269205077,0.0,271.28815900910735,0.0,False
United_States_of_America.regions.Illinois:De Witt,13.071868402533426,0.0,208.44086921345829,0.0,False
United_States_of_America.regions.Illinois:Johnson,3.9877135997740436,0.0,85.26137839853077,0.0,False
United_States_of_America.regions.Illinois:Lawrence,9.825010490977759,0.0,165.1971580432937,0.0,False
United_States_of_America.regions.Illinois:Marshall,16.90113560454242,0.0,261.39763098554164,0.0,False
United_States_of_America.regions.Illinois:Menard,8.16414686825054,0.0,183.72548103943868,0.0,False
United_States_of_America.regions.Illinois:Moultrie,11.367701653729329,0.0,200.2856106060986,0.0,False
United_States_of_America.regions.Illinois:Piatt,11.138204522443472,0.0,192.34612761882084,0.0,False
United_States_of_America.regions.Illinois:Putnam,0.3,0.0,8.345878325170673,0.0,False
United_States_of_America.regions.Illinois:Richland,10.239194292908099,0.0,168.2294247146766,0.0,False
United_States_of_America.regions.Illinois:Warren,70.39175257731958,0.0,334.87574759736685,0.0,False
United_States_of_America.regions.Indiana:Martin,10.075454378557005,0.0,155.0719461954433,0.0,False
United_States_of_America.regions.Indiana:Parke,6.124384236453202,0.0,141.16777797865336,0.0,False
United_States_of_America.regions.Indiana:Pike,6.701232583065379,0.0,111.84761558983729,0.0,False
United_States_of_America.regions.Iowa:Buchanan,6.347628590514362,0.0,217.2257947067809,0.0,False
United_States_of_America.regions.Iowa:Buena Vista,23.10008392782207,0.0,64.17597572785047,0.0,False
United_States_of_America.regions.Iowa:Carroll,19.002672010688045,0.0,285.1545373554388,0.0,False
United_States_of_America.regions.Iowa:Jackson,12.856041900486343,0.0,233.78397004786353,0.0,False
United_States_of_America.regions.Iowa:Jefferson,10.309652379345257,0.0,197.12341098243462,0.0,False
United_States_of_America.regions.Iowa:Jones,6.054171343060232,0.0,151.69792034069502,0.0,False
United_States_of_America.regions.Iowa:Mills,9.584174775105561,0.0,179.82974636857884,0.0,False
United_States_of_America.regions.Iowa:Union,9.32324455205811,0.0,141.39633428337646,0.0,False
United_States_of_America.regions.Kansas:Atchison,9.171717171717171,0.0,200.0783076824204,0.0,False
United_States_of_America.regions.Kansas:Cherokee,14.233400133600535,0.0,258.4924831015148,0.0,False
United_States_of_America.regions.Kansas:Jefferson,10.766199064796258,0.0,238.8839947326408,0.0,False
United_States_of_America.regions.Kansas:Labette,9.255252918287939,0.0,173.52605532128248,0.0,False
United_States_of_America.regions.Kentucky:Ballard,6.949879094306442,0.0,102.74100037441346,0.0,False
United_States_of_America.regions.Kentucky:Bracken,13.006585788561525,0.0,196.79576891488472,0.0,False
United_States_of_America.regions.Kentucky:Caldwell,9.87259041674316,0.0,151.0812420196216,0.0,False
United_States_of_America.regions.Kentucky:Casey,6.614490161001789,0.0,105.17793979794804,0.0,False
United_States_of_America.regions.Kentucky:Clay,2.8580012016823555,0.0,56.43262893392379,0.0,False
United_States_of_America.regions.Kentucky:Fleming,8.152984599719993,0.0,129.38076273197873,0.0,False
United_States_of_America.regions.Kentucky:Green,12.024653797733949,0.0,176.90169301846308,0.0,False
United_States_of_America.regions.Kentucky:Knott,6.279750540918925,0.0,116.94117761927458,0.0,False
United_States_of_America.regions.Kentucky:Lawrence,16.562645914396885,0.0,246.45014364414283,0.0,False
United_States_of_America.regions.Kentucky:Magoffin,0.0,0.0,6.083143668889704,0.0,False
United_States_of_America.regions.Kentucky:McCreary,12.205076820307282,0.0,233.03585235118277,0.0,False
United_States_of_America.regions.Kentucky:McLean,5.842761265580058,0.0,95.70881046880069,0.0,False
United_States_of_America.regions.Kentucky:Menifee,17.555778223112895,0.0,248.22936028989122,0.0,False
United_States_of_America.regions.Kentucky:Metcalfe,0.9591194968553459,0.0,24.222518994937282,0.0,False
United_States_of_America.regions.Kentucky:Monroe,9.5503355704698,0.0,159.8497476394695,0.0,False
United_States_of_America.regions.Kentucky:Morgan,8.27438370846731,0.0,125.16702722381591,0.0,False
United_States_of_America.regions.Kentucky:Nicholas,18.77435008665511,0.0,269.1378005367336,0.0,False
United_States_of_America.regions.Kentucky:Ohio,58.323664402423354,0.0,90.4811374348002,0.0,False
United_States_of_America.regions.Kentucky:Owen,2.2759433962264146,0.0,38.116361000331146,0.0,False
United_States_of_America.regions.Kentucky:Todd,6.6478178766261005,0.0,106.48514595358746,0.0,False
United_States_of_America.regions.Kentucky:Trigg,5.386120042872455,0.0,80.55843843017472,0.0,False
United_States_of_America.regions.Kentucky:Union,13.280561122244489,0.0,235.97774408613992,0.0,False
United_States_of_America.regions.Kentucky:Washington,15.289081455805892,0.0,245.31035417891744,0.0,False
United_States_of_America.regions.Kentucky:Webster,3.5524382097528386,0.0,131.96706922180996,0.0,False
United_States_of_America.regions.Kentucky:Wolfe,0.0,0.0,0.33381686806618127,0.0,False
United_States_of_America.regions.Louisiana:West Carroll,7.614274258219726,0.0,138.99939336771263,0.0,False
United_States_of_America.regions.Michigan:Houghton,16.53722409277965,0.0,258.3915159119387,0.0,False
United_States_of_America.regions.Michigan:Ogemaw,9.425651302605209,0.0,238.19500653591723,0.0,False
United_States_of_America.regions.Michigan:Osceola,13.082980935875218,0.0,249.8686902800509,0.0,False
United_States_of_America.regions.Minnesota:Carlton,35.2739299610895,0.0,136.67455498055216,0.0,False
United_States_of_America.regions.Minnesota:Houston,12.960690316395013,0.0,198.6881684148153,0.0,False
United_States_of_America.regions.Minnesota:Lyon,5.6015564202334645,0.0,203.1337325305074,0.0,False
United_States_of_America.regions.Minnesota:Meeker,3.320613542835764,0.0,196.14157466952764,0.0,False
United_States_of_America.regions.Minnesota:Wabasha,12.78009352037408,0.0,251.18972365283804,0.0,False
United_States_of_America.regions.Minnesota:Waseca,16.572745490981966,0.0,271.3205754261841,0.0,False
United_States_of_America.regions.Mississippi:Lawrence,13.679492317969274,0.0,28.67192320850316,0.0,False
United_States_of_America.regions.Mississippi:Stone,9.34084372003835,0.0,128.81280874935288,0.0,False
United_States_of_America.regions.Mississippi:Walthall,5.581696726786908,0.0,136.59981730827164,0.0,False
United_States_of_America.regions.Missouri:Andrew,2.9005981926944124,0.0,99.93793659699153,0.0,False
United_States_of_America.regions.Missouri:Audrain,2.7538553975565794,0.0,57.84140977738821,0.0,False
United_States_of_America.regions.Missouri:Cedar,12.370594837261503,0.0,217.63845969135375,0.0,False
United_States_of_America.regions.Missouri:Cooper,13.519038076152304,0.0,253.09756194423173,0.0,False
United_States_of_America.regions.Missouri:Crawford,12.142162364384586,0.0,234.25516924684123,0.0,False
United_States_of_America.regions.Missouri:Dallas,11.042383550146873,0.0,174.0004515362046,0.0,False
United_States_of_America.regions.Missouri:DeKalb,13.902478535558075,0.0,219.16263766622447,0.0,False
United_States_of_America.regions.Missouri:Howell,12.161660479244008,0.0,223.73217948140677,0.0,False
United_States_of_America.regions.Missouri:McDonald,16.14295257181029,0.0,273.3349516175067,0.0,False
United_States_of_America.regions.Missouri:Mississippi,36.533529123837496,0.0,250.9943200804576,0.0,False
United_States_of_America.regions.Missouri:Moniteau,10.7937207748831,0.0,114.08808798366825,0.0,False
United_States_of_America.regions.Missouri:Morgan,13.579498690609801,0.0,240.19523057869128,0.0,False
United_States_of_America.regions.Missouri:Perry,18.758851035404142,0.0,155.02646597143394,0.0,False
United_States_of_America.regions.Missouri:Ray,11.851703406813627,0.0,247.47486339598078,0.0,False
United_States_of_America.regions.Missouri:Stoddard,6.202271209084838,0.0,211.0324345494223,0.0,False
United_States_of_America.regions.North Carolina:Gates,8.38255146810665,0.0,159.08545458212586,0.0,False
United_States_of_America.regions.North Carolina:Pamlico,12.944564434845214,0.0,217.96929719346284,0.0,False
United_States_of_America.regions.Ohio:Harrison,2.555555555555556,0.0,61.52046378383428,0.0,False
United_States_of_America.regions.Ohio:Morgan,9.450481154771452,0.0,166.59765092872888,0.0,False
United_States_of_America.regions.Ohio:Noble,6.813465529167628,0.0,126.84399347937882,0.0,False
United_States_of_America.regions.Ohio:Vinton,9.481918238993709,0.0,50.083675943597605,0.0,False
United_States_of_America.regions.Oklahoma:Murray,8.951573849878935,0.0,140.02407242694377,0.0,False
United_States_of_America.regions.Pennsylvania:Clinton,14.922061928219563,0.0,148.373223241232,0.0,False
United_States_of_America.regions.South Carolina:Bamberg,7.98988326848249,0.0,170.97180811677904,0.0,False
United_States_of_America.regions.South Dakota:Clay,11.733477321814252,0.0,216.7693696522361,0.0,False
United_States_of_America.regions.South Dakota:Codington,11.411489645958582,0.0,244.32034489727616,0.0,False
United_States_of_America.regions.South Dakota:Lawrence,14.38891115564462,0.0,258.46755493608896,0.0,False
United_States_of_America.regions.South Dakota:Union,12.080828323313293,0.0,90.88574453810158,0.0,False
United_States_of_America.regions.Tennessee:Clay,12.245261623197795,0.0,179.42295357847203,0.0,False
United_States_of_America.regions.Tennessee:Decatur,8.319410859529569,0.0,138.83814206954233,0.0,False
United_States_of_America.regions.Tennessee:Fentress,13.687242798353907,0.0,237.98185319723711,0.0,False
United_States_of_America.regions.Tennessee:Hancock,0.0,0.0,0.7995885360614405,0.0,False
United_States_of_America.regions.Tennessee:Hardeman,53.5375389948007,0.0,152.44345028822752,0.0,False
United_States_of_America.regions.Tennessee:Hickman,20.881257087315728,0.0,122.80858191356984,0.0,False
United_States_of_America.regions.Tennessee:Houston,16.03486973947896,0.0,238.5828451388626,0.0,False
United_States_of_America.regions.Tennessee:Jackson,10.079817752278098,0.0,169.35445004634352,0.0,False
United_States_of_America.regions.Tennessee:Morgan,12.36741767764298,0.0,245.96554211390907,0.0,False
United_States_of_America.regions.Tennessee:Pickett,0.18181818181818182,0.0,6.0033896984578154,0.0,False
United_States_of_America.regions.Tennessee:Polk,8.263584205197436,0.0,178.25823760759346,0.0,False
United_States_of_America.regions.Tennessee:Scott,12.546426185704744,0.0,248.1341221608024,0.0,False
United_States_of_America.regions.Tennessee:Stewart,10.061318156783551,0.0,169.00109683268556,0.0,False
United_States_of_America.regions.Texas:Bee,7.895361617938009,0.0,157.13821784886926,0.0,False
United_States_of_America.regions.Texas:Franklin,16.63066954643628,0.0,250.34216116817925,0.0,False
United_States_of_America.regions.Texas:Madison,7.839520405810467,0.0,137.81038998876707,0.0,False
United_States_of_America.regions.Texas:Wharton,14.933333333333334,0.0,212.40537923417676,0.0,False
United_States_of_America.regions.Vermont:Orleans,14.146158984635937,0.0,260.4556533420471,0.0,False
United_States_of_America.regions.Virginia:Alleghany,13.70352771778258,0.0,236.19016699240663,0.0,False
United_States_of_America.regions.Virginia:Buchanan,8.01825430130088,0.0,122.51185839002812,0.0,False
United_States_of_America.regions.Virginia:Cumberland,7.126729665879178,0.0,125.86001489469257,0.0,False
United_States_of_America.regions.Virginia:Essex,13.38985313751669,0.0,89.60318772648131,0.0,False
United_States_of_America.regions.Virginia:Floyd,8.593497809545768,0.0,144.8850424186363,0.0,False
United_States_of_America.regions.Virginia:Grayson,10.648584905660377,0.0,45.29997106019637,0.0,False
United_States_of_America.regions.Virginia:Halifax,6.328657314629258,0.0,245.50296217037948,0.0,False
United_States_of_America.regions.Virginia:Nelson,12.870273881095526,0.0,239.39762708774245,0.0,False
United_States_of_America.regions.Virginia:Patrick,1.2517131110095931,0.0,31.1187873123485,0.0,False
United_States_of_America.regions.Virginia:Rockbridge,14.239144956579825,0.0,264.68019059916907,0.0,False
United_States_of_America.regions.West Virginia:Boone,6.421191470652892,0.0,146.0610434547689,0.0,False
United_States_of_America.regions.West Virginia:Greenbrier,14.887374749498996,0.0,275.9115351609806,0.0,False
United_States_of_America.regions.West Virginia:Lewis,10.091218925421012,0.0,173.3856464424274,0.0,False
United_States_of_America.regions.West Virginia:McDowell,8.843579521611414,0.0,153.59088473114926,0.0,False
United_States_of_America.regions.West Virginia:Summers,8.952526409571083,0.0,134.428800807618,0.0,False
United_States_of_America.regions.West Virginia:Tyler,10.17897608057071,0.0,152.8644260936501,0.0,False
United_States_of_America.regions.West Virginia:Wetzel,14.881497480201585,0.0,245.12810803649919,0.0,False
United_States_of_America.regions.West Virginia:Wyoming,11.701636592530424,0.0,179.66881306550113,0.0,False
United_States_of_America.regions.Wisconsin:Oconto,1.715953307392996,0.0,207.88195090019028,0.0,False
United_States_of_America.regions.Wisconsin:Pepin,0.0,0.0,0.5830831670957366,0.0,False
United_States_of_America.regions.Wisconsin:Trempealeau,12.049443131960851,0.0,220.85065300815756,0.0,False
United_States_of_America.regions.Wisconsin:Vernon,2.7633069082672708,0.0,35.63527461839281,0.0,False
United_States_of_America.regions.Wisconsin:Waushara,10.32718524458701,0.0,182.4631370147503,0.0,False
Central_African_Republic,17.7187708750835,0.0,291.4918431630706,0.0,False
Mozambique,41.98864395457582,0.0,291.99895128392683,0.0,False
Sri_Lanka,14.302605210420841,0.0,292.1639445387886,0.0,False
Brazil.regions.MG:Vespasiano,2.3552974163829363,0.0,62.49887765436676,0.0,False
Brazil.regions.PE:Toritama,8.513427516863942,0.0,139.19984274096612,0.0,False
Brazil.regions.RS:Esteio,6.127516778523489,0.0,193.30038676278213,0.0,False
Brazil.regions.AL:Santa Luzia do Norte,10.29445073612684,0.0,138.87721278697254,0.0,False
Brazil.regions.MG:Barroso,0.0,0.0,9.500769617336225,0.0,False
Brazil.regions.MG:Viçosa,1.9787702783897458,0.0,57.22019261291907,0.0,False
Brazil.regions.PE:Camocim de São Félix,2.1267087276551,0.0,24.105129772697637,0.0,False
Brazil.regions.SC:Imbituba,5.428056112224449,0.0,252.66207898322662,0.0,False
Brazil.regions.SC:Içara,12.385437541750168,0.0,276.33600372941356,0.0,False
Brazil.regions.SP:Igaraçu do Tietê,4.985590778097984,0.0,15.658763921106921,0.0,False
Brazil.regions.SP:Tremembé,2.178571428571429,0.0,7.569749338178877,0.0,False
Singapore,94.76793587174349,0.0,290.1676369792737,0.0,False
Brazil.regions.MG:Santa Cruz de Minas,0.6388888888888888,0.0,7.872761934152682,0.0,False
Rwanda,140.65704742818968,0.0,290.90114574508874,0.0,False
Madagascar,105.80093520374082,0.0,291.72991745743457,0.0,False
Papua_New_Guinea,14.385437541750168,0.0,292.1386020462464,0.0,False
Brazil.regions.SP:Jaguariúna,12.1937207748831,0.0,277.891396762881,0.0,False
Laos,10.764729458917836,0.0,291.9556335536354,0.0,False
Mongolia,5.0480961923847705,0.0,291.4260707832291,0.0,False
Brazil.regions.MG:João Monlevade,3.360617938667281,0.0,144.97964516787204,0.0,False
Brazil.regions.MG:São Lourenço,4.618644067796611,0.0,130.5299974119002,0.0,False
United_States_of_America.regions.California:Orange,14.249164996659987,0.0,292.0069782094269,0.0,False
United_States_of_America.regions.Alaska:Yukon-Koyukuk Census Area,15.48261896726291,0.0,217.04959425991242,0.0,False
Brazil.regions.AM:São Sebastião do Uatumã,8.036697247706423,0.0,35.43373018055151,0.0,False
Brazil.regions.AM:Uarini,4.133333333333334,0.0,24.528957101972367,0.0,False
Brazil.regions.BA:Barra,15.645136186770427,0.0,250.3903915427678,0.0,False
Brazil.regions.BA:Cocos,0.0,0.0,8.980487268576457,0.0,False
Brazil.regions.BA:Pilão Arcado,1.9518542615484713,0.0,39.37644484406704,0.0,False
Brazil.regions.BA:Sento Sé,0.0,0.0,11.848182910569745,0.0,False
Brazil.regions.MA:Alto Parnaíba,3.857142857142857,0.0,29.09995074212819,0.0,False
Brazil.regions.MA:Balsas,60.26709401709401,0.0,31.140701759709117,0.0,False
Brazil.regions.MT:Canarana,11.354385228703315,0.0,178.41079290605532,0.0,False
Brazil.regions.MT:Cotriguaçu,0.7715582450832073,0.0,20.280889763237425,0.0,False
Brazil.regions.MT:Nova Ubiratã,1.4,0.0,9.300073142618075,0.0,False
Brazil.regions.MT:Rondolândia,1.0,0.0,35.681351479011504,0.0,False
Brazil.regions.MT:Santo Antônio do Leverger,0.5272727272727272,0.0,15.83544287045595,0.0,False
Brazil.regions.MT:Tangará da Serra,4.947350658116774,0.0,223.34982139575732,0.0,False
Brazil.regions.PA:Anapu,14.269113149847094,0.0,29.710767412909316,0.0,False
Brazil.regions.PA:Faro,0.7715582450832073,0.0,11.443708286408981,0.0,False
Brazil.regions.PA:Trairão,8.571428571428571,0.0,36.098970117015796,0.0,False
Brazil.regions.PA:Uruará,7.247885491216656,0.0,19.800833657153326,0.0,False
Brazil.regions.RO:Nova Mamoré,3.8055555555555554,0.0,4.450184223401101,0.0,False
Brazil.regions.RO:São Francisco do Guaporé,0.0,0.0,9.371778803995559,0.0,False
Brazil.regions.RO:Vilhena,6.833173537871524,0.0,199.05319480172625,0.0,False
Brazil.regions.RR:Mucajaí,6.706170052671181,0.0,23.81818770027256,0.0,False
United_States_of_America.regions.Alaska:Ketchikan Gateway Borough,11.481095524382095,0.0,206.58348196856645,0.0,False
United_States_of_America.regions.Alaska:Prince of Wales-Hyder Census Area,8.043782614229348,0.0,111.88688233472777,0.0,False
United_States_of_America.regions.Arizona:Graham,13.533734134936541,0.0,274.4651470625222,0.0,False
United_States_of_America.regions.Colorado:Las Animas,12.445460942997887,0.0,202.97369329313327,0.0,False
United_States_of_America.regions.Colorado:Moffat,14.726724436741765,0.0,242.66079685301494,0.0,False
United_States_of_America.regions.Idaho:Custer,18.47160988643955,0.0,247.86210480850824,0.0,False
United_States_of_America.regions.Idaho:Lemhi,2.6483180428134556,0.0,39.73543676654883,0.0,False
United_States_of_America.regions.Idaho:Valley,18.440881763527056,0.0,274.78924101491526,0.0,False
United_States_of_America.regions.Maine:Piscataquis,3.532946124574404,0.0,58.89131433004329,0.0,False
United_States_of_America.regions.Montana:Big Horn,6.5290556900726395,0.0,120.68950230571012,0.0,False
United_States_of_America.regions.Nevada:Mineral,1.418359668924003,0.0,28.21057229085657,0.0,False
United_States_of_America.regions.New Mexico:Colfax,7.278072400276689,0.0,122.52666945898481,0.0,False
United_States_of_America.regions.New Mexico:Grant,9.376316215778388,0.0,193.32568951898233,0.0,False
United_States_of_America.regions.New Mexico:Lea,12.051436205744825,0.0,280.39949194069345,0.0,False
United_States_of_America.regions.New Mexico:Lincoln,13.125573710299248,0.0,206.31021015136065,0.0,False
United_States_of_America.regions.New Mexico:San Miguel,17.94054776219105,0.0,283.10042448504174,0.0,False
United_States_of_America.regions.New Mexico:Sierra,2.2997416020671837,0.0,37.93962200512691,0.0,False
United_States_of_America.regions.New Mexico:Union,1.1529051987767585,0.0,23.163444779402873,0.0,False
United_States_of_America.regions.Oregon:Douglas,6.30928523714095,0.0,278.1607083271142,0.0,False
United_States_of_America.regions.Oregon:Grant,19.425517702070806,0.0,278.31973550850387,0.0,False
United_States_of_America.regions.Texas:Pecos,4.175020048115477,0.0,114.63659526747733,0.0,False
United_States_of_America.regions.Utah:Emery,11.34737860661506,0.0,181.47303348417574,0.0,False
United_States_of_America.regions.Utah:Grand,12.8527445460943,0.0,195.95456083920098,0.0,False
United_States_of_America.regions.Utah:Kane,13.606817414782316,0.0,199.20181551033633,0.0,False
United_States_of_America.regions.Utah:Uintah,14.69004676018704,0.0,274.4178368472307,0.0,False
United_States_of_America.regions.Wyoming:Albany,14.066800267201069,0.0,274.29234414477355,0.0,False
United_States_of_America.regions.Wyoming:Campbell,5.661322645290581,0.0,250.09875190362732,0.0,False
United_States_of_America.regions.Wyoming:Converse,7.375597920277297,0.0,163.73700257215626,0.0,False
United_States_of_America.regions.Wyoming:Lincoln,9.049524982406755,0.0,175.1329973928754,0.0,False
United_States_of_America.regions.Wyoming:Sublette,16.907452339688046,0.0,253.73303893104864,0.0,False
Nepal,19.425517702070806,0.0,292.20699342209474,0.0,False
Brazil.regions.PR:Colombo,8.955110220440883,0.0,287.02968626572994,0.0,False
Brazil.regions.MG:Ibirité,3.688176148657248,0.0,135.317048987921,0.0,False
Greenland,13.533600534402137,0.0,273.15140309927995,0.0,False
Russia,80.71008684034737,0.0,292.1455973086187,0.0,False
Brazil.regions.MG:Timóteo,12.818971275885104,0.0,282.6167796333117,0.0,False
United_States_of_America.regions.Virginia:Buena Vista city,9.915728360309641,0.0,138.34780332309032,0.0,False
United_States_of_America.regions.Arizona,14.04876419505678,0.0,292.1140249611055,0.0,False
